2.375140,2.145404,1.842268,1.549310,1.286125,1.056032,0.857829,0.689058,0.547048,0.429273,0.333487,0.257767,0.200521,0.160476,0.136666,0.128396,0.128396,0.128396,0.128396,0.128396,0.128396,0.128396,0.128396,0.128396,0.128396,0.128396,0.128396,0.128396,0.128396,0.128396,0.128396,0.128396,0.128396,0.128396,0.128396,0.128396,0.128396,0.128396,0.128396,0.128396,0.128396,0.128396,0.128396,0.128396,0.128396,0.128396,0.128396,0.128396,0.128396,0.128396,0.128396,0.128396,0.128396,0.128396,0.128396,0.128396,0.128396,0.128396,0.128396,0.128396,0.128396,0.128396,0.128396,0.128396,0.128396,0.128396,0.128396,0.128396,0.128396,0.128396,0.128396,0.128396,0.128396,0.128396,0.128396,0.128396,0.127547,0.125697,0.123055,0.119289,0.114084,0.107543,0.099837,0.090548,0.079832,0.067984,0.055415,0.041809,0.027593,0.013320,-0.000320,-0.012723,-0.023874,-0.033427,-0.041083,-0.046575,-0.049676,-0.050244,-0.048706,-0.045380,-0.040612,-0.034819,-0.028473,-0.022073,-0.016117,-0.011085,-0.007369,-0.005306,-0.005033,-0.006657,-0.010139,-0.015339,-0.022080,-0.030219,-0.039413,-0.049320,-0.059700,-0.070379,-0.081028,-0.091337,-0.101101,-0.110203,-0.118562,-0.125895,-0.131820,-0.136002,-0.138054,-0.137624,-0.134480,-0.128697,-0.120030,-0.108137,-0.092841,-0.074130,-0.052194,-0.027806,-0.001464,0.026304,0.054883,0.083410,0.110871,0.136623,0.160170,0.180681,0.197089,0.209428,0.218208,0.223665,0.225923,0.225765,0.223803,0.219891,0.214610,0.208507,0.202093,0.195806,0.190001,0.184901,0.180591,0.177039,0.174242,0.172159,0.170600,0.169279,0.167885,0.166148,0.163995,0.161432,0.158455,0.155066,0.151338,0.147462,0.143603,0.139856,0.136371,0.133462,0.131325,0.129895,0.129000,0.128543,0.128396,0.128396,0.128396,0.128396,0.128396,0.128396,0.128396,0.128396,0.128396,0.128396,0.128396,0.128396,0.128396,0.128396,0.128396,0.128396,0.128396,0.128396,0.128396,0.128396,0.128396,0.128396,0.128396,0.128396,0.128396,0.128396,0.128396,0.128396,0.128396,0.128396,0.128396,0.128396,0.128396,0.128396,0.128396,0.128396,0.128396,0.128396,0.128396,0.128396,0.128396,0.128396,0.128396,0.128396,0.128396,0.128396,0.128396,0.128396,0.128396,0.128396,0.128396,0.128396,0.128396,0.128396,0.128396,0.128396,0.128396,0.128396,0.128396,0.128396,0.128396,0.107719,0.073648,0.025722,-0.036740,-0.114658,-0.209191,-0.321749,-0.453977,-0.607745,-0.785081,-0.988030,-1.218284,-1.476162,-1.757436,-2.041906,
3.476718,2.741307,2.216197,1.799719,1.456739,1.170639,0.931275,0.731455,0.565693,0.429658,0.319887,0.233613,0.168649,0.123310,0.096350,0.086905,0.086905,0.086905,0.086905,0.086905,0.086905,0.086905,0.086905,0.086905,0.086905,0.086905,0.086905,0.086905,0.086905,0.086905,0.086905,0.086905,0.086905,0.086905,0.086905,0.086905,0.086905,0.086905,0.086905,0.086905,0.086905,0.086905,0.086905,0.086905,0.086905,0.086905,0.086905,0.086905,0.086905,0.086905,0.086905,0.086905,0.086905,0.086905,0.086905,0.086905,0.086905,0.086905,0.086905,0.086905,0.086905,0.086905,0.086905,0.086905,0.086905,0.086905,0.086905,0.086905,0.086905,0.086905,0.086905,0.086905,0.086905,0.086124,0.084296,0.081656,0.077685,0.072192,0.065367,0.056946,0.046718,0.034891,0.021762,0.007052,-0.008933,-0.025735,-0.042780,-0.060259,-0.077641,-0.094299,-0.109493,-0.122607,-0.133676,-0.142449,-0.148739,-0.152401,-0.153336,-0.151521,-0.147520,-0.141786,-0.134791,-0.127061,-0.119154,-0.111602,-0.104910,-0.099457,-0.095600,-0.093541,-0.093397,-0.095313,-0.099265,-0.105079,-0.112529,-0.121410,-0.131313,-0.141820,-0.152649,-0.163624,-0.174431,-0.184760,-0.194431,-0.203359,-0.211492,-0.218557,-0.224134,-0.227841,-0.229236,-0.227913,-0.223589,-0.216304,-0.205769,-0.191596,-0.173575,-0.151683,-0.126128,-0.097753,-0.067157,-0.034989,-0.002003,0.030788,0.062207,0.091459,0.117930,0.140710,0.158674,0.171808,0.180614,0.185366,0.186231,0.184051,0.179622,0.173403,0.166641,0.160035,0.153661,0.148086,0.143712,0.140755,0.139237,0.139011,0.139924,0.141777,0.144187,0.146646,0.148625,0.149651,0.149501,0.148098,0.145404,0.141431,0.136320,0.130372,0.123905,0.117177,0.110517,0.104440,0.099308,0.095181,0.092010,0.089780,0.088349,0.087473,0.087035,0.086905,0.086905,0.086905,0.086905,0.086905,0.086905,0.086905,0.086905,0.086905,0.086905,0.086905,0.086905,0.086905,0.086905,0.086905,0.086905,0.086905,0.086905,0.086905,0.086905,0.086905,0.086905,0.086905,0.086905,0.086905,0.086905,0.086905,0.086905,0.086905,0.086905,0.086905,0.086905,0.086905,0.086905,0.086905,0.086905,0.086905,0.086905,0.086905,0.086905,0.086905,0.086905,0.086905,0.086905,0.086905,0.086905,0.086905,0.086905,0.086905,0.086905,0.086905,0.086905,0.086905,0.086905,0.086905,0.086905,0.086905,0.086905,0.064485,0.027078,-0.025886,-0.095275,-0.182285,-0.288471,-0.415797,-0.566689,-0.744134,-0.951816,-1.194373,-1.477880,-1.811024,-2.208451,-2.702423,
4.091787,3.217583,2.561022,2.047131,1.633486,1.295249,1.016645,0.786845,0.597973,0.444084,0.320593,0.223940,0.151375,0.100816,0.070748,0.060145,0.060145,0.060145,0.060145,0.060145,0.060145,0.060145,0.060145,0.060145,0.060145,0.060145,0.060145,0.060145,0.060145,0.060145,0.060145,0.060145,0.060145,0.060145,0.060145,0.060145,0.060145,0.060145,0.060145,0.060145,0.060145,0.060145,0.060145,0.060145,0.060145,0.060145,0.060145,0.060145,0.060145,0.060145,0.060145,0.060145,0.060145,0.060145,0.060145,0.060145,0.060145,0.060145,0.060145,0.060145,0.060145,0.060145,0.060145,0.060145,0.060145,0.060145,0.060145,0.060145,0.060145,0.060145,0.059716,0.058105,0.055610,0.051831,0.046490,0.039781,0.031247,0.020790,0.008696,-0.005182,-0.020926,-0.038179,-0.056482,-0.075973,-0.096214,-0.116629,-0.136547,-0.156128,-0.174857,-0.192138,-0.207282,-0.219740,-0.229657,-0.236903,-0.241410,-0.243135,-0.242065,-0.238251,-0.232336,-0.224856,-0.216325,-0.207271,-0.198222,-0.189662,-0.182013,-0.175686,-0.171146,-0.168671,-0.168418,-0.170556,-0.175071,-0.181747,-0.190277,-0.200352,-0.211445,-0.223011,-0.234700,-0.246326,-0.257601,-0.268226,-0.278049,-0.287030,-0.295151,-0.302143,-0.307528,-0.310855,-0.311606,-0.309290,-0.303552,-0.294381,-0.281423,-0.264229,-0.242544,-0.216332,-0.185827,-0.151962,-0.115475,-0.077179,-0.038019,0.000773,0.037783,0.072002,0.102648,0.128689,0.148917,0.163279,0.172284,0.176245,0.175388,0.170655,0.162994,0.153029,0.142347,0.131995,0.122662,0.115463,0.110568,0.108030,0.107888,0.109929,0.113881,0.119403,0.125922,0.132690,0.138924,0.143904,0.147191,0.148557,0.147839,0.144966,0.140037,0.133383,0.125406,0.116479,0.107080,0.097906,0.089517,0.082145,0.075880,0.070827,0.066947,0.064096,0.062214,0.061101,0.060479,0.060203,0.060145,0.060145,0.060145,0.060145,0.060145,0.060145,0.060145,0.060145,0.060145,0.060145,0.060145,0.060145,0.060145,0.060145,0.060145,0.060145,0.060145,0.060145,0.060145,0.060145,0.060145,0.060145,0.060145,0.060145,0.060145,0.060145,0.060145,0.060145,0.060145,0.060145,0.060145,0.060145,0.060145,0.060145,0.060145,0.060145,0.060145,0.060145,0.060145,0.060145,0.060145,0.060145,0.060145,0.060145,0.060145,0.060145,0.060145,0.060145,0.060145,0.060145,0.060145,0.060145,0.060145,0.060145,0.060145,0.035991,-0.004725,-0.062679,-0.138916,-0.234902,-0.352570,-0.494409,-0.663577,-0.864086,-1.101096,-1.381427,-1.714496,-2.114174,-2.602683,-3.218714,
4.497340,3.575742,2.848612,2.268635,1.800179,1.418202,1.105083,0.848116,0.637892,0.467286,0.330829,0.224305,0.144477,0.088916,0.055866,0.044151,0.044151,0.044151,0.044151,0.044151,0.044151,0.044151,0.044151,0.044151,0.044151,0.044151,0.044151,0.044151,0.044151,0.044151,0.044151,0.044151,0.044151,0.044151,0.044151,0.044151,0.044151,0.044151,0.044151,0.044151,0.044151,0.044151,0.044151,0.044151,0.044151,0.044151,0.044151,0.044151,0.044151,0.044151,0.044151,0.044151,0.044151,0.044151,0.044151,0.044151,0.044151,0.044151,0.044151,0.044151,0.044151,0.044151,0.044151,0.044151,0.044151,0.044151,0.044151,0.044151,0.043134,0.041501,0.039329,0.035739,0.030797,0.024077,0.015337,0.004803,-0.007952,-0.022958,-0.039851,-0.058673,-0.079417,-0.101589,-0.124616,-0.148513,-0.172752,-0.196641,-0.219417,-0.241177,-0.261372,-0.279357,-0.294391,-0.305887,-0.313992,-0.318613,-0.319734,-0.317382,-0.311621,-0.302578,-0.290993,-0.277550,-0.262840,-0.247560,-0.232386,-0.218086,-0.205334,-0.194753,-0.186984,-0.182448,-0.181371,-0.183971,-0.190241,-0.199908,-0.212500,-0.227490,-0.244080,-0.261439,-0.279026,-0.296543,-0.313656,-0.329986,-0.345328,-0.359583,-0.372672,-0.384214,-0.393552,-0.400067,-0.403046,-0.401819,-0.395883,-0.385123,-0.369070,-0.347197,-0.319212,-0.285092,-0.245144,-0.200481,-0.152098,-0.101111,-0.048824,0.003121,0.052871,0.098993,0.140362,0.175671,0.203520,0.223719,0.236719,0.242781,0.242136,0.235784,0.224853,0.210191,0.193648,0.176581,0.159953,0.145027,0.132204,0.122399,0.116376,0.113280,0.112943,0.115066,0.119044,0.124046,0.129175,0.133592,0.136755,0.138367,0.138183,0.136027,0.131891,0.126010,0.118710,0.110282,0.101133,0.091939,0.083284,0.075414,0.068421,0.062440,0.057486,0.053476,0.050422,0.048176,0.046542,0.045448,0.044740,0.044316,0.044151,0.044151,0.044151,0.044151,0.044151,0.044151,0.044151,0.044151,0.044151,0.044151,0.044151,0.044151,0.044151,0.044151,0.044151,0.044151,0.044151,0.044151,0.044151,0.044151,0.044151,0.044151,0.044151,0.044151,0.044151,0.044151,0.044151,0.044151,0.044151,0.044151,0.044151,0.044151,0.044151,0.044151,0.044151,0.044151,0.044151,0.044151,0.044151,0.044151,0.044151,0.044151,0.044151,0.044151,0.044151,0.044151,0.044151,0.044151,0.044151,0.044151,0.044151,0.044151,0.044151,0.018293,-0.025648,-0.088444,-0.171302,-0.275926,-0.404583,-0.560211,-0.746571,-0.968477,-1.232151,-1.545784,-1.920451,-2.371593,-2.921311,-3.601235,
4.788638,3.846713,3.080662,2.457694,1.949306,1.532894,1.191117,0.910745,0.681640,0.495974,0.347679,0.232052,0.145481,0.085254,0.049417,0.036667,0.036667,0.036667,0.036667,0.036667,0.036667,0.036667,0.036667,0.036667,0.036667,0.036667,0.036667,0.036667,0.036667,0.036667,0.036667,0.036667,0.036667,0.036667,0.036667,0.036667,0.036667,0.036667,0.036667,0.036667,0.036667,0.036667,0.036667,0.036667,0.036667,0.036667,0.036667,0.036667,0.036667,0.036667,0.036667,0.036667,0.036667,0.036667,0.036667,0.036667,0.036667,0.036667,0.036667,0.036667,0.036667,0.036667,0.036667,0.036667,0.036667,0.036474,0.035198,0.033721,0.031378,0.028099,0.023858,0.017843,0.010107,0.000198,-0.012121,-0.026589,-0.043605,-0.063147,-0.084786,-0.108482,-0.134170,-0.161257,-0.189084,-0.217573,-0.246126,-0.273940,-0.300139,-0.324739,-0.347122,-0.366558,-0.382208,-0.393405,-0.400260,-0.402687,-0.400698,-0.394353,-0.383729,-0.369017,-0.351034,-0.330518,-0.308364,-0.285585,-0.263073,-0.241859,-0.222918,-0.207154,-0.195431,-0.188332,-0.186155,-0.189178,-0.197442,-0.210630,-0.228075,-0.248914,-0.271925,-0.295862,-0.319946,-0.343794,-0.367078,-0.389398,-0.410539,-0.430366,-0.448743,-0.465163,-0.478759,-0.488696,-0.494024,-0.493853,-0.487487,-0.474672,-0.454792,-0.427217,-0.391595,-0.347905,-0.296536,-0.238801,-0.175998,-0.109615,-0.041404,0.026463,0.091556,0.151877,0.205858,0.251868,0.288333,0.314977,0.332210,0.340223,0.339207,0.330233,0.314680,0.293736,0.269659,0.244213,0.218733,0.194825,0.173186,0.154826,0.140597,0.130252,0.124584,0.122571,0.123408,0.126149,0.129750,0.133231,0.135947,0.137552,0.137745,0.136273,0.133042,0.128203,0.122002,0.114622,0.106355,0.097806,0.089534,0.081746,0.074484,0.067868,0.061953,0.056698,0.052180,0.048339,0.045065,0.042362,0.040179,0.038585,0.037587,0.036988,0.036705,0.036667,0.036667,0.036667,0.036667,0.036667,0.036667,0.036667,0.036667,0.036667,0.036667,0.036667,0.036667,0.036667,0.036667,0.036667,0.036667,0.036667,0.036667,0.036667,0.036667,0.036667,0.036667,0.036667,0.036667,0.036667,0.036667,0.036667,0.036667,0.036667,0.036667,0.036667,0.036667,0.036667,0.036667,0.036667,0.036667,0.036667,0.036667,0.036667,0.036667,0.036667,0.036667,0.036667,0.036667,0.036667,0.036667,0.036667,0.036667,0.036667,0.036667,0.009151,-0.037884,-0.105290,-0.194415,-0.307157,-0.446054,-0.614390,-0.816366,-1.057330,-1.344115,-1.685527,-2.093022,-2.581604,-3.170799,-3.885072,
5.007472,4.055115,3.266379,2.615437,2.078685,1.636116,1.271441,0.971645,0.726419,0.527619,0.368832,0.245043,0.152375,0.087906,0.049528,0.035839,0.035839,0.035839,0.035839,0.035839,0.035839,0.035839,0.035839,0.035839,0.035839,0.035839,0.035839,0.035839,0.035839,0.035839,0.035839,0.035839,0.035839,0.035839,0.035839,0.035839,0.035839,0.035839,0.035839,0.035839,0.035839,0.035839,0.035839,0.035839,0.035839,0.035839,0.035839,0.035839,0.035839,0.035839,0.035839,0.035839,0.035839,0.035839,0.035839,0.035839,0.035839,0.035839,0.035839,0.035839,0.035839,0.035839,0.035839,0.035654,0.035002,0.034281,0.032387,0.029953,0.026335,0.021484,0.015310,0.006957,-0.003542,-0.016674,-0.032700,-0.051341,-0.072989,-0.097595,-0.124677,-0.154118,-0.185794,-0.218996,-0.252947,-0.287434,-0.321741,-0.354896,-0.385853,-0.414492,-0.440089,-0.461787,-0.478625,-0.489831,-0.495471,-0.495457,-0.489824,-0.478702,-0.462225,-0.440538,-0.414730,-0.385765,-0.354727,-0.322883,-0.291404,-0.261653,-0.235019,-0.212808,-0.196190,-0.185908,-0.182299,-0.185717,-0.196341,-0.213894,-0.237488,-0.265733,-0.296675,-0.328422,-0.359901,-0.390718,-0.420672,-0.449442,-0.476868,-0.502809,-0.527065,-0.548973,-0.567399,-0.581237,-0.589235,-0.590217,-0.583246,-0.567876,-0.543303,-0.508757,-0.463804,-0.408413,-0.343052,-0.269262,-0.188696,-0.103293,-0.015374,0.072198,0.156208,0.233871,0.302998,0.361577,0.407938,0.441872,0.463792,0.473719,0.471685,0.458804,0.436812,0.407425,0.373503,0.337365,0.300824,0.265923,0.233725,0.205511,0.182311,0.163888,0.150890,0.142651,0.139109,0.138797,0.140047,0.141751,0.143174,0.143963,0.143807,0.142434,0.139711,0.135753,0.130756,0.124795,0.118023,0.110933,0.104007,0.097331,0.090810,0.084469,0.078333,0.072352,0.066638,0.061220,0.056073,0.051310,0.047015,0.043389,0.040559,0.038464,0.037132,0.036340,0.035939,0.035839,0.035839,0.035839,0.035839,0.035839,0.035839,0.035839,0.035839,0.035839,0.035839,0.035839,0.035839,0.035839,0.035839,0.035839,0.035839,0.035839,0.035839,0.035839,0.035839,0.035839,0.035839,0.035839,0.035839,0.035839,0.035839,0.035839,0.035839,0.035839,0.035839,0.035839,0.035839,0.035839,0.035839,0.035839,0.035839,0.035839,0.035839,0.035839,0.035839,0.035839,0.035839,0.035839,0.035839,0.035839,0.035839,0.035839,0.035839,0.006725,-0.043234,-0.114958,-0.209901,-0.330115,-0.478335,-0.658086,-0.873847,-1.131260,-1.437409,-1.801195,-2.233771,-2.749010,-3.363797,-4.097740,
5.176313,4.217963,3.415289,2.745855,2.189083,1.727006,1.344472,1.028979,0.770354,0.560395,0.392544,0.261611,0.163557,0.095319,0.054679,0.040160,0.040160,0.040160,0.040160,0.040160,0.040160,0.040160,0.040160,0.040160,0.040160,0.040160,0.040160,0.040160,0.040160,0.040160,0.040160,0.040160,0.040160,0.040160,0.040160,0.040160,0.040160,0.040160,0.040160,0.040160,0.040160,0.040160,0.040160,0.040160,0.040160,0.040160,0.040160,0.040160,0.040160,0.040160,0.040160,0.040160,0.040160,0.040160,0.040160,0.040160,0.040160,0.040160,0.040160,0.040160,0.040160,0.039925,0.038716,0.036270,0.032748,0.028564,0.022709,0.015825,0.007324,-0.002747,-0.014369,-0.028303,-0.044395,-0.063019,-0.084330,-0.107934,-0.134147,-0.162883,-0.193631,-0.226292,-0.260810,-0.296559,-0.332825,-0.369502,-0.405960,-0.441279,-0.474407,-0.505242,-0.533056,-0.556941,-0.575836,-0.588821,-0.595818,-0.596591,-0.590930,-0.578713,-0.560128,-0.535263,-0.505262,-0.471209,-0.434309,-0.396002,-0.357663,-0.320958,-0.287795,-0.260055,-0.239302,-0.226338,-0.221346,-0.224750,-0.237088,-0.258397,-0.287675,-0.322708,-0.360214,-0.397321,-0.432723,-0.466325,-0.498399,-0.528992,-0.558207,-0.586035,-0.612291,-0.636202,-0.656393,-0.671466,-0.679861,-0.680102,-0.670981,-0.651822,-0.621607,-0.579376,-0.524562,-0.457067,-0.377391,-0.287262,-0.188660,-0.083978,0.023851,0.131160,0.233748,0.327798,0.410278,0.478797,0.531925,0.570064,0.593799,0.602797,0.596650,0.576468,0.544567,0.503575,0.457253,0.408638,0.360100,0.314182,0.272372,0.236253,0.207005,0.184353,0.168734,0.159147,0.155016,0.154781,0.157226,0.160806,0.164041,0.166584,0.168135,0.168433,0.167362,0.165060,0.161736,0.157417,0.152169,0.146416,0.140607,0.134720,0.128520,0.121929,0.114935,0.107463,0.099661,0.091654,0.083513,0.075478,0.067797,0.060817,0.054826,0.049891,0.046140,0.043439,0.041728,0.040766,0.040294,0.040160,0.040160,0.040160,0.040160,0.040160,0.040160,0.040160,0.040160,0.040160,0.040160,0.040160,0.040160,0.040160,0.040160,0.040160,0.040160,0.040160,0.040160,0.040160,0.040160,0.040160,0.040160,0.040160,0.040160,0.040160,0.040160,0.040160,0.040160,0.040160,0.040160,0.040160,0.040160,0.040160,0.040160,0.040160,0.040160,0.040160,0.040160,0.040160,0.040160,0.040160,0.040160,0.040160,0.040160,0.040160,0.040160,0.009518,-0.043172,-0.118880,-0.219140,-0.346111,-0.502658,-0.692454,-0.920122,-1.191415,-1.513433,-1.894887,-2.346374,-2.880590,-3.512379,-4.258383,
5.309030,4.347027,3.535425,2.853533,2.282590,1.806078,1.409816,1.081865,0.812324,0.593079,0.417556,0.280499,0.177783,0.106263,0.063651,0.048418,0.048418,0.048418,0.048418,0.048418,0.048418,0.048418,0.048418,0.048418,0.048418,0.048418,0.048418,0.048418,0.048418,0.048418,0.048418,0.048418,0.048418,0.048418,0.048418,0.048418,0.048418,0.048418,0.048418,0.048418,0.048418,0.048418,0.048418,0.048418,0.048418,0.048418,0.048418,0.048418,0.048418,0.048418,0.048418,0.048418,0.048418,0.048418,0.048418,0.048418,0.048418,0.048418,0.048418,0.048208,0.047021,0.044430,0.040386,0.034561,0.027060,0.018366,0.007564,-0.004606,-0.018634,-0.034353,-0.051604,-0.071036,-0.092381,-0.115919,-0.141749,-0.169425,-0.199274,-0.231268,-0.264967,-0.300381,-0.337598,-0.376119,-0.415314,-0.455165,-0.495093,-0.534157,-0.571219,-0.606098,-0.637963,-0.665741,-0.688134,-0.703962,-0.712868,-0.714270,-0.707838,-0.693466,-0.671386,-0.641702,-0.605605,-0.564304,-0.519175,-0.471860,-0.423887,-0.377218,-0.334599,-0.299015,-0.272743,-0.256404,-0.249488,-0.252431,-0.266617,-0.293086,-0.331076,-0.376973,-0.424560,-0.469220,-0.509595,-0.546422,-0.580916,-0.613784,-0.645501,-0.676197,-0.705625,-0.732811,-0.756028,-0.773466,-0.783127,-0.783135,-0.771917,-0.748490,-0.711547,-0.659891,-0.592783,-0.510017,-0.412105,-0.300980,-0.178995,-0.049066,0.085107,0.218798,0.346385,0.462413,0.562347,0.643100,0.704052,0.747507,0.774375,0.783176,0.772251,0.742434,0.697039,0.640364,0.577551,0.512489,0.448145,0.387687,0.333210,0.286743,0.249703,0.221796,0.203198,0.192383,0.188051,0.187919,0.190145,0.193164,0.196283,0.199014,0.200586,0.200901,0.199968,0.198037,0.195402,0.192081,0.188070,0.183732,0.179466,0.175107,0.170211,0.164523,0.157908,0.150177,0.141423,0.131798,0.121401,0.110561,0.099669,0.089227,0.079703,0.071329,0.064358,0.058791,0.054657,0.051792,0.050005,0.049026,0.048550,0.048418,0.048418,0.048418,0.048418,0.048418,0.048418,0.048418,0.048418,0.048418,0.048418,0.048418,0.048418,0.048418,0.048418,0.048418,0.048418,0.048418,0.048418,0.048418,0.048418,0.048418,0.048418,0.048418,0.048418,0.048418,0.048418,0.048418,0.048418,0.048418,0.048418,0.048418,0.048418,0.048418,0.048418,0.048418,0.048418,0.048418,0.048418,0.048418,0.048418,0.048418,0.048418,0.048418,0.048418,0.016323,-0.038894,-0.118238,-0.223294,-0.356291,-0.520166,-0.718667,-0.956463,-1.239297,-1.574153,-1.969442,-2.435169,-2.983052,-3.626496,-4.380379,
5.414958,4.450676,3.633189,2.942752,2.361713,1.874541,1.467809,1.130086,0.851775,0.624921,0.443010,0.300789,0.194107,0.119779,0.075480,0.059648,0.059648,0.059648,0.059648,0.059648,0.059648,0.059648,0.059648,0.059648,0.059648,0.059648,0.059648,0.059648,0.059648,0.059648,0.059648,0.059648,0.059648,0.059648,0.059648,0.059648,0.059648,0.059648,0.059648,0.059648,0.059648,0.059648,0.059648,0.059648,0.059648,0.059648,0.059648,0.059648,0.059648,0.059648,0.059648,0.059648,0.059648,0.059648,0.059648,0.059648,0.059648,0.058976,0.056969,0.054074,0.049740,0.043477,0.035172,0.024595,0.011928,-0.002232,-0.018690,-0.036556,-0.056189,-0.077281,-0.099533,-0.123516,-0.148903,-0.175971,-0.204867,-0.235216,-0.267476,-0.301798,-0.337906,-0.375987,-0.416313,-0.458524,-0.502052,-0.546912,-0.592501,-0.637756,-0.681324,-0.722772,-0.760982,-0.794516,-0.821659,-0.840868,-0.851541,-0.853064,-0.845029,-0.827309,-0.800186,-0.763836,-0.719469,-0.668395,-0.612279,-0.553034,-0.492095,-0.431363,-0.374993,-0.328323,-0.295179,-0.275334,-0.265858,-0.267017,-0.282177,-0.315019,-0.366317,-0.430297,-0.493372,-0.547962,-0.593638,-0.633249,-0.669776,-0.705016,-0.739870,-0.774573,-0.808619,-0.840708,-0.868631,-0.889985,-0.902137,-0.902708,-0.889654,-0.861572,-0.816778,-0.753778,-0.671643,-0.569962,-0.449207,-0.311539,-0.159730,0.002793,0.171420,0.340143,0.501334,0.646933,0.769506,0.864194,0.932262,0.981970,1.014569,1.025211,1.009080,0.966171,0.901787,0.823690,0.739145,0.652734,0.567809,0.488336,0.417367,0.357592,0.310767,0.276649,0.255094,0.243735,0.240111,0.240838,0.243290,0.245468,0.246503,0.246451,0.245773,0.244189,0.241527,0.238292,0.234938,0.231520,0.227977,0.224608,0.221752,0.219075,0.215886,0.211717,0.206259,0.199151,0.190368,0.180021,0.168167,0.155163,0.141500,0.127803,0.114723,0.102655,0.091998,0.082912,0.075535,0.069819,0.065650,0.062824,0.061100,0.060179,0.059750,0.059648,0.059648,0.059648,0.059648,0.059648,0.059648,0.059648,0.059648,0.059648,0.059648,0.059648,0.059648,0.059648,0.059648,0.059648,0.059648,0.059648,0.059648,0.059648,0.059648,0.059648,0.059648,0.059648,0.059648,0.059648,0.059648,0.059648,0.059648,0.059648,0.059648,0.059648,0.059648,0.059648,0.059648,0.059648,0.059648,0.059648,0.059648,0.059648,0.059648,0.059648,0.059648,0.026175,-0.031364,-0.113998,-0.223342,-0.361659,-0.531920,-0.737888,-0.984217,-1.276572,-1.621762,-2.027876,-2.504400,-3.062297,-3.714002,-4.473329,
5.500742,4.535047,3.713607,3.017225,2.428934,1.933875,1.519182,1.173844,0.888552,0.655530,0.468363,0.321842,0.211829,0.135133,0.089413,0.073092,0.073092,0.073092,0.073092,0.073092,0.073092,0.073092,0.073092,0.073092,0.073092,0.073092,0.073092,0.073092,0.073092,0.073092,0.073092,0.073092,0.073092,0.073092,0.073092,0.073092,0.073092,0.073092,0.073092,0.073092,0.073092,0.073092,0.073092,0.073092,0.073092,0.073092,0.073092,0.073092,0.073092,0.073092,0.073092,0.073092,0.073092,0.073092,0.073092,0.072697,0.071371,0.070224,0.067848,0.064508,0.059705,0.052951,0.044077,0.032806,0.019277,0.004058,-0.013737,-0.033261,-0.054945,-0.078555,-0.103858,-0.131528,-0.161316,-0.193578,-0.228534,-0.265819,-0.305907,-0.348944,-0.394616,-0.443026,-0.494390,-0.548200,-0.603717,-0.660718,-0.718338,-0.775131,-0.829322,-0.880134,-0.925959,-0.965086,-0.995622,-1.015804,-1.024869,-1.022166,-1.007275,-0.980091,-0.941123,-0.890860,-0.830546,-0.761482,-0.686100,-0.607118,-0.525279,-0.440797,-0.360391,-0.294898,-0.252235,-0.229800,-0.216730,-0.213051,-0.226691,-0.267455,-0.341557,-0.441713,-0.532626,-0.602985,-0.656916,-0.702079,-0.744264,-0.786782,-0.830565,-0.875836,-0.921185,-0.964776,-1.003714,-1.034652,-1.053860,-1.058392,-1.045544,-1.013313,-0.959495,-0.882226,-0.780500,-0.653490,-0.501543,-0.327192,-0.133842,0.074796,0.292889,0.513123,0.725034,0.916551,1.074316,1.187887,1.261091,1.321971,1.370107,1.390930,1.372377,1.312448,1.220727,1.113160,0.999996,0.885199,0.771653,0.664575,0.568888,0.488277,0.424971,0.379087,0.350314,0.334989,0.328730,0.326536,0.324894,0.321485,0.315543,0.307499,0.298274,0.288657,0.279788,0.271774,0.265093,0.259857,0.255894,0.253360,0.252423,0.252467,0.252443,0.251565,0.249254,0.244883,0.238219,0.229250,0.217901,0.204480,0.189518,0.173718,0.157896,0.142605,0.128403,0.115642,0.104607,0.095413,0.088067,0.082473,0.078470,0.075827,0.074280,0.073484,0.073146,0.073092,0.073092,0.073092,0.073092,0.073092,0.073092,0.073092,0.073092,0.073092,0.073092,0.073092,0.073092,0.073092,0.073092,0.073092,0.073092,0.073092,0.073092,0.073092,0.073092,0.073092,0.073092,0.073092,0.073092,0.073092,0.073092,0.073092,0.073092,0.073092,0.073092,0.073092,0.073092,0.073092,0.073092,0.073092,0.073092,0.073092,0.073092,0.073092,0.073092,0.038315,-0.021353,-0.106951,-0.220108,-0.363098,-0.538892,-0.751234,-1.004724,-1.304919,-1.658436,-2.073069,-2.557879,-3.123272,-3.781029,-4.544311,
5.571297,4.604759,3.780638,3.080068,2.486523,1.985601,1.564847,1.213585,0.922759,0.684766,0.493304,0.343233,0.230449,0.151775,0.104874,0.088163,0.088163,0.088163,0.088163,0.088163,0.088163,0.088163,0.088163,0.088163,0.088163,0.088163,0.088163,0.088163,0.088163,0.088163,0.088163,0.088163,0.088163,0.088163,0.088163,0.088163,0.088163,0.088163,0.088163,0.088163,0.088163,0.088163,0.088163,0.088163,0.088163,0.088163,0.088163,0.088163,0.088163,0.088163,0.088163,0.088163,0.088163,0.088163,0.086903,0.085827,0.084016,0.082222,0.079287,0.075415,0.070075,0.062739,0.053180,0.041054,0.026440,0.009872,-0.009637,-0.031300,-0.055628,-0.082473,-0.111667,-0.143980,-0.179230,-0.217834,-0.260060,-0.305534,-0.354732,-0.407796,-0.464386,-0.524553,-0.588482,-0.655562,-0.724895,-0.796012,-0.867716,-0.938198,-1.004982,-1.066749,-1.121766,-1.167795,-1.202613,-1.224182,-1.231526,-1.223975,-1.201059,-1.162504,-1.109242,-1.042573,-0.963502,-0.872184,-0.773016,-0.671433,-0.566268,-0.449100,-0.331593,-0.237649,-0.186941,-0.171894,-0.154826,-0.138302,-0.140704,-0.183803,-0.289652,-0.463391,-0.595020,-0.678516,-0.734379,-0.780225,-0.825082,-0.874642,-0.928137,-0.986623,-1.045906,-1.103989,-1.157357,-1.201273,-1.229845,-1.240190,-1.228625,-1.192315,-1.128372,-1.034326,-0.909848,-0.752788,-0.563098,-0.343985,-0.100192,0.165843,0.445957,0.733021,1.012612,1.268073,1.474757,1.605053,1.657030,1.731716,1.811579,1.855334,1.836680,1.749512,1.612372,1.463510,1.315443,1.166420,1.016398,0.873343,0.746490,0.640470,0.557570,0.498966,0.464813,0.449046,0.443484,0.440448,0.435471,0.426098,0.411937,0.394159,0.374465,0.354357,0.335571,0.319329,0.307481,0.298947,0.293458,0.290956,0.291363,0.293710,0.296550,0.298755,0.299473,0.297812,0.293341,0.285922,0.275333,0.261809,0.245882,0.228294,0.209981,0.191618,0.173886,0.157311,0.142313,0.129179,0.118044,0.108937,0.101802,0.096489,0.092795,0.090428,0.089099,0.088427,0.088163,0.088163,0.088163,0.088163,0.088163,0.088163,0.088163,0.088163,0.088163,0.088163,0.088163,0.088163,0.088163,0.088163,0.088163,0.088163,0.088163,0.088163,0.088163,0.088163,0.088163,0.088163,0.088163,0.088163,0.088163,0.088163,0.088163,0.088163,0.088163,0.088163,0.088163,0.088163,0.088163,0.088163,0.088163,0.088163,0.088163,0.088163,0.088163,0.052148,-0.009472,-0.097739,-0.214284,-0.361374,-0.541960,-0.759746,-1.019257,-1.325931,-1.686205,-2.107616,-2.598892,-3.170032,-3.832374,-4.598664,
5.630373,4.663376,3.837430,3.133878,2.536485,2.031165,1.605769,1.249884,0.954664,0.712664,0.517698,0.364701,0.249618,0.169300,0.121425,0.104411,0.104411,0.104411,0.104411,0.104411,0.104411,0.104411,0.104411,0.104411,0.104411,0.104411,0.104411,0.104411,0.104411,0.104411,0.104411,0.104411,0.104411,0.104411,0.104411,0.104411,0.104411,0.104411,0.104411,0.104411,0.104411,0.104411,0.104411,0.104411,0.104411,0.104411,0.104411,0.104411,0.104411,0.104411,0.104411,0.104411,0.103999,0.103266,0.101531,0.099804,0.097377,0.094984,0.091476,0.087040,0.081110,0.073098,0.062703,0.049491,0.033465,0.015111,-0.006675,-0.031180,-0.059001,-0.090079,-0.124301,-0.162521,-0.204601,-0.250990,-0.301976,-0.357151,-0.416976,-0.481596,-0.550667,-0.624230,-0.702494,-0.784792,-0.870095,-0.957717,-1.046157,-1.132773,-1.214764,-1.290089,-1.356414,-1.410937,-1.451066,-1.474432,-1.479674,-1.466339,-1.433969,-1.381245,-1.309897,-1.223981,-1.123936,-1.003471,-0.872623,-0.746855,-0.623933,-0.459412,-0.277785,-0.133291,-0.080730,-0.109990,-0.085916,-0.037871,-0.007166,-0.031263,-0.165936,-0.525694,-0.705097,-0.781856,-0.822565,-0.860371,-0.902103,-0.959999,-1.023188,-1.100517,-1.176780,-1.253226,-1.326109,-1.388773,-1.429090,-1.448126,-1.439694,-1.399823,-1.324877,-1.210340,-1.060591,-0.868357,-0.632817,-0.358599,-0.055747,0.282297,0.637734,1.011700,1.381083,1.730039,2.016191,2.165844,2.096564,2.205094,2.360316,2.454517,2.442223,2.308157,2.084236,1.879108,1.694843,1.507917,1.309988,1.117385,0.951175,0.814457,0.707207,0.634046,0.598465,0.589398,0.590356,0.589273,0.581576,0.565187,0.540488,0.510065,0.476830,0.443304,0.412181,0.385411,0.365128,0.351098,0.343254,0.340230,0.341598,0.345932,0.351316,0.356247,0.359596,0.360225,0.357541,0.351312,0.341197,0.327375,0.310383,0.290988,0.270228,0.248858,0.227641,0.207242,0.188178,0.170892,0.155627,0.142542,0.131690,0.123011,0.116381,0.111563,0.108298,0.106243,0.105161,0.104612,0.104411,0.104411,0.104411,0.104411,0.104411,0.104411,0.104411,0.104411,0.104411,0.104411,0.104411,0.104411,0.104411,0.104411,0.104411,0.104411,0.104411,0.104411,0.104411,0.104411,0.104411,0.104411,0.104411,0.104411,0.104411,0.104411,0.104411,0.104411,0.104411,0.104411,0.104411,0.104411,0.104411,0.104411,0.104411,0.104411,0.104411,0.067218,0.003800,-0.086882,-0.206450,-0.357152,-0.541909,-0.764371,-1.028984,-1.341065,-1.706891,-2.133785,-2.630215,-3.205882,-3.871818,-4.640497,
5.680905,4.713714,3.886523,3.180818,2.580562,2.071899,1.642902,1.283368,0.984626,0.739372,0.541527,0.386107,0.269109,0.187421,0.138740,0.121496,0.121496,0.121496,0.121496,0.121496,0.121496,0.121496,0.121496,0.121496,0.121496,0.121496,0.121496,0.121496,0.121496,0.121496,0.121496,0.121496,0.121496,0.121496,0.121496,0.121496,0.121496,0.121496,0.121496,0.121496,0.121496,0.121496,0.121496,0.121496,0.121496,0.121496,0.121496,0.121496,0.121496,0.121496,0.121302,0.119800,0.116945,0.113227,0.107919,0.102063,0.095018,0.087605,0.078754,0.068752,0.057133,0.043401,0.027346,0.008619,-0.012693,-0.035998,-0.062387,-0.091141,-0.122907,-0.157714,-0.195547,-0.237420,-0.283357,-0.333956,-0.389666,-0.450205,-0.516186,-0.587954,-0.665376,-0.748726,-0.838441,-0.933977,-1.034317,-1.138421,-1.244392,-1.349092,-1.448929,-1.540922,-1.621822,-1.688027,-1.736713,-1.765125,-1.770649,-1.754035,-1.715681,-1.649342,-1.557716,-1.454731,-1.342529,-1.184692,-1.008359,-0.861810,-0.766520,-0.529912,-0.228637,0.022190,0.066648,-0.141400,-0.079040,0.044358,0.148296,0.200744,0.150730,-0.014954,-0.193030,-0.346822,-0.486380,-0.622494,-0.759420,-0.899371,-1.041109,-1.183024,-1.320201,-1.447242,-1.559172,-1.649788,-1.713390,-1.744443,-1.740632,-1.697529,-1.612380,-1.484575,-1.312657,-1.097312,-0.838430,-0.540798,-0.210627,0.146352,0.521517,0.905316,1.281947,1.639029,1.950799,2.197115,2.407540,2.679925,3.017258,3.204899,3.210484,2.992398,2.566718,2.299361,2.099184,1.879472,1.614823,1.348807,1.138953,0.971699,0.835593,0.746969,0.723692,0.741900,0.764748,0.773502,0.768052,0.747200,0.712162,0.668394,0.620360,0.571732,0.526639,0.488056,0.458573,0.437801,0.425348,0.420525,0.421746,0.426614,0.432770,0.438392,0.442158,0.442798,0.439669,0.432553,0.421076,0.405422,0.386164,0.364094,0.340323,0.315632,0.290795,0.266532,0.243379,0.221860,0.202276,0.184880,0.169812,0.157109,0.146740,0.138550,0.132349,0.127855,0.124871,0.123007,0.122039,0.121595,0.121496,0.121496,0.121496,0.121496,0.121496,0.121496,0.121496,0.121496,0.121496,0.121496,0.121496,0.121496,0.121496,0.121496,0.121496,0.121496,0.121496,0.121496,0.121496,0.121496,0.121496,0.121496,0.121496,0.121496,0.121496,0.121496,0.121496,0.121496,0.121496,0.121496,0.121496,0.121496,0.121496,0.121496,0.121496,0.083175,0.018087,-0.074798,-0.197087,-0.351005,-0.539432,-0.765961,-1.034955,-1.351624,-1.722098,-2.153528,-2.654175,-3.233520,-3.902378,-4.673034,
5.725266,4.758058,3.930014,3.222720,2.620281,2.109009,1.677154,1.314678,1.013056,0.765111,0.564863,0.407403,0.288786,0.205937,0.156581,0.139162,0.139162,0.139162,0.139162,0.139162,0.139162,0.139162,0.139162,0.139162,0.139162,0.139162,0.139162,0.139162,0.139162,0.139162,0.139162,0.139162,0.139162,0.139162,0.139162,0.139162,0.139162,0.139162,0.139162,0.139162,0.139162,0.139162,0.139162,0.139162,0.139162,0.139162,0.139162,0.139162,0.139162,0.138188,0.135841,0.131665,0.125543,0.117932,0.108171,0.097394,0.085047,0.072082,0.057531,0.041807,0.024559,0.005376,-0.015878,-0.039510,-0.065402,-0.092932,-0.123266,-0.155774,-0.191244,-0.229877,-0.271812,-0.318253,-0.369379,-0.425903,-0.488362,-0.556522,-0.631070,-0.712499,-0.800878,-0.896721,-1.000769,-1.112649,-1.231190,-1.355351,-1.483043,-1.610527,-1.732990,-1.846042,-1.945131,-2.025085,-2.083796,-2.118806,-2.122088,-2.099500,-2.058717,-1.973048,-1.843351,-1.717826,-1.626749,-1.400045,-1.125421,-0.932049,-1.051558,-0.658531,-0.114349,0.404171,0.734340,0.791904,0.803061,0.804476,0.802136,0.757463,0.643959,0.454538,0.237486,0.013241,-0.217787,-0.451040,-0.683345,-0.909473,-1.134539,-1.349317,-1.555474,-1.739682,-1.898118,-2.022801,-2.114891,-2.159284,-2.162988,-2.116103,-2.016735,-1.871470,-1.670127,-1.424454,-1.130177,-0.794762,-0.422653,-0.028816,0.384698,0.802741,1.207452,1.606517,1.970263,2.287768,2.575714,2.862611,3.128385,3.287793,3.291282,3.155885,2.880027,2.746680,2.612301,2.378865,1.997278,1.593023,1.347501,1.156710,0.970429,0.845832,0.856412,0.938050,0.999873,1.016729,1.012462,0.983880,0.931141,0.867491,0.798500,0.728549,0.664450,0.610736,0.570550,0.543065,0.526766,0.519993,0.521239,0.527298,0.534533,0.540787,0.544557,0.544495,0.539979,0.530876,0.516852,0.498164,0.475471,0.449636,0.421872,0.392996,0.363792,0.335020,0.307210,0.280944,0.256550,0.234347,0.214550,0.197277,0.182588,0.170407,0.160617,0.153001,0.147408,0.143506,0.141102,0.139847,0.139308,0.139162,0.139162,0.139162,0.139162,0.139162,0.139162,0.139162,0.139162,0.139162,0.139162,0.139162,0.139162,0.139162,0.139162,0.139162,0.139162,0.139162,0.139162,0.139162,0.139162,0.139162,0.139162,0.139162,0.139162,0.139162,0.139162,0.139162,0.139162,0.139162,0.139162,0.139162,0.139162,0.139162,0.139162,0.099752,0.033095,-0.061829,-0.186606,-0.343431,-0.535143,-0.765276,-1.038114,-1.358764,-1.733234,-2.168526,-2.672738,-3.255180,-3.926506,-4.698870,
5.765436,4.798327,3.969685,3.261168,2.656993,2.143603,1.709389,1.344452,1.040396,0.790153,0.587836,0.428610,0.308583,0.224723,0.174779,0.157220,0.157220,0.157220,0.157220,0.157220,0.157220,0.157220,0.157220,0.157220,0.157220,0.157220,0.157220,0.157220,0.157220,0.157220,0.157220,0.157220,0.157220,0.157220,0.157220,0.157220,0.157220,0.157220,0.157220,0.157220,0.157220,0.157220,0.157220,0.157220,0.157220,0.157220,0.157220,0.156514,0.154517,0.150966,0.145490,0.137562,0.127102,0.114629,0.099550,0.083121,0.064913,0.046047,0.025683,0.004368,-0.018139,-0.042187,-0.067888,-0.095569,-0.125169,-0.156121,-0.189763,-0.225660,-0.264823,-0.307702,-0.354640,-0.407045,-0.465227,-0.529944,-0.601717,-0.680227,-0.766102,-0.859853,-0.961724,-1.072569,-1.193348,-1.324074,-1.464022,-1.612407,-1.766943,-1.923419,-2.075012,-2.215052,-2.337697,-2.432769,-2.502615,-2.551034,-2.544082,-2.505053,-2.485510,-2.376088,-2.155279,-1.972515,-2.067434,-1.676296,-1.166628,-0.690153,-0.348049,0.081739,0.513185,0.891069,1.149665,1.272126,1.312692,1.301092,1.251177,1.154687,1.001222,0.785426,0.538220,0.271264,-0.012995,-0.304254,-0.594861,-0.876264,-1.153334,-1.414985,-1.663353,-1.883412,-2.071130,-2.218430,-2.327691,-2.382530,-2.391590,-2.344489,-2.239933,-2.086127,-1.872144,-1.612110,-1.301817,-0.949498,-0.559910,-0.149946,0.279199,0.711758,1.130893,1.549435,1.938762,2.287722,2.602219,2.887000,3.114150,3.256156,3.292690,3.228106,3.081146,2.929350,2.744474,2.487737,2.128919,1.757624,1.573934,1.404230,1.104061,0.866397,0.973199,1.209751,1.334860,1.334181,1.331969,1.293230,1.207180,1.115517,1.018188,0.917495,0.827318,0.754223,0.701943,0.668631,0.650490,0.643996,0.646087,0.653152,0.661633,0.668303,0.671316,0.669374,0.662004,0.649272,0.630995,0.607598,0.579899,0.548888,0.515918,0.481858,0.447500,0.413624,0.380713,0.349363,0.319875,0.292586,0.267740,0.245511,0.226023,0.209277,0.195227,0.183727,0.174693,0.167863,0.163084,0.160079,0.158419,0.157608,0.157277,0.157220,0.157220,0.157220,0.157220,0.157220,0.157220,0.157220,0.157220,0.157220,0.157220,0.157220,0.157220,0.157220,0.157220,0.157220,0.157220,0.157220,0.157220,0.157220,0.157220,0.157220,0.157220,0.157220,0.157220,0.157220,0.157220,0.157220,0.157220,0.157220,0.157220,0.157220,0.157220,0.116744,0.048583,-0.048263,-0.175359,-0.334870,-0.529593,-0.763002,-1.039308,-1.363523,-1.741544,-2.180246,-2.687590,-3.272751,-3.946256,-4.720155,
5.803153,4.836213,4.007119,3.297592,2.691940,2.176720,1.740444,1.373334,1.067112,0.814811,0.610631,0.449806,0.328500,0.243715,0.193225,0.175522,0.175522,0.175522,0.175522,0.175522,0.175522,0.175522,0.175522,0.175522,0.175522,0.175522,0.175522,0.175522,0.175522,0.175522,0.175522,0.175522,0.175522,0.175522,0.175522,0.175522,0.175522,0.175522,0.175522,0.175522,0.175522,0.175522,0.175522,0.175522,0.175522,0.175522,0.174077,0.171688,0.167890,0.162293,0.154594,0.144303,0.131401,0.116475,0.098984,0.080285,0.060021,0.039403,0.017611,-0.004813,-0.028155,-0.052884,-0.079275,-0.107866,-0.138817,-0.171762,-0.208349,-0.248426,-0.293297,-0.343691,-0.400154,-0.464230,-0.536224,-0.616736,-0.705984,-0.803213,-0.908598,-1.022462,-1.144892,-1.277123,-1.420951,-1.577062,-1.745387,-1.925787,-2.115558,-2.311322,-2.502198,-2.676953,-2.833238,-2.939034,-3.012715,-3.104542,-3.058074,-2.943427,-3.045328,-2.922131,-2.447421,-1.941835,-1.494792,-1.062522,-0.601002,-0.168312,0.221736,0.603118,0.963315,1.266142,1.481877,1.607771,1.653554,1.634015,1.562185,1.439693,1.264313,1.032874,0.768538,0.479259,0.168337,-0.152574,-0.474204,-0.786674,-1.092603,-1.380682,-1.651849,-1.891803,-2.096209,-2.257269,-2.376740,-2.439718,-2.453834,-2.409995,-2.307291,-2.153409,-1.939143,-1.677857,-1.366643,-1.013862,-0.624676,-0.215135,0.212888,0.644754,1.065132,1.485311,1.879720,2.236663,2.555657,2.833789,3.047085,3.186678,3.244355,3.221771,3.128135,2.988260,2.807133,2.569362,2.276901,1.976103,1.707402,1.418905,0.978168,0.636487,1.050017,1.679569,1.875663,1.725472,1.752987,1.707736,1.539219,1.412568,1.277712,1.126472,0.998557,0.899568,0.834034,0.798171,0.782994,0.782505,0.791333,0.804424,0.817422,0.826762,0.830975,0.828266,0.818396,0.801685,0.778169,0.748499,0.713722,0.675034,0.634022,0.591715,0.549035,0.506906,0.465883,0.426682,0.389660,0.355231,0.323699,0.295289,0.270168,0.248369,0.229853,0.214484,0.202163,0.192627,0.185682,0.181038,0.178210,0.176669,0.175945,0.175640,0.175522,0.175522,0.175522,0.175522,0.175522,0.175522,0.175522,0.175522,0.175522,0.175522,0.175522,0.175522,0.175522,0.175522,0.175522,0.175522,0.175522,0.175522,0.175522,0.175522,0.175522,0.175522,0.175522,0.175522,0.175522,0.175522,0.175522,0.175522,0.175522,0.175522,0.175522,0.133970,0.064335,-0.034363,-0.163675,-0.325735,-0.523298,-0.759784,-1.039329,-1.366858,-1.748166,-2.190012,-2.700239,-3.287901,-3.963419,-4.738758,
5.803153,4.836213,4.007119,3.297592,2.691940,2.176720,1.740444,1.373334,1.067112,0.814811,0.610631,0.449806,0.328500,0.243715,0.193225,0.175522,0.175522,0.175522,0.175522,0.175522,0.175522,0.175522,0.175522,0.175522,0.175522,0.175522,0.175522,0.175522,0.175522,0.175522,0.175522,0.175522,0.175522,0.175522,0.175522,0.175522,0.175522,0.175522,0.175522,0.175522,0.175522,0.175522,0.175522,0.175522,0.174909,0.173015,0.169625,0.164935,0.158568,0.150204,0.139599,0.126309,0.110375,0.092472,0.072122,0.050796,0.028220,0.005697,-0.017576,-0.041087,-0.065187,-0.090497,-0.117487,-0.146932,-0.179248,-0.214315,-0.254128,-0.298898,-0.350302,-0.409446,-0.477173,-0.555220,-0.643884,-0.743508,-0.853770,-0.973163,-1.101101,-1.236943,-1.381076,-1.535685,-1.703981,-1.887604,-2.087317,-2.305302,-2.535890,-2.784113,-3.028571,-3.242409,-3.465281,-3.562629,-3.587848,-3.876315,-3.713940,-3.233004,-2.781736,-2.397526,-1.965653,-1.515399,-1.078540,-0.652343,-0.230157,0.170350,0.540372,0.883012,1.189672,1.443049,1.628087,1.739988,1.781992,1.761047,1.684068,1.554844,1.375741,1.150206,0.888999,0.600783,0.292518,-0.027058,-0.349444,-0.666663,-0.974185,-1.265256,-1.535131,-1.775763,-1.980860,-2.144789,-2.263928,-2.332289,-2.349062,-2.311467,-2.218795,-2.072916,-1.873502,-1.625407,-1.331463,-0.998025,-0.632162,-0.243501,0.160674,0.570158,0.975121,1.371118,1.745950,2.089437,2.394481,2.653746,2.855912,2.993433,3.061637,3.061444,2.998994,2.884280,2.723297,2.517049,2.273472,2.014081,1.755445,1.491568,1.222985,1.067595,1.195714,1.464744,1.711074,1.999497,2.303321,2.296958,1.875481,1.760016,1.591538,1.345713,1.170545,1.039053,0.961209,0.930897,0.924954,0.936770,0.957181,0.979778,0.999407,1.012129,1.015893,1.010488,0.996064,0.972921,0.941497,0.902792,0.858159,0.809066,0.757372,0.704306,0.650951,0.598390,0.547277,0.498461,0.452358,0.409459,0.370108,0.334564,0.303002,0.275454,0.251859,0.232057,0.215916,0.203155,0.193523,0.186717,0.182185,0.179334,0.177615,0.176559,0.175972,0.175626,0.175522,0.175522,0.175522,0.175522,0.175522,0.175522,0.175522,0.175522,0.175522,0.175522,0.175522,0.175522,0.175522,0.175522,0.175522,0.175522,0.175522,0.175522,0.175522,0.175522,0.175522,0.175522,0.175522,0.175522,0.175522,0.175522,0.175522,0.175522,0.175522,0.133970,0.064335,-0.034363,-0.163675,-0.325735,-0.523298,-0.759784,-1.039329,-1.366858,-1.748166,-2.190012,-2.700239,-3.287901,-3.963419,-4.738758,
5.803153,4.836213,4.007119,3.297592,2.691940,2.176720,1.740444,1.373334,1.067112,0.814811,0.610631,0.449806,0.328500,0.243715,0.193225,0.175522,0.175522,0.175522,0.175522,0.175522,0.175522,0.175522,0.175522,0.175522,0.175522,0.175522,0.175522,0.175522,0.175522,0.175522,0.175522,0.175522,0.175522,0.175522,0.175522,0.175522,0.175522,0.175522,0.175522,0.175522,0.175522,0.175522,0.175522,0.174312,0.171654,0.167505,0.161436,0.153751,0.144148,0.132381,0.118277,0.101445,0.081996,0.060706,0.037167,0.012970,-0.012079,-0.036589,-0.061369,-0.085958,-0.110802,-0.136694,-0.164316,-0.194695,-0.228519,-0.265936,-0.309339,-0.359380,-0.418227,-0.487513,-0.568541,-0.663359,-0.772284,-0.895261,-1.031217,-1.177243,-1.331086,-1.491097,-1.657650,-1.834662,-2.028283,-2.241156,-2.473345,-2.737995,-3.007112,-3.332222,-3.661080,-3.876515,-4.300153,-4.331772,-3.969716,-3.606667,-3.261747,-2.853129,-2.431387,-2.016382,-1.586006,-1.147639,-0.713208,-0.289295,0.121037,0.507739,0.863773,1.184407,1.462287,1.687106,1.850133,1.947420,1.979244,1.948812,1.860685,1.719028,1.527716,1.291433,1.018505,0.717190,0.395033,0.060510,-0.277774,-0.611623,-0.934811,-1.240692,-1.523383,-1.775651,-1.990954,-2.163856,-2.289973,-2.364721,-2.386157,-2.352615,-2.263580,-2.120217,-1.923734,-1.677927,-1.386661,-1.056224,-0.693904,-0.308279,0.092662,0.499628,0.903605,1.297615,1.671586,2.015535,2.320745,2.579273,2.783026,2.926479,3.006473,3.023239,2.980217,2.882800,2.737491,2.549541,2.327494,2.085514,1.836041,1.589898,1.368072,1.224738,1.210957,1.287703,1.398663,1.538680,1.686264,1.799963,1.984358,2.233192,2.048186,1.553106,1.352805,1.176117,1.088984,1.086666,1.097080,1.131581,1.170051,1.206651,1.235612,1.252544,1.256162,1.246511,1.224425,1.192310,1.150162,1.099460,1.041928,0.979356,0.913890,0.846975,0.779877,0.713857,0.649705,0.588438,0.530584,0.476751,0.427368,0.382744,0.343074,0.308380,0.278559,0.253400,0.232707,0.216150,0.203387,0.194081,0.187583,0.183202,0.180287,0.178285,0.176922,0.176119,0.175719,0.175522,0.175522,0.175522,0.175522,0.175522,0.175522,0.175522,0.175522,0.175522,0.175522,0.175522,0.175522,0.175522,0.175522,0.175522,0.175522,0.175522,0.175522,0.175522,0.175522,0.175522,0.175522,0.175522,0.175522,0.175522,0.175522,0.175522,0.175522,0.133970,0.064335,-0.034363,-0.163675,-0.325735,-0.523298,-0.759784,-1.039329,-1.366858,-1.748166,-2.190012,-2.700239,-3.287901,-3.963419,-4.738758,
5.803153,4.836213,4.007119,3.297592,2.691940,2.176720,1.740444,1.373334,1.067112,0.814811,0.610631,0.449806,0.328500,0.243715,0.193225,0.175522,0.175522,0.175522,0.175522,0.175522,0.175522,0.175522,0.175522,0.175522,0.175522,0.175522,0.175522,0.175522,0.175522,0.175522,0.175522,0.175522,0.175522,0.175522,0.175522,0.175522,0.175522,0.175522,0.175522,0.175522,0.175522,0.175522,0.173934,0.170429,0.164861,0.157146,0.146883,0.134414,0.119488,0.101913,0.081581,0.058166,0.031859,0.003581,-0.026963,-0.058002,-0.089577,-0.120129,-0.150393,-0.179875,-0.209026,-0.238713,-0.269725,-0.303239,-0.340133,-0.380784,-0.427972,-0.482878,-0.548339,-0.626770,-0.720256,-0.831463,-0.960898,-1.108240,-1.271024,-1.444598,-1.624309,-1.806028,-1.989297,-2.181270,-2.395842,-2.636703,-2.888154,-3.228605,-3.485416,-3.940686,-4.472608,-4.369141,-4.158925,-3.962440,-3.674900,-3.343847,-2.984961,-2.589368,-2.169285,-1.739163,-1.296376,-0.851961,-0.408123,0.022086,0.435426,0.820159,1.171758,1.481857,1.745086,1.952892,2.099494,2.183102,2.201514,2.156041,2.051221,1.891425,1.680369,1.421949,1.126164,0.800760,0.452580,0.091116,-0.273940,-0.633413,-0.981621,-1.310780,-1.615306,-1.886544,-2.117913,-2.303670,-2.440221,-2.521696,-2.547524,-2.515210,-2.424446,-2.277618,-2.074958,-1.821897,-1.521780,-1.181335,-0.807879,-0.411185,0.001471,0.420051,0.835011,1.242091,1.628834,1.984199,2.300013,2.568782,2.781401,2.934557,3.026295,3.056096,3.024913,2.936719,2.799335,2.617594,2.399604,2.158284,1.903788,1.652115,1.420313,1.238785,1.124689,1.071070,1.057089,1.075846,1.114204,1.171459,1.278624,1.464914,1.505904,1.548860,1.589168,1.297694,1.203011,1.300485,1.315722,1.392940,1.453335,1.506291,1.544298,1.561489,1.559146,1.538432,1.501735,1.452710,1.393706,1.325437,1.250197,1.170195,1.087891,1.004928,0.922698,0.842545,0.765291,0.691997,0.623173,0.559404,0.501052,0.448328,0.401309,0.359893,0.323855,0.292891,0.266742,0.245071,0.227519,0.213811,0.203309,0.195329,0.189227,0.184470,0.180815,0.178232,0.176601,0.175817,0.175522,0.175522,0.175522,0.175522,0.175522,0.175522,0.175522,0.175522,0.175522,0.175522,0.175522,0.175522,0.175522,0.175522,0.175522,0.175522,0.175522,0.175522,0.175522,0.175522,0.175522,0.175522,0.175522,0.175522,0.175522,0.175522,0.175522,0.133970,0.064335,-0.034363,-0.163675,-0.325735,-0.523298,-0.759784,-1.039329,-1.366858,-1.748166,-2.190012,-2.700239,-3.287901,-3.963419,-4.738758,
5.803153,4.836213,4.007119,3.297592,2.691940,2.176720,1.740444,1.373334,1.067112,0.814811,0.610631,0.449806,0.328500,0.243715,0.193225,0.175522,0.175522,0.175522,0.175522,0.175522,0.175522,0.175522,0.175522,0.175522,0.175522,0.175522,0.175522,0.175522,0.175522,0.175522,0.175522,0.175522,0.175522,0.175522,0.175522,0.175522,0.175522,0.175522,0.175522,0.175522,0.174875,0.172790,0.168651,0.161963,0.152558,0.140379,0.125059,0.107000,0.086026,0.062019,0.034956,0.004581,-0.028826,-0.064204,-0.101747,-0.139527,-0.177470,-0.213892,-0.249496,-0.283798,-0.317280,-0.350891,-0.385506,-0.422411,-0.462625,-0.506726,-0.557887,-0.617913,-0.690508,-0.779192,-0.887238,-1.018356,-1.173585,-1.351805,-1.549452,-1.759713,-1.973495,-2.180940,-2.377389,-2.574214,-2.809129,-3.097166,-3.292798,-3.884556,-3.849171,-3.774030,-4.019241,-4.103584,-4.015956,-3.829184,-3.557732,-3.231783,-2.856076,-2.449033,-2.003715,-1.549325,-1.071116,-0.606953,-0.129957,0.320594,0.758419,1.154977,1.519283,1.831613,2.095105,2.296293,2.430970,2.504634,2.507836,2.440536,2.311189,2.124843,1.883751,1.585927,1.251877,0.886868,0.493948,0.086642,-0.323023,-0.722507,-1.111991,-1.478062,-1.819977,-2.122231,-2.379908,-2.585027,-2.739423,-2.828465,-2.860277,-2.826379,-2.726704,-2.570006,-2.348242,-2.075986,-1.751419,-1.383696,-0.978528,-0.552305,-0.106876,0.343518,0.784320,1.227431,1.646970,2.029205,2.370245,2.665286,2.895258,3.063474,3.169783,3.212551,3.187644,3.099056,2.961232,2.772230,2.539526,2.281146,1.998318,1.717312,1.437662,1.195978,0.983953,0.818559,0.684344,0.593703,0.522739,0.492488,0.494288,0.535480,0.551838,0.571574,0.578618,0.657136,1.185564,1.657027,1.533388,1.734791,1.808780,1.885794,1.938063,1.953326,1.942768,1.907067,1.851844,1.781424,1.699711,1.609131,1.511604,1.409691,1.306174,1.202894,1.101365,1.003013,0.908733,0.819689,0.736456,0.659670,0.589673,0.526602,0.470398,0.420797,0.377388,0.339710,0.307376,0.279982,0.257103,0.238494,0.223498,0.211417,0.201599,0.193525,0.186986,0.182025,0.178595,0.176676,0.175849,0.175554,0.175522,0.175522,0.175522,0.175522,0.175522,0.175522,0.175522,0.175522,0.175522,0.175522,0.175522,0.175522,0.175522,0.175522,0.175522,0.175522,0.175522,0.175522,0.175522,0.175522,0.175522,0.175522,0.175522,0.175522,0.175522,0.133970,0.064335,-0.034363,-0.163675,-0.325735,-0.523298,-0.759784,-1.039329,-1.366858,-1.748166,-2.190012,-2.700239,-3.287901,-3.963419,-4.738758,
5.803153,4.836213,4.007119,3.297592,2.691940,2.176720,1.740444,1.373334,1.067112,0.814811,0.610631,0.449806,0.328500,0.243715,0.193225,0.175522,0.175522,0.175522,0.175522,0.175522,0.175522,0.175522,0.175522,0.175522,0.175522,0.175522,0.175522,0.175522,0.175522,0.175522,0.175522,0.175522,0.175522,0.175522,0.175522,0.175522,0.175522,0.175522,0.175522,0.174329,0.171391,0.166546,0.159003,0.148261,0.134169,0.116705,0.095539,0.071154,0.043461,0.012437,-0.021854,-0.059590,-0.100415,-0.143140,-0.187878,-0.232573,-0.277069,-0.319595,-0.360849,-0.400381,-0.438708,-0.476833,-0.515664,-0.556509,-0.600419,-0.648083,-0.703013,-0.767711,-0.846995,-0.945906,-1.069675,-1.223777,-1.410111,-1.627261,-1.870643,-2.131807,-2.394105,-2.635827,-2.837818,-3.005384,-3.247898,-3.730428,-3.384991,-3.387055,-3.630391,-3.772798,-3.884144,-3.901271,-3.814884,-3.635111,-3.375145,-3.058121,-2.685125,-2.279324,-1.831124,-1.371944,-0.886507,-0.417456,0.065980,0.520315,0.961133,1.357255,1.719551,2.026715,2.283343,2.475641,2.600172,2.663919,2.656164,2.576389,2.433693,2.233210,1.976696,1.661251,1.309221,0.925572,0.512712,0.085051,-0.344541,-0.762828,-1.170774,-1.554020,-1.912257,-2.228646,-2.498277,-2.712877,-2.875050,-2.968854,-3.003726,-2.970297,-2.868636,-2.708623,-2.481156,-2.202346,-1.869771,-1.492961,-1.077614,-0.641298,-0.185178,0.275698,0.726184,1.180847,1.611510,2.003625,2.354156,2.658774,2.896813,3.072728,3.186879,3.237157,3.218086,3.133374,2.998246,2.809217,2.573083,2.307934,2.012783,1.713922,1.406001,1.123569,0.853407,0.618477,0.408858,0.243591,0.099802,0.001961,-0.066179,-0.093709,-0.103880,-0.080793,-0.010711,0.147078,0.473965,0.903662,1.498557,2.279213,2.236633,2.366132,2.444620,2.445810,2.425147,2.367043,2.288300,2.191135,2.080975,1.961146,1.835374,1.706185,1.576259,1.447647,1.321938,1.200603,1.084652,0.975435,0.873718,0.780296,0.695564,0.619603,0.552196,0.492854,0.440904,0.395632,0.356439,0.322775,0.294087,0.270112,0.250137,0.233424,0.219297,0.207245,0.197100,0.188995,0.182979,0.179105,0.177019,0.176023,0.175607,0.175522,0.175522,0.175522,0.175522,0.175522,0.175522,0.175522,0.175522,0.175522,0.175522,0.175522,0.175522,0.175522,0.175522,0.175522,0.175522,0.175522,0.175522,0.175522,0.175522,0.175522,0.175522,0.175522,0.175522,0.133970,0.064335,-0.034363,-0.163675,-0.325735,-0.523298,-0.759784,-1.039329,-1.366858,-1.748166,-2.190012,-2.700239,-3.287901,-3.963419,-4.738758,
5.803153,4.836213,4.007119,3.297592,2.691940,2.176720,1.740444,1.373334,1.067112,0.814811,0.610631,0.449806,0.328500,0.243715,0.193225,0.175522,0.175522,0.175522,0.175522,0.175522,0.175522,0.175522,0.175522,0.175522,0.175522,0.175522,0.175522,0.175522,0.175522,0.175522,0.175522,0.175522,0.175522,0.175522,0.175522,0.175522,0.175522,0.175522,0.173900,0.170336,0.164517,0.156184,0.144590,0.129280,0.110155,0.087277,0.060404,0.030149,-0.003443,-0.040273,-0.080170,-0.123247,-0.169093,-0.216442,-0.265388,-0.313839,-0.361650,-0.407085,-0.450949,-0.492940,-0.533704,-0.574366,-0.615885,-0.659543,-0.706311,-0.756836,-0.814847,-0.883536,-0.969047,-1.078613,-1.219991,-1.402357,-1.630089,-1.900451,-2.207689,-2.547416,-2.890439,-3.195137,-3.405638,-3.441674,-3.179197,-3.376001,-3.384954,-3.429818,-3.543226,-3.634089,-3.680876,-3.658069,-3.561479,-3.385890,-3.137845,-2.834419,-2.475333,-2.082025,-1.646471,-1.197599,-0.723152,-0.262654,0.210084,0.654978,1.084935,1.471099,1.822378,2.119080,2.364951,2.547548,2.663729,2.719581,2.705553,2.621188,2.474582,2.270479,2.010992,1.694107,1.340313,0.954802,0.540716,0.111855,-0.319391,-0.740190,-1.150323,-1.535936,-1.895842,-2.214186,-2.485888,-2.702893,-2.866988,-2.963572,-3.000830,-2.970371,-2.872293,-2.715583,-2.492484,-2.217839,-1.890080,-1.518514,-1.108961,-0.677891,-0.227231,0.228744,0.675524,1.124992,1.551228,1.940472,2.289010,2.592304,2.831574,3.010312,3.128358,3.183589,3.171005,3.093647,2.965075,2.782350,2.551640,2.289150,1.993879,1.689133,1.369536,1.065106,0.764402,0.490153,0.236754,0.024216,-0.165477,-0.309079,-0.420556,-0.486157,-0.515452,-0.493611,-0.406498,-0.237307,0.047838,0.439247,0.933653,1.529375,2.162347,2.979744,3.112940,3.047304,3.035395,2.940772,2.840291,2.714142,2.574639,2.424031,2.266945,2.106061,1.945235,1.785983,1.629804,1.478113,1.332118,1.193598,1.063849,0.944165,0.835312,0.737574,0.650781,0.574389,0.507592,0.449520,0.399408,0.356564,0.320260,0.290122,0.265247,0.244681,0.227538,0.213122,0.201119,0.191593,0.184549,0.179986,0.177499,0.176311,0.175832,0.175647,0.175522,0.175522,0.175522,0.175522,0.175522,0.175522,0.175522,0.175522,0.175522,0.175522,0.175522,0.175522,0.175522,0.175522,0.175522,0.175522,0.175522,0.175522,0.175522,0.175522,0.175522,0.175522,0.175522,0.133970,0.064335,-0.034363,-0.163675,-0.325735,-0.523298,-0.759784,-1.039329,-1.366858,-1.748166,-2.190012,-2.700239,-3.287901,-3.963419,-4.738758,
5.803153,4.836213,4.007119,3.297592,2.691940,2.176720,1.740444,1.373334,1.067112,0.814811,0.610631,0.449806,0.328500,0.243715,0.193225,0.175522,0.175522,0.175522,0.175522,0.175522,0.175522,0.175522,0.175522,0.175522,0.175522,0.175522,0.175522,0.175522,0.175522,0.175522,0.175522,0.175522,0.175522,0.175522,0.175522,0.175522,0.175522,0.173665,0.169663,0.163102,0.153633,0.141047,0.124627,0.103957,0.078996,0.049902,0.016523,-0.020383,-0.060630,-0.103992,-0.150196,-0.199301,-0.250851,-0.303519,-0.357397,-0.410370,-0.462322,-0.511573,-0.559048,-0.604609,-0.649037,-0.693549,-0.739080,-0.786714,-0.837047,-0.890291,-0.949967,-1.019719,-1.107404,-1.222397,-1.376457,-1.586939,-1.864371,-2.199788,-2.581112,-3.035812,-3.506969,-3.933346,-3.892907,-3.476009,-3.195740,-3.175367,-3.190310,-3.232724,-3.296107,-3.345164,-3.357101,-3.315826,-3.213810,-3.048071,-2.821161,-2.540687,-2.212279,-1.845502,-1.445355,-1.023914,-0.587038,-0.149260,0.286975,0.706720,1.104732,1.468779,1.794213,2.072345,2.299118,2.468500,2.577342,2.625191,2.609347,2.529937,2.390591,2.195098,1.946966,1.650068,1.314335,0.947313,0.556004,0.150474,-0.258811,-0.662022,-1.052625,-1.421918,-1.763408,-2.067726,-2.327951,-2.538180,-2.694734,-2.791796,-2.828928,-2.803820,-2.716496,-2.569824,-2.364608,-2.106837,-1.800360,-1.452217,-1.069950,-0.663496,-0.240271,0.189636,0.616777,1.036878,1.437372,1.807088,2.138121,2.423508,2.654858,2.829476,2.945551,3.001520,2.996332,2.931826,2.814190,2.646555,2.434516,2.187225,1.910656,1.616036,1.310196,1.005163,0.706166,0.422902,0.160700,-0.072428,-0.275878,-0.441991,-0.569775,-0.653585,-0.690819,-0.672845,-0.588864,-0.427191,-0.173983,0.170446,0.603117,1.117553,1.697493,2.355436,3.004932,3.701650,3.831707,3.620431,3.516489,3.346488,3.171974,2.982799,2.787207,2.589355,2.390749,2.195363,2.003203,1.815321,1.633137,1.459099,1.295355,1.143951,1.006143,0.882428,0.772614,0.676004,0.591564,0.518193,0.454923,0.400893,0.355196,0.317343,0.286235,0.260692,0.239593,0.222032,0.207526,0.196056,0.187572,0.182002,0.178874,0.177276,0.176482,0.175965,0.175700,0.175522,0.175522,0.175522,0.175522,0.175522,0.175522,0.175522,0.175522,0.175522,0.175522,0.175522,0.175522,0.175522,0.175522,0.175522,0.175522,0.175522,0.175522,0.175522,0.175522,0.175522,0.175522,0.133970,0.064335,-0.034363,-0.163675,-0.325735,-0.523298,-0.759784,-1.039329,-1.366858,-1.748166,-2.190012,-2.700239,-3.287901,-3.963419,-4.738758,
5.803153,4.836213,4.007119,3.297592,2.691940,2.176720,1.740444,1.373334,1.067112,0.814811,0.610631,0.449806,0.328500,0.243715,0.193225,0.175522,0.175522,0.175522,0.175522,0.175522,0.175522,0.175522,0.175522,0.175522,0.175522,0.175522,0.175522,0.175522,0.175522,0.175522,0.175522,0.175522,0.175522,0.175522,0.175522,0.175094,0.173012,0.168668,0.161511,0.151115,0.137162,0.119488,0.097409,0.070551,0.038939,0.002833,-0.037818,-0.082103,-0.129698,-0.180257,-0.233415,-0.289197,-0.347122,-0.405824,-0.465399,-0.523728,-0.580734,-0.634812,-0.687026,-0.737435,-0.786995,-0.837036,-0.888421,-0.941861,-0.997153,-1.053336,-1.112806,-1.179158,-1.261609,-1.372837,-1.526835,-1.759667,-2.102270,-2.522136,-2.956467,-3.590211,-3.824143,-3.537933,-3.383712,-3.209821,-3.095635,-3.080346,-3.107006,-3.151743,-3.198586,-3.226522,-3.218075,-3.162072,-3.052208,-2.885757,-2.663486,-2.390233,-2.071376,-1.714122,-1.324941,-0.913293,-0.487419,-0.058274,0.367341,0.778085,1.166229,1.521945,1.838664,2.109252,2.328649,2.491901,2.595881,2.639113,2.620062,2.539013,2.398692,2.202569,1.954534,1.659347,1.325097,0.959568,0.570474,0.167224,-0.240262,-0.642616,-1.032208,-1.400912,-1.741434,-2.045436,-2.305844,-2.516968,-2.674314,-2.773375,-2.812443,-2.790147,-2.706497,-2.563419,-2.362998,-2.109911,-1.808805,-1.466474,-1.090558,-0.689896,-0.272659,0.151829,0.574735,0.989113,1.384650,1.750955,2.079422,2.362821,2.594531,2.770797,2.889238,2.948318,2.947566,2.888280,2.775072,2.611702,2.403299,2.157416,1.880457,1.581384,1.268224,0.950079,0.634674,0.330271,0.044344,-0.215826,-0.445848,-0.639303,-0.791984,-0.898221,-0.952886,-0.948818,-0.877980,-0.733178,-0.506767,-0.198297,0.189505,0.651060,1.177566,1.760742,2.372302,3.009839,3.647557,4.312380,4.374965,4.096101,3.892734,3.652861,3.409306,3.169026,2.926691,2.689044,2.454875,2.224194,1.998357,1.781054,1.575904,1.386106,1.213564,1.058943,0.921878,0.801341,0.695928,0.604219,0.525006,0.457256,0.399908,0.352370,0.313353,0.281444,0.255265,0.233667,0.215962,0.202022,0.191716,0.184881,0.180953,0.178850,0.177674,0.176795,0.176146,0.175816,0.175595,0.175522,0.175522,0.175522,0.175522,0.175522,0.175522,0.175522,0.175522,0.175522,0.175522,0.175522,0.175522,0.175522,0.175522,0.175522,0.175522,0.175522,0.175522,0.175522,0.175522,0.133970,0.064335,-0.034363,-0.163675,-0.325735,-0.523298,-0.759784,-1.039329,-1.366858,-1.748166,-2.190012,-2.700239,-3.287901,-3.963419,-4.738758,
5.803153,4.836213,4.007119,3.297592,2.691940,2.176720,1.740444,1.373334,1.067112,0.814811,0.610631,0.449806,0.328500,0.243715,0.193225,0.175522,0.175522,0.175522,0.175522,0.175522,0.175522,0.175522,0.175522,0.175522,0.175522,0.175522,0.175522,0.175522,0.175522,0.175522,0.175522,0.175522,0.175522,0.175522,0.174749,0.172098,0.167386,0.159748,0.148621,0.133572,0.114284,0.090610,0.061875,0.027705,-0.011842,-0.056439,-0.106070,-0.159720,-0.216954,-0.277348,-0.340478,-0.406340,-0.474432,-0.543324,-0.613068,-0.681476,-0.748430,-0.812322,-0.874281,-0.934518,-0.994170,-1.054692,-1.116859,-1.180835,-1.245034,-1.306089,-1.363387,-1.418301,-1.483231,-1.577071,-1.696608,-1.922371,-2.364078,-2.932721,-2.850821,-2.944558,-3.072727,-3.065606,-3.050302,-3.030018,-3.033155,-3.072922,-3.129493,-3.187880,-3.234739,-3.254936,-3.234461,-3.165891,-3.046075,-2.871532,-2.642428,-2.363823,-2.039308,-1.677171,-1.281689,-0.864664,-0.431931,0.001789,0.433800,0.848996,1.241943,1.600334,1.919515,2.190740,2.410074,2.571587,2.672270,2.711833,2.687552,2.599517,2.451348,2.246753,1.989149,1.682394,1.336455,0.958854,0.556635,0.139999,-0.280430,-0.694727,-1.096215,-1.475983,-1.827319,-2.140649,-2.408946,-2.626231,-2.788771,-2.890699,-2.931579,-2.909090,-2.823289,-2.677136,-2.471539,-2.212614,-1.904320,-1.553766,-1.168549,-0.758682,-0.331651,0.102393,0.533989,0.958857,1.364393,1.739403,2.076105,2.367625,2.605496,2.786851,2.909681,2.972082,2.972526,2.912332,2.797039,2.628969,2.412858,2.156893,1.866022,1.550433,1.215934,0.874004,0.530024,0.194809,-0.124419,-0.417376,-0.681177,-0.905937,-1.088406,-1.220476,-1.297659,-1.312372,-1.258472,-1.132723,-0.928701,-0.646284,-0.289155,0.137707,0.628162,1.173977,1.757823,2.370102,3.000931,3.636899,4.269606,4.885243,4.753902,4.420484,4.110981,3.824371,3.522454,3.236222,2.952339,2.670888,2.393019,2.124684,1.872109,1.640166,1.431407,1.246311,1.083815,0.942010,0.818651,0.711638,0.619252,0.540096,0.472816,0.416618,0.369971,0.331214,0.298743,0.271233,0.247900,0.228653,0.213449,0.202200,0.194414,0.188967,0.184898,0.181571,0.178938,0.177125,0.176065,0.175594,0.175522,0.175522,0.175522,0.175522,0.175522,0.175522,0.175522,0.175522,0.175522,0.175522,0.175522,0.175522,0.175522,0.175522,0.175522,0.175522,0.175522,0.175522,0.175522,0.133970,0.064335,-0.034363,-0.163675,-0.325735,-0.523298,-0.759784,-1.039329,-1.366858,-1.748166,-2.190012,-2.700239,-3.287901,-3.963419,-4.738758,
5.803153,4.836213,4.007119,3.297592,2.691940,2.176720,1.740444,1.373334,1.067112,0.814811,0.610631,0.449806,0.328500,0.243715,0.193225,0.175522,0.175522,0.175522,0.175522,0.175522,0.175522,0.175522,0.175522,0.175522,0.175522,0.175522,0.175522,0.175522,0.175522,0.175522,0.175522,0.175522,0.175522,0.174522,0.171477,0.166114,0.158012,0.146311,0.130434,0.109935,0.084494,0.053987,0.017747,-0.024600,-0.072964,-0.126957,-0.186501,-0.250485,-0.318380,-0.389694,-0.463958,-0.541142,-0.620715,-0.701172,-0.782491,-0.862392,-0.940684,-1.015738,-1.088768,-1.160221,-1.231611,-1.304797,-1.380784,-1.459437,-1.537593,-1.607445,-1.661732,-1.694700,-1.724795,-1.806844,-1.814060,-1.927306,-1.330240,-1.897020,-2.195917,-2.412991,-2.606706,-2.749495,-2.868405,-2.971440,-3.075892,-3.188280,-3.287719,-3.371222,-3.430655,-3.454022,-3.426333,-3.343590,-3.211199,-3.019769,-2.769479,-2.471456,-2.121124,-1.737551,-1.311398,-0.871133,-0.404634,0.048095,0.512648,0.948585,1.368386,1.743034,2.081402,2.363710,2.593984,2.760050,2.859122,2.897629,2.865986,2.763642,2.598655,2.375586,2.096376,1.758994,1.383993,0.976530,0.539843,0.088015,-0.366234,-0.809869,-1.242350,-1.649397,-2.029368,-2.365998,-2.653988,-2.885140,-3.061125,-3.167258,-3.211719,-3.186138,-3.090687,-2.934541,-2.710173,-2.432694,-2.100769,-1.723861,-1.307919,-0.869564,-0.410876,0.053744,0.509756,0.969011,1.405509,1.805447,2.165355,2.480877,2.733122,2.925270,3.056794,3.124888,3.123602,3.054934,2.931154,2.747722,2.509094,2.229513,1.905851,1.559166,1.181754,0.802147,0.409038,0.027644,-0.343368,-0.679095,-0.992806,-1.256921,-1.481017,-1.645551,-1.753888,-1.792696,-1.757161,-1.652247,-1.465974,-1.198118,-0.856759,-0.447114,0.027340,0.565539,1.143262,1.752397,2.386882,3.031037,3.657720,4.277393,4.867761,5.308032,4.925102,4.624679,4.225967,3.898445,3.560072,3.216955,2.873110,2.539671,2.227199,1.943039,1.690367,1.468990,1.276497,1.109553,0.964732,0.839125,0.730518,0.637216,0.557651,0.490849,0.435038,0.388267,0.348638,0.314572,0.285110,0.260136,0.239649,0.223611,0.211586,0.202387,0.194967,0.188683,0.183515,0.179690,0.177241,0.176072,0.175608,0.175522,0.175522,0.175522,0.175522,0.175522,0.175522,0.175522,0.175522,0.175522,0.175522,0.175522,0.175522,0.175522,0.175522,0.175522,0.175522,0.175522,0.175522,0.133970,0.064335,-0.034363,-0.163675,-0.325735,-0.523298,-0.759784,-1.039329,-1.366858,-1.748166,-2.190012,-2.700239,-3.287901,-3.963419,-4.738758,
5.803153,4.836213,4.007119,3.297592,2.691940,2.176720,1.740444,1.373334,1.067112,0.814811,0.610631,0.449806,0.328500,0.243715,0.193225,0.175522,0.175522,0.175522,0.175522,0.175522,0.175522,0.175522,0.175522,0.175522,0.175522,0.175522,0.175522,0.175522,0.175522,0.175522,0.175522,0.175522,0.174379,0.171091,0.165281,0.156461,0.144224,0.127698,0.106279,0.079504,0.047050,0.008817,-0.035857,-0.087347,-0.145546,-0.210008,-0.280610,-0.356160,-0.436049,-0.519735,-0.606703,-0.696891,-0.789713,-0.883564,-0.978302,-1.071499,-1.162823,-1.250562,-1.335976,-1.419842,-1.504353,-1.592260,-1.685417,-1.784595,-1.885799,-1.974207,-2.031809,-2.025855,-1.966713,-2.163593,-1.152497,-1.146496,-1.184591,-1.455967,-1.732215,-1.986378,-2.229673,-2.450986,-2.652202,-2.832950,-3.003094,-3.164845,-3.297369,-3.401507,-3.472280,-3.500143,-3.471639,-3.384915,-3.247882,-3.050786,-2.794077,-2.489922,-2.132629,-1.742746,-1.308966,-0.862169,-0.387819,0.070419,0.542703,0.985054,1.412348,1.793154,2.138265,2.426258,2.662198,2.832817,2.935310,2.977117,2.947314,2.844989,2.678931,2.453760,2.170792,1.826946,1.444522,1.028335,0.580915,0.117126,-0.349585,-0.805549,-1.251078,-1.671000,-2.064163,-2.412999,-2.712188,-2.953207,-3.138483,-3.252029,-3.303291,-3.282639,-3.190294,-3.036430,-2.812296,-2.534345,-2.200437,-1.820237,-1.399513,-0.955903,-0.490676,-0.018953,0.444168,0.913206,1.359847,1.769410,2.139105,2.464741,2.725407,2.924987,3.063161,3.136617,3.138275,3.070125,2.945377,2.758150,2.512667,2.224027,1.887958,1.527096,1.131913,0.733617,0.318609,-0.085579,-0.480924,-0.840036,-1.178189,-1.464873,-1.711201,-1.895850,-2.023310,-2.079618,-2.060728,-1.973579,-1.805745,-1.557180,-1.236814,-0.849680,-0.398045,0.118977,0.676749,1.267612,1.886092,2.515259,3.123615,3.721920,4.284778,4.769665,5.233436,5.673520,4.999879,4.706268,4.301604,3.885054,3.453322,3.034130,2.645595,2.297389,1.992767,1.729742,1.503313,1.307780,1.138078,0.990401,0.862175,0.751590,0.657019,0.577375,0.510652,0.454559,0.406825,0.365515,0.329402,0.298267,0.272092,0.250853,0.234151,0.220712,0.209389,0.199528,0.191144,0.184599,0.180031,0.177412,0.176164,0.175640,0.175522,0.175522,0.175522,0.175522,0.175522,0.175522,0.175522,0.175522,0.175522,0.175522,0.175522,0.175522,0.175522,0.175522,0.175522,0.175522,0.175522,0.133970,0.064335,-0.034363,-0.163675,-0.325735,-0.523298,-0.759784,-1.039329,-1.366858,-1.748166,-2.190012,-2.700239,-3.287901,-3.963419,-4.738758,
5.803153,4.836213,4.007119,3.297592,2.691940,2.176720,1.740444,1.373334,1.067112,0.814811,0.610631,0.449806,0.328500,0.243715,0.193225,0.175522,0.175522,0.175522,0.175522,0.175522,0.175522,0.175522,0.175522,0.175522,0.175522,0.175522,0.175522,0.175522,0.175522,0.175522,0.175522,0.174262,0.171231,0.165526,0.156581,0.143901,0.127061,0.105161,0.077576,0.043813,0.003556,-0.043252,-0.097254,-0.158804,-0.227748,-0.303560,-0.386043,-0.473886,-0.566379,-0.662885,-0.762807,-0.866005,-0.971790,-1.078441,-1.185659,-1.290856,-1.393514,-1.491771,-1.586864,-1.680037,-1.774692,-1.875311,-1.985512,-2.109234,-2.247787,-2.374896,-2.469179,-2.414508,-1.957663,-1.414149,-1.005911,-0.892266,-0.937639,-1.119714,-1.362045,-1.620471,-1.886961,-2.147266,-2.393943,-2.620509,-2.830745,-3.023494,-3.179582,-3.300010,-3.380935,-3.414763,-3.390532,-3.307512,-3.173379,-2.980069,-2.728416,-2.429544,-2.078287,-1.693502,-1.265727,-0.823337,-0.354152,0.101867,0.570514,1.011476,1.437095,1.818244,2.163606,2.453068,2.690378,2.863020,2.967910,3.011210,2.983053,2.882655,2.717953,2.493382,2.210838,1.868339,1.486559,1.070807,0.624549,0.162171,-0.303326,-0.758609,-1.202807,-1.621291,-2.012124,-2.358956,-2.656504,-2.896602,-3.080951,-3.194929,-3.246718,-3.227688,-3.138120,-2.987511,-2.768589,-2.496658,-2.170440,-1.799097,-1.388423,-0.954895,-0.500464,-0.039398,0.413930,0.871482,1.307370,1.707864,2.069604,2.388243,2.644785,2.842169,2.979593,3.053840,3.058490,2.995042,2.875172,2.693702,2.454518,2.171322,1.840579,1.483051,1.090846,0.692535,0.276956,-0.130329,-0.529999,-0.896348,-1.241731,-1.537730,-1.793309,-1.988665,-2.127279,-2.196451,-2.192498,-2.121729,-1.973315,-1.747598,-1.452563,-1.092668,-0.670088,-0.184137,0.343177,0.904260,1.493005,2.093337,2.676068,3.250858,3.799790,4.305191,4.780205,5.202721,5.599708,5.825957,5.251253,4.757717,4.202538,3.667609,3.179813,2.751685,2.384020,2.070946,1.802689,1.569855,1.365390,1.184926,1.026144,0.887739,0.768525,0.667616,0.582964,0.512016,0.452122,0.400921,0.356794,0.319254,0.288081,0.263066,0.243635,0.228212,0.215344,0.204177,0.194618,0.187065,0.181680,0.178439,0.176773,0.176032,0.175715,0.175522,0.175522,0.175522,0.175522,0.175522,0.175522,0.175522,0.175522,0.175522,0.175522,0.175522,0.175522,0.175522,0.175522,0.175522,0.175522,0.133970,0.064335,-0.034363,-0.163675,-0.325735,-0.523298,-0.759784,-1.039329,-1.366858,-1.748166,-2.190012,-2.700239,-3.287901,-3.963419,-4.738758,
5.803153,4.836213,4.007119,3.297592,2.691940,2.176720,1.740444,1.373334,1.067112,0.814811,0.610631,0.449806,0.328500,0.243715,0.193225,0.175522,0.175522,0.175522,0.175522,0.175522,0.175522,0.175522,0.175522,0.175522,0.175522,0.175522,0.175522,0.175522,0.175522,0.175522,0.174220,0.171224,0.165877,0.157187,0.144539,0.127390,0.105280,0.077265,0.042683,0.001000,-0.048101,-0.104648,-0.169273,-0.242323,-0.323610,-0.412538,-0.508842,-0.611104,-0.718511,-0.830323,-0.945838,-1.064798,-1.186359,-1.308636,-1.431117,-1.550978,-1.667362,-1.777939,-1.883447,-1.985323,-2.088794,-2.201639,-2.327591,-2.476604,-2.680559,-2.870480,-3.115733,-2.503242,-1.660195,-1.127559,-0.804764,-0.682970,-0.709994,-0.849579,-1.057985,-1.301977,-1.563596,-1.828333,-2.085732,-2.328586,-2.553192,-2.753806,-2.921019,-3.050061,-3.136376,-3.174214,-3.157976,-3.086200,-2.960311,-2.779418,-2.544963,-2.262189,-1.934005,-1.568376,-1.169386,-0.748791,-0.312406,0.125020,0.560745,0.979721,1.376217,1.737775,2.059555,2.332450,2.552372,2.713209,2.811889,2.848163,2.819274,2.725326,2.570063,2.357236,2.090334,1.773367,1.416458,1.027265,0.613036,0.184251,-0.248418,-0.675079,-1.088933,-1.480810,-1.843681,-2.167837,-2.446248,-2.672978,-2.844333,-2.954521,-3.003118,-2.987575,-2.908071,-2.767929,-2.568358,-2.315674,-2.013905,-1.669716,-1.290649,-0.886688,-0.465269,-0.036321,0.391072,0.812827,1.216524,1.591104,1.929033,2.223542,2.466065,2.653408,2.783188,2.852895,2.860276,2.805852,2.694176,2.526440,2.306325,2.040964,1.734431,1.396204,1.031532,0.651796,0.262559,-0.124675,-0.501428,-0.855856,-1.183328,-1.472317,-1.718265,-1.912358,-2.050141,-2.125228,-2.133919,-2.076103,-1.948033,-1.750781,-1.487852,-1.162617,-0.778353,-0.339780,0.142153,0.657764,1.197071,1.747117,2.292731,2.829321,3.348428,3.842764,4.314898,4.767010,5.226682,5.758450,6.291448,5.851811,5.079222,4.387911,3.778721,3.256965,2.822210,2.459710,2.150568,1.879477,1.637067,1.419115,1.224495,1.053147,0.904744,0.778734,0.672990,0.584591,0.510384,0.447474,0.393770,0.348461,0.311088,0.281239,0.258160,0.239957,0.224846,0.211759,0.200481,0.191445,0.184840,0.180641,0.178259,0.176953,0.176126,0.175732,0.175522,0.175522,0.175522,0.175522,0.175522,0.175522,0.175522,0.175522,0.175522,0.175522,0.175522,0.175522,0.175522,0.175522,0.175522,0.133970,0.064335,-0.034363,-0.163675,-0.325735,-0.523298,-0.759784,-1.039329,-1.366858,-1.748166,-2.190012,-2.700239,-3.287901,-3.963419,-4.738758,
5.803153,4.836213,4.007119,3.297592,2.691940,2.176720,1.740444,1.373334,1.067112,0.814811,0.610631,0.449806,0.328500,0.243715,0.193225,0.175522,0.175522,0.175522,0.175522,0.175522,0.175522,0.175522,0.175522,0.175522,0.175522,0.175522,0.175522,0.175522,0.175522,0.174220,0.171329,0.166165,0.158013,0.145817,0.128895,0.106639,0.078538,0.043587,0.001071,-0.049599,-0.108758,-0.176417,-0.253212,-0.339494,-0.435048,-0.539219,-0.651674,-0.770889,-0.895944,-1.025984,-1.160168,-1.298075,-1.438647,-1.579791,-1.720744,-1.858433,-1.991551,-2.116815,-2.233263,-2.341271,-2.448973,-2.572556,-2.707052,-2.851802,-3.190947,-3.021030,-2.355686,-1.700209,-1.126654,-0.726714,-0.492812,-0.412692,-0.458596,-0.601887,-0.812701,-1.064937,-1.340497,-1.624179,-1.903726,-2.170060,-2.416549,-2.635651,-2.819114,-2.960405,-3.054912,-3.097799,-3.085182,-3.016079,-2.891405,-2.711839,-2.479324,-2.198408,-1.873380,-1.510907,-1.117205,-0.701784,-0.272942,0.158200,0.584618,0.995005,1.381317,1.733683,2.045554,2.309584,2.520856,2.674510,2.767647,2.799150,2.767641,2.673583,2.519943,2.310285,2.048561,1.739694,1.391732,1.012293,0.609081,0.191689,-0.229955,-0.646552,-1.050356,-1.432957,-1.786712,-2.103112,-2.375087,-2.596992,-2.764393,-2.872857,-2.920710,-2.906360,-2.829953,-2.693812,-2.500346,-2.254463,-1.960899,-1.625990,-1.257307,-0.863640,-0.453087,-0.034657,0.383389,0.794248,1.187664,1.553422,1.883384,2.170537,2.408144,2.592012,2.719246,2.787492,2.795258,2.742720,2.633093,2.468498,2.252500,1.991061,1.689185,1.354645,0.994433,0.617360,0.231378,-0.154096,-0.529561,-0.885196,-1.213858,-1.506463,-1.756527,-1.956827,-2.101884,-2.186411,-2.206790,-2.161970,-2.049499,-1.870590,-1.627732,-1.323879,-0.962466,-0.548739,-0.091386,0.399962,0.914934,1.441857,1.968532,2.489026,2.997573,3.489421,3.965184,4.428410,4.895577,5.396700,5.966793,6.395029,6.043734,5.178393,4.428812,3.803138,3.302650,2.899574,2.555614,2.246850,1.962350,1.700170,1.462318,1.251209,1.067921,0.912280,0.781902,0.673244,0.582435,0.505886,0.440938,0.386390,0.341514,0.305685,0.277958,0.256113,0.238019,0.222369,0.208808,0.197808,0.189582,0.184095,0.180729,0.178623,0.177114,0.176166,0.175738,0.175522,0.175522,0.175522,0.175522,0.175522,0.175522,0.175522,0.175522,0.175522,0.175522,0.175522,0.175522,0.175522,0.175522,0.133970,0.064335,-0.034363,-0.163675,-0.325735,-0.523298,-0.759784,-1.039329,-1.366858,-1.748166,-2.190012,-2.700239,-3.287901,-3.963419,-4.738758,
5.803153,4.836213,4.007119,3.297592,2.691940,2.176720,1.740444,1.373334,1.067112,0.814811,0.610631,0.449806,0.328500,0.243715,0.193225,0.175522,0.175522,0.175522,0.175522,0.175522,0.175522,0.175522,0.175522,0.175522,0.175522,0.175522,0.175522,0.175522,0.174379,0.170817,0.165073,0.156414,0.144086,0.126980,0.104359,0.075570,0.040069,-0.003200,-0.055021,-0.116030,-0.186599,-0.266758,-0.357184,-0.458292,-0.569913,-0.691415,-0.822482,-0.961583,-1.107776,-1.260158,-1.417793,-1.580079,-1.745695,-1.912257,-2.078704,-2.241777,-2.399844,-2.548189,-2.681400,-2.794302,-2.896078,-3.041099,-3.188461,-3.147306,-2.533880,-1.986072,-1.439540,-0.954773,-0.561001,-0.290845,-0.151227,-0.135254,-0.225803,-0.400505,-0.638015,-0.916410,-1.220558,-1.534831,-1.845393,-2.140534,-2.412642,-2.653568,-2.852855,-3.005112,-3.106494,-3.152462,-3.138911,-3.065683,-2.935499,-2.748457,-2.507017,-2.217178,-1.882578,-1.511830,-1.109492,-0.687696,-0.252378,0.181722,0.611915,1.023415,1.410804,1.762042,2.072794,2.334385,2.543218,2.693646,2.783016,2.811459,2.776508,2.678519,2.521253,2.308284,2.042883,1.728915,1.376211,0.992082,0.583489,0.160689,-0.265818,-0.686279,-1.094035,-1.480050,-1.837423,-2.156565,-2.430557,-2.653540,-2.821917,-2.929957,-2.977284,-2.961370,-2.882409,-2.743714,-2.546452,-2.296896,-1.999010,-1.659371,-1.285425,-0.887050,-0.471557,-0.048688,0.372741,0.788681,1.186663,1.556032,1.890092,2.181864,2.422109,2.607401,2.735672,2.804304,2.810869,2.755661,2.642994,2.473771,2.251395,1.982741,1.671684,1.327554,0.955441,0.566713,0.166896,-0.232413,-0.622622,-0.991722,-1.334943,-1.640611,-1.904081,-2.116532,-2.273625,-2.369158,-2.399702,-2.365426,-2.262785,-2.092816,-1.858908,-1.564392,-1.212240,-0.806415,-0.356934,0.127249,0.636829,1.159693,1.681836,2.200676,2.710537,3.205843,3.686009,4.148964,4.599199,5.041306,5.467263,5.816588,6.091295,5.973394,5.057844,4.313256,3.765594,3.350945,2.990576,2.650620,2.322422,2.011346,1.725872,1.472445,1.253834,1.069793,0.916980,0.790566,0.685442,0.596994,0.521814,0.458224,0.405219,0.362016,0.327575,0.299484,0.275411,0.253949,0.234757,0.218496,0.205540,0.195961,0.189188,0.184279,0.180531,0.177900,0.176369,0.175704,0.175522,0.175522,0.175522,0.175522,0.175522,0.175522,0.175522,0.175522,0.175522,0.175522,0.175522,0.175522,0.175522,0.133970,0.064335,-0.034363,-0.163675,-0.325735,-0.523298,-0.759784,-1.039329,-1.366858,-1.748166,-2.190012,-2.700239,-3.287901,-3.963419,-4.738758,
5.803153,4.836213,4.007119,3.297592,2.691940,2.176720,1.740444,1.373334,1.067112,0.814811,0.610631,0.449806,0.328500,0.243715,0.193225,0.175522,0.175522,0.175522,0.175522,0.175522,0.175522,0.175522,0.175522,0.175522,0.175522,0.175522,0.175522,0.174489,0.171102,0.164796,0.155581,0.142749,0.125518,0.102724,0.073565,0.037331,-0.006563,-0.059240,-0.121562,-0.194236,-0.277687,-0.371988,-0.477886,-0.595876,-0.725854,-0.867231,-1.019718,-1.181788,-1.352488,-1.530870,-1.715890,-1.906727,-2.101696,-2.297988,-2.494172,-2.687143,-2.876121,-3.056356,-3.213617,-3.324096,-3.366999,-3.574441,-2.626814,-1.997232,-1.457777,-0.981780,-0.560598,-0.208437,0.045973,0.198483,0.238654,0.173543,0.013695,-0.216855,-0.506638,-0.831862,-1.184616,-1.546519,-1.901716,-2.234440,-2.540449,-2.813521,-3.032567,-3.198381,-3.308934,-3.359303,-3.341628,-3.257041,-3.115694,-2.911482,-2.647278,-2.335712,-1.972842,-1.578502,-1.143883,-0.697856,-0.228334,0.224833,0.687461,1.119615,1.533980,1.901926,2.232743,2.506816,2.728494,2.885880,2.976534,3.007070,2.967857,2.858409,2.686848,2.457623,2.172574,1.829702,1.449445,1.036800,0.594951,0.138054,-0.321287,-0.770174,-1.208072,-1.620577,-2.005872,-2.347684,-2.640813,-2.877164,-3.058535,-3.170365,-3.220884,-3.201483,-3.112458,-2.963321,-2.746784,-2.478092,-2.155900,-1.789145,-1.383640,-0.955884,-0.507800,-0.053406,0.393357,0.844525,1.274200,1.669064,2.026640,2.342389,2.596644,2.791993,2.927542,2.999307,3.000273,2.932147,2.806238,2.616900,2.367591,2.071665,1.725359,1.349309,0.935512,0.512684,0.069808,-0.367193,-0.798570,-1.198141,-1.577844,-1.908914,-2.200161,-2.431858,-2.607805,-2.715814,-2.752954,-2.726338,-2.625826,-2.451999,-2.212772,-1.912398,-1.552365,-1.130627,-0.667550,-0.169318,0.359371,0.904208,1.438267,1.975405,2.504821,3.016033,3.511828,3.979325,4.417048,4.816605,5.168375,5.428323,5.567265,5.481851,5.075024,4.781897,4.239478,3.879340,3.524137,3.151134,2.763301,2.384578,2.035168,1.727336,1.465394,1.248000,1.069713,0.923514,0.802507,0.700797,0.614153,0.540407,0.478288,0.426851,0.384948,0.349965,0.319339,0.291530,0.266177,0.244118,0.225884,0.211658,0.200917,0.192626,0.186043,0.181121,0.177936,0.176353,0.175703,0.175522,0.175522,0.175522,0.175522,0.175522,0.175522,0.175522,0.175522,0.175522,0.175522,0.175522,0.175522,0.133970,0.064335,-0.034363,-0.163675,-0.325735,-0.523298,-0.759784,-1.039329,-1.366858,-1.748166,-2.190012,-2.700239,-3.287901,-3.963419,-4.738758,
5.803153,4.836213,4.007119,3.297592,2.691940,2.176720,1.740444,1.373334,1.067112,0.814811,0.610631,0.449806,0.328500,0.243715,0.193225,0.175522,0.175522,0.175522,0.175522,0.175522,0.175522,0.175522,0.175522,0.175522,0.175522,0.175522,0.174640,0.171401,0.165320,0.155599,0.142240,0.124514,0.101605,0.072280,0.035661,-0.009032,-0.062434,-0.125751,-0.199940,-0.285795,-0.383822,-0.494165,-0.617664,-0.754916,-0.905900,-1.070088,-1.247226,-1.435798,-1.634859,-1.843434,-2.060401,-2.284716,-2.514204,-2.745285,-2.975711,-3.202618,-3.428823,-3.658965,-3.865690,-3.993951,-3.744673,-2.671186,-1.845131,-1.214075,-0.694803,-0.269974,0.069510,0.328826,0.488943,0.557020,0.525566,0.401970,0.194620,-0.073384,-0.393784,-0.744617,-1.120796,-1.504295,-1.878929,-2.228191,-2.548402,-2.833506,-3.060629,-3.231719,-3.345493,-3.397134,-3.378352,-3.290814,-3.146195,-2.937496,-2.667791,-2.350827,-1.981659,-1.581709,-1.140212,-0.688401,-0.211685,0.246558,0.716421,1.154375,1.575539,1.948861,2.285517,2.564307,2.790460,2.950740,3.042532,3.073479,3.032759,2.919707,2.743345,2.508401,2.216316,1.864228,1.474477,1.051854,0.598918,0.130617,-0.339750,-0.798701,-1.246649,-1.668430,-2.062842,-2.412410,-2.711973,-2.953150,-3.138475,-3.252029,-3.303291,-3.282698,-3.190576,-3.037438,-2.814797,-2.539303,-2.208906,-1.832871,-1.416991,-0.978952,-0.520016,-0.055063,0.401293,0.863680,1.303873,1.707698,2.073393,2.396680,2.656049,2.855017,2.993131,3.066166,3.066218,2.994844,2.863915,2.666569,2.406766,2.098965,1.738436,1.347547,0.916600,0.477007,0.015493,-0.439710,-0.889633,-1.305800,-1.702394,-2.047962,-2.353047,-2.596264,-2.782499,-2.898640,-2.941986,-2.920937,-2.824401,-2.652962,-2.415600,-2.116989,-1.758308,-1.336666,-0.874263,-0.376941,0.151420,0.695763,1.227028,1.761951,2.289126,2.796587,3.286211,3.741172,4.156215,4.519272,4.822507,5.031833,5.129435,5.065058,4.806027,4.395609,4.689547,4.550600,4.211605,3.789772,3.306681,2.828468,2.391649,2.014633,1.701429,1.447039,1.241747,1.074904,0.937110,0.820998,0.721578,0.636324,0.563790,0.502932,0.452498,0.409677,0.371667,0.336756,0.304532,0.275984,0.251795,0.232256,0.216889,0.204556,0.194466,0.186577,0.181073,0.177872,0.176324,0.175693,0.175522,0.175522,0.175522,0.175522,0.175522,0.175522,0.175522,0.175522,0.175522,0.175522,0.175522,0.133970,0.064335,-0.034363,-0.163675,-0.325735,-0.523298,-0.759784,-1.039329,-1.366858,-1.748166,-2.190012,-2.700239,-3.287901,-3.963419,-4.738758,
5.803153,4.836213,4.007119,3.297592,2.691940,2.176720,1.740444,1.373334,1.067112,0.814811,0.610631,0.449806,0.328500,0.243715,0.193225,0.175522,0.175522,0.175522,0.175522,0.175522,0.175522,0.175522,0.175522,0.175522,0.175522,0.174573,0.172683,0.168178,0.160253,0.148048,0.131486,0.109740,0.081875,0.046497,0.002571,-0.050830,-0.114477,-0.189715,-0.277630,-0.379142,-0.494833,-0.624889,-0.770184,-0.931311,-1.108207,-1.300260,-1.507101,-1.727077,-1.959137,-2.202232,-2.455210,-2.716915,-2.984632,-3.253412,-3.518772,-3.775897,-4.031909,-4.338203,-4.644191,-3.953599,-2.874553,-1.968993,-1.213202,-0.612490,-0.129071,0.248399,0.528601,0.722375,0.818496,0.828439,0.748930,0.588651,0.355109,0.068375,-0.264488,-0.623878,-1.004980,-1.391147,-1.767337,-2.117981,-2.438830,-2.723657,-2.951605,-3.123882,-3.238976,-3.292478,-3.277158,-3.194492,-3.054999,-2.852697,-2.590690,-2.281600,-1.921452,-1.529984,-1.098225,-0.654837,-0.187494,0.264251,0.726309,1.158867,1.574671,1.945023,2.278823,2.556119,2.780918,2.940934,3.033454,3.064970,3.025828,2.915541,2.742251,2.510434,2.221995,1.875008,1.489998,1.072065,0.624510,0.161616,-0.303887,-0.758974,-1.202970,-1.621338,-2.012130,-2.358956,-2.656504,-2.896602,-3.080951,-3.194929,-3.246718,-3.227688,-3.138120,-2.987536,-2.768690,-2.496869,-2.170796,-1.799490,-1.388872,-0.955542,-0.501545,-0.041033,0.411940,0.869248,1.304873,1.705365,2.068133,2.388512,2.646751,2.845339,2.983322,3.056649,3.058244,2.989401,2.860599,2.665936,2.409015,2.102750,1.743716,1.352957,0.922716,0.481940,0.019925,-0.437054,-0.888862,-1.308932,-1.708793,-2.059315,-2.368965,-2.617802,-2.809507,-2.931897,-2.982192,-2.967683,-2.878553,-2.715674,-2.487275,-2.197946,-1.849494,-1.440098,-0.990233,-0.506099,0.007639,0.536687,1.054134,1.573856,2.084791,2.575253,3.045606,3.478839,3.868214,4.201802,4.474234,4.661802,4.760363,4.751072,4.640287,4.490835,4.421616,4.518058,5.182413,4.673269,4.008585,3.375390,2.813995,2.345916,1.969954,1.672388,1.435763,1.243922,1.084404,0.948589,0.831225,0.729863,0.643164,0.570098,0.509311,0.457748,0.412270,0.370849,0.332854,0.299255,0.270727,0.247541,0.229140,0.214180,0.201740,0.191737,0.184458,0.179870,0.177355,0.176180,0.175694,0.175522,0.175522,0.175522,0.175522,0.175522,0.175522,0.175522,0.175522,0.175522,0.175522,0.133970,0.064335,-0.034363,-0.163675,-0.325735,-0.523298,-0.759784,-1.039329,-1.366858,-1.748166,-2.190012,-2.700239,-3.287901,-3.963419,-4.738758,
5.803153,4.836213,4.007119,3.297592,2.691940,2.176720,1.740444,1.373334,1.067112,0.814811,0.610631,0.449806,0.328500,0.243715,0.193225,0.175522,0.175522,0.175522,0.175522,0.175522,0.175522,0.175522,0.175522,0.175522,0.174783,0.172893,0.169824,0.163724,0.153654,0.138606,0.118384,0.092037,0.058483,0.016139,-0.036215,-0.099684,-0.175193,-0.264246,-0.368071,-0.487715,-0.623842,-0.776685,-0.947151,-1.135820,-1.342577,-1.566722,-1.807744,-2.063820,-2.333775,-2.616533,-2.911160,-3.216889,-3.530897,-3.846114,-4.153237,-4.437402,-4.673356,-5.108595,-4.280169,-3.236326,-2.265871,-1.449759,-0.770179,-0.220014,0.216358,0.549692,0.786868,0.934730,0.994868,0.972730,0.871969,0.699823,0.465359,0.181182,-0.141619,-0.489880,-0.853573,-1.219928,-1.576440,-1.911575,-2.217369,-2.485399,-2.705414,-2.872723,-2.984406,-3.036944,-3.027490,-2.956679,-2.828130,-2.642432,-2.402776,-2.115460,-1.784363,-1.418174,-1.021317,-0.605634,-0.176604,0.251596,0.676653,1.083990,1.468277,1.817638,2.127597,2.389277,2.598790,2.750128,2.840407,2.869457,2.834488,2.735651,2.576657,2.361095,2.092304,1.774221,1.416764,1.027348,0.613048,0.184251,-0.248418,-0.675079,-1.088933,-1.480810,-1.843681,-2.167837,-2.446248,-2.672978,-2.844333,-2.954521,-3.003118,-2.987575,-2.908071,-2.767929,-2.568358,-2.315674,-2.013905,-1.669716,-1.290658,-0.886708,-0.465303,-0.036314,0.391325,0.813404,1.217336,1.592332,1.931585,2.227987,2.472216,2.660679,2.790889,2.859591,2.863975,2.804481,2.684620,2.505049,2.269348,1.984140,1.653840,1.287659,0.890349,0.474254,0.045358,-0.384292,-0.805601,-1.206079,-1.580492,-1.916785,-2.209991,-2.451163,-2.635978,-2.758385,-2.815272,-2.807070,-2.730657,-2.587353,-2.380818,-2.114685,-1.792198,-1.417436,-1.000361,-0.549657,-0.074155,0.414503,0.902513,1.387276,1.862511,2.320207,2.754619,3.154553,3.511326,3.816511,4.062808,4.242085,4.351925,4.393917,4.385980,4.378164,4.452429,4.718465,5.382054,5.876593,4.825973,3.979464,3.256747,2.685362,2.248871,1.915052,1.653610,1.440517,1.260069,1.103288,0.965695,0.845651,0.742307,0.654779,0.581607,0.519479,0.464912,0.415532,0.370466,0.330629,0.296673,0.268843,0.246500,0.228082,0.212524,0.199701,0.190012,0.183479,0.179493,0.177261,0.176132,0.175653,0.175522,0.175522,0.175522,0.175522,0.175522,0.175522,0.175522,0.175522,0.175522,0.133970,0.064335,-0.034363,-0.163675,-0.325735,-0.523298,-0.759784,-1.039329,-1.366858,-1.748166,-2.190012,-2.700239,-3.287901,-3.963419,-4.738758,
5.803153,4.836213,4.007119,3.297592,2.691940,2.176720,1.740444,1.373334,1.067112,0.814811,0.610631,0.449806,0.328500,0.243715,0.193225,0.175522,0.175522,0.175522,0.175522,0.175522,0.175522,0.175522,0.175522,0.175102,0.173428,0.170599,0.166175,0.158264,0.145765,0.127492,0.103101,0.071487,0.031392,-0.018990,-0.081095,-0.156234,-0.245511,-0.350603,-0.472887,-0.613536,-0.773293,-0.952440,-1.151911,-1.372267,-1.613343,-1.874349,-2.154597,-2.452014,-2.765171,-3.092905,-3.434817,-3.791724,-4.162725,-4.538401,-4.904713,-5.243163,-5.211036,-4.314765,-3.362359,-2.443636,-1.606483,-0.880698,-0.270521,0.225320,0.613888,0.902454,1.096910,1.202751,1.223918,1.166413,1.035972,0.840157,0.588078,0.290723,-0.040870,-0.395036,-0.761472,-1.128544,-1.484835,-1.819817,-2.125036,-2.391988,-2.612400,-2.780791,-2.893882,-2.948437,-2.942539,-2.876569,-2.752986,-2.573450,-2.341254,-2.061691,-1.739726,-1.382476,-0.996234,-0.590339,-0.172554,0.246467,0.660212,1.058025,1.432368,1.773892,2.076273,2.332255,2.536914,2.685276,2.774409,2.803048,2.769585,2.674353,2.520160,2.310317,2.048561,1.739694,1.391732,1.012293,0.609081,0.191689,-0.229955,-0.646552,-1.050356,-1.432957,-1.786712,-2.103112,-2.375087,-2.596992,-2.764393,-2.872857,-2.920710,-2.906360,-2.829953,-2.693812,-2.500346,-2.254463,-1.960899,-1.625990,-1.257307,-0.863640,-0.453087,-0.034657,0.383389,0.794248,1.187664,1.553699,1.884832,2.173696,2.412812,2.597656,2.725300,2.792732,2.797988,2.741263,2.624843,2.450442,2.221626,1.943941,1.622793,1.265775,0.879477,0.473260,0.054387,-0.366775,-0.780068,-1.175189,-1.544542,-1.878619,-2.170589,-2.413086,-2.600657,-2.728159,-2.792287,-2.792170,-2.725678,-2.594086,-2.399954,-2.146504,-1.837319,-1.477327,-1.074634,-0.638213,-0.177634,0.296201,0.771582,1.242985,1.704434,2.148356,2.567982,2.953044,3.294988,3.586740,3.822783,4.000867,4.122999,4.196920,4.240650,4.291036,4.400627,4.634369,5.055324,5.637142,5.606530,4.604989,3.673823,3.000039,2.522449,2.171403,1.899038,1.671237,1.470520,1.290179,1.128631,0.986229,0.863059,0.758413,0.670604,0.595959,0.530587,0.471725,0.418224,0.370898,0.330358,0.296818,0.269550,0.246769,0.227262,0.210854,0.198074,0.188999,0.183028,0.179284,0.177077,0.176022,0.175595,0.175522,0.175522,0.175522,0.175522,0.175522,0.175522,0.175522,0.175522,0.133970,0.064335,-0.034363,-0.163675,-0.325735,-0.523298,-0.759784,-1.039329,-1.366858,-1.748166,-2.190012,-2.700239,-3.287901,-3.963419,-4.738758,
5.803153,4.836213,4.007119,3.297592,2.691940,2.176720,1.740444,1.373334,1.067112,0.814811,0.610631,0.449806,0.328500,0.243715,0.193225,0.175522,0.175522,0.175522,0.175522,0.175522,0.175522,0.175522,0.175522,0.173343,0.169203,0.163259,0.155104,0.142762,0.125035,0.100616,0.069088,0.029274,-0.020180,-0.081217,-0.155433,-0.244287,-0.349031,-0.471514,-0.613296,-0.775734,-0.959758,-1.165863,-1.395190,-1.648501,-1.925821,-2.226500,-2.549828,-2.893484,-3.255534,-3.634302,-4.029840,-4.446469,-4.891900,-5.352020,-5.802033,-5.352040,-4.355644,-3.421663,-2.538024,-1.712229,-0.964756,-0.313102,0.236341,0.679888,1.022241,1.266294,1.416669,1.479690,1.458646,1.361775,1.194785,0.965912,0.684235,0.361657,0.008073,-0.364712,-0.747933,-1.129907,-1.498979,-1.844199,-2.158076,-2.432634,-2.657979,-2.829836,-2.945547,-3.001776,-2.995880,-2.928519,-2.803439,-2.621230,-2.385236,-2.101812,-1.774905,-1.413266,-1.021312,-0.610922,-0.187406,0.234971,0.653982,1.055307,1.433846,1.777852,2.082978,2.340443,2.546456,2.695081,2.783486,2.811556,2.776517,2.678519,2.521253,2.308284,2.042883,1.728915,1.376211,0.992082,0.583489,0.160689,-0.265818,-0.686279,-1.094035,-1.480050,-1.837423,-2.156565,-2.430557,-2.653540,-2.821917,-2.929957,-2.977284,-2.961370,-2.882409,-2.743714,-2.546452,-2.296896,-1.999010,-1.659371,-1.285425,-0.887050,-0.471557,-0.048688,0.372741,0.788681,1.186663,1.556032,1.890092,2.181864,2.422109,2.607334,2.735109,2.802249,2.805962,2.746707,2.627991,2.450450,2.217614,1.936044,1.610077,1.248889,0.857169,0.446788,0.022536,-0.403470,-0.823155,-1.224111,-1.600900,-1.941571,-2.241239,-2.490950,-2.686324,-2.821162,-2.892142,-2.899373,-2.839384,-2.713044,-2.523578,-2.274280,-1.968141,-1.609042,-1.206844,-0.770146,-0.307706,0.168735,0.645105,1.118363,1.581623,2.026266,2.446098,2.829734,3.169032,3.457526,3.692014,3.871066,4.000115,4.086774,4.145445,4.202190,4.285884,4.429321,4.643726,4.890375,5.062521,4.944152,3.942891,3.215398,2.758348,2.431952,2.177931,1.948674,1.730487,1.524892,1.336789,1.169929,1.025481,0.902579,0.798906,0.710196,0.632064,0.561368,0.496737,0.438944,0.388648,0.346139,0.310705,0.280446,0.254075,0.231437,0.213242,0.199660,0.190101,0.183582,0.179338,0.176934,0.175890,0.175522,0.175522,0.175522,0.175522,0.175522,0.175522,0.175522,0.175522,0.133970,0.064335,-0.034363,-0.163675,-0.325735,-0.523298,-0.759784,-1.039329,-1.366858,-1.748166,-2.190012,-2.700239,-3.287901,-3.963419,-4.738758,
5.803153,4.836213,4.007119,3.297592,2.691940,2.176720,1.740444,1.373334,1.067112,0.814811,0.610631,0.449806,0.328500,0.243715,0.193225,0.175522,0.175522,0.175522,0.175522,0.175522,0.175522,0.175522,0.174085,0.169634,0.162558,0.152965,0.140479,0.123057,0.099388,0.068034,0.028487,-0.020515,-0.080439,-0.153392,-0.241157,-0.345373,-0.467480,-0.609538,-0.773320,-0.960395,-1.171916,-1.408611,-1.671865,-1.962689,-2.281390,-2.627582,-3.000602,-3.397735,-3.815886,-4.251396,-4.702559,-5.177124,-5.716765,-6.290750,-5.516161,-4.474569,-3.505558,-2.604333,-1.761788,-0.990505,-0.299540,0.298170,0.803273,1.202204,1.505988,1.709644,1.816806,1.839537,1.772662,1.633575,1.422808,1.150923,0.825153,0.463693,0.070777,-0.337050,-0.757705,-1.176779,-1.580908,-1.955553,-2.297230,-2.600345,-2.844524,-3.031513,-3.160064,-3.225868,-3.221873,-3.149394,-3.019021,-2.824649,-2.569599,-2.266605,-1.911891,-1.525562,-1.098991,-0.661045,-0.199238,0.246794,0.703113,1.129986,1.540201,1.905234,2.234203,2.507285,2.728584,2.885887,2.976534,3.007070,2.967857,2.858409,2.686848,2.457623,2.172574,1.829702,1.449445,1.036800,0.594951,0.138054,-0.321287,-0.770174,-1.208072,-1.620577,-2.005872,-2.347684,-2.640813,-2.877164,-3.058535,-3.170365,-3.220884,-3.201483,-3.112458,-2.963321,-2.746784,-2.478092,-2.155900,-1.789145,-1.383640,-0.955884,-0.507800,-0.053406,0.393357,0.844525,1.274200,1.669064,2.026640,2.342389,2.596644,2.791993,2.927542,2.999307,3.000231,2.931627,2.803970,2.611337,2.357280,2.054754,1.700335,1.314358,0.888266,0.451097,-0.009076,-0.465980,-0.920538,-1.346544,-1.756213,-2.120564,-2.447558,-2.717165,-2.932906,-3.082267,-3.162058,-3.178966,-3.122569,-2.992960,-2.797648,-2.540683,-2.223508,-1.844021,-1.422555,-0.965173,-0.476405,0.029275,0.524464,1.022160,1.510056,1.975128,2.416533,2.816382,3.168554,3.464891,3.708360,3.889571,4.022895,4.108574,4.156657,4.190563,4.216825,4.259534,4.307788,4.328088,4.238855,3.912574,3.173529,3.285952,2.976040,2.721220,2.522971,2.296258,2.049724,1.805555,1.580224,1.381757,1.211606,1.067659,0.946139,0.841722,0.749352,0.665456,0.588434,0.518984,0.457791,0.405208,0.360533,0.321761,0.287534,0.257715,0.233204,0.214278,0.200361,0.190348,0.183391,0.179008,0.176735,0.175840,0.175522,0.175522,0.175522,0.175522,0.175522,0.175522,0.175522,0.133970,0.064335,-0.034363,-0.163675,-0.325735,-0.523298,-0.759784,-1.039329,-1.366858,-1.748166,-2.190012,-2.700239,-3.287901,-3.963419,-4.738758,
5.803153,4.836213,4.007119,3.297592,2.691940,2.176720,1.740444,1.373334,1.067112,0.814811,0.610631,0.449806,0.328500,0.243715,0.193225,0.175522,0.175522,0.175522,0.175522,0.175522,0.175522,0.174480,0.170859,0.163637,0.153046,0.139199,0.121727,0.098510,0.068107,0.028928,-0.019638,-0.078952,-0.150612,-0.236910,-0.339837,-0.461248,-0.602813,-0.766841,-0.955354,-1.170166,-1.412674,-1.683863,-1.985382,-2.318558,-2.684144,-3.082310,-3.512789,-3.972602,-4.456846,-4.957350,-5.463468,-5.960796,-6.630097,-5.715904,-4.693139,-3.720211,-2.806128,-1.956757,-1.167713,-0.452757,0.183323,0.730751,1.191430,1.550122,1.818231,1.988883,2.064986,2.059123,1.964677,1.800318,1.565730,1.271596,0.924846,0.544504,0.133719,-0.290666,-0.727890,-1.163235,-1.582838,-1.971447,-2.326254,-2.641858,-2.895985,-3.091246,-3.226736,-3.297774,-3.296365,-3.223933,-3.092236,-2.894073,-2.632789,-2.322421,-1.958546,-1.563061,-1.125533,-0.677362,-0.203785,0.251791,0.719541,1.155951,1.576110,1.948980,2.285528,2.564307,2.790460,2.950740,3.042532,3.073479,3.032759,2.919707,2.743345,2.508401,2.216316,1.864228,1.474477,1.051854,0.598918,0.130617,-0.339750,-0.798701,-1.246649,-1.668430,-2.062842,-2.412410,-2.711973,-2.953150,-3.138475,-3.252029,-3.303291,-3.282698,-3.190576,-3.037438,-2.814797,-2.539303,-2.208906,-1.832871,-1.416991,-0.978952,-0.520016,-0.055063,0.401293,0.863680,1.303873,1.707698,2.073393,2.396680,2.656049,2.855017,2.993131,3.066166,3.066218,2.994844,2.863747,2.665944,2.405003,2.094954,1.731381,1.336293,0.899350,0.452179,-0.019516,-0.487301,-0.953023,-1.388335,-1.807837,-2.180247,-2.516280,-2.794323,-3.018427,-3.175063,-3.261093,-3.284266,-3.232930,-3.106907,-2.914509,-2.659970,-2.344236,-1.964227,-1.542040,-1.083327,-0.591722,-0.082418,0.415000,0.916142,1.407891,1.876256,2.321012,2.723135,3.076687,3.373410,3.617210,3.797394,3.929065,4.009794,4.045957,4.055986,4.037607,4.009523,3.958803,3.865743,3.687222,3.383320,2.928064,2.560713,3.259187,3.064586,2.998242,2.755864,2.448872,2.140397,1.861945,1.623558,1.423780,1.256824,1.116063,0.994537,0.886395,0.787694,0.696688,0.614026,0.540431,0.476319,0.421001,0.372395,0.329074,0.290919,0.259023,0.233773,0.214608,0.200287,0.189866,0.182809,0.178644,0.176612,0.175799,0.175522,0.175522,0.175522,0.175522,0.175522,0.175522,0.133970,0.064335,-0.034363,-0.163675,-0.325735,-0.523298,-0.759784,-1.039329,-1.366858,-1.748166,-2.190012,-2.700239,-3.287901,-3.963419,-4.738758,
5.803153,4.836213,4.007119,3.297592,2.691940,2.176720,1.740444,1.373334,1.067112,0.814811,0.610631,0.449806,0.328500,0.243715,0.193225,0.175522,0.175522,0.175522,0.175522,0.175522,0.174581,0.173145,0.169062,0.160981,0.149073,0.133363,0.113386,0.086815,0.051924,0.006813,-0.049391,-0.118306,-0.201812,-0.302525,-0.422745,-0.564617,-0.730080,-0.921669,-1.141565,-1.391705,-1.673533,-1.988043,-2.336883,-2.721481,-3.143034,-3.602611,-4.101090,-4.636103,-5.201335,-5.783176,-6.362482,-6.702832,-5.834663,-4.884273,-3.959895,-3.066042,-2.220143,-1.432454,-0.702001,-0.042664,0.541554,1.042446,1.461733,1.785464,2.023315,2.168776,2.224132,2.200497,2.092129,1.916023,1.672347,1.371259,1.019534,0.634805,0.220654,-0.206967,-0.646381,-1.083410,-1.504791,-1.895849,-2.252963,-2.570341,-2.827468,-3.025910,-3.164231,-3.237868,-3.239641,-3.170670,-3.041567,-2.846580,-2.589317,-2.282840,-1.923803,-1.532535,-1.100539,-0.656787,-0.188933,0.263287,0.725771,1.158669,1.574631,1.945020,2.278823,2.556119,2.780918,2.940934,3.033454,3.064970,3.025828,2.915541,2.742251,2.510434,2.221995,1.875008,1.489998,1.072065,0.624510,0.161616,-0.303887,-0.758974,-1.202970,-1.621338,-2.012130,-2.358956,-2.656504,-2.896602,-3.080951,-3.194929,-3.246718,-3.227688,-3.138120,-2.987536,-2.768690,-2.496869,-2.170796,-1.799490,-1.388872,-0.955542,-0.501545,-0.041033,0.411940,0.869248,1.304873,1.705365,2.068133,2.388512,2.646751,2.845339,2.983322,3.056649,3.058244,2.989401,2.860599,2.665936,2.409015,2.102850,1.744098,1.353179,0.921658,0.478676,0.012446,-0.450644,-0.911368,-1.343404,-1.758824,-2.128809,-2.462119,-2.739027,-2.963463,-3.122671,-3.213032,-3.241163,-3.196571,-3.079217,-2.896477,-2.652279,-2.347980,-1.981368,-1.572635,-1.127606,-0.650472,-0.155445,0.330304,0.819740,1.300276,1.758595,2.193656,2.587514,2.934115,3.225379,3.464256,3.641018,3.768681,3.844223,3.871371,3.864105,3.817955,3.748827,3.648470,3.511134,3.322573,3.087676,2.831299,2.665588,2.665980,3.414260,3.772257,3.387885,2.941457,2.522327,2.167891,1.880022,1.647018,1.455364,1.293875,1.153553,1.027893,0.912836,0.806662,0.710004,0.623577,0.547783,0.481871,0.423629,0.371501,0.325322,0.286317,0.254949,0.230653,0.212029,0.198032,0.188077,0.181703,0.178129,0.176417,0.175735,0.175522,0.175522,0.175522,0.175522,0.175522,0.133970,0.064335,-0.034363,-0.163675,-0.325735,-0.523298,-0.759784,-1.039329,-1.366858,-1.748166,-2.190012,-2.700239,-3.287901,-3.963419,-4.738758,
5.803153,4.836213,4.007119,3.297592,2.691940,2.176720,1.740444,1.373334,1.067112,0.814811,0.610631,0.449806,0.328500,0.243715,0.193225,0.175522,0.175522,0.175522,0.175522,0.174841,0.173342,0.171395,0.166621,0.157486,0.144002,0.126069,0.103100,0.072532,0.032316,-0.019790,-0.084948,-0.165049,-0.262273,-0.379567,-0.519542,-0.684644,-0.877103,-1.099707,-1.354830,-1.644556,-1.970374,-2.333213,-2.734574,-3.175854,-3.658818,-4.186196,-4.761741,-5.386193,-6.054207,-6.743489,-6.848564,-5.922757,-5.035319,-4.169830,-3.331779,-2.525556,-1.761077,-1.047490,-0.390259,0.202847,0.726384,1.174928,1.545120,1.831899,2.036201,2.157382,2.197386,2.160952,2.050693,1.874571,1.638021,1.348829,1.015363,0.648490,0.256731,-0.149498,-0.562565,-0.971660,-1.365777,-1.734172,-2.069513,-2.363859,-2.607340,-2.795621,-2.925871,-2.994456,-2.998559,-2.938757,-2.818584,-2.638692,-2.402655,-2.117147,-1.786599,-1.420216,-1.022860,-0.606664,-0.177101,0.251464,0.676639,1.083990,1.468277,1.817638,2.127597,2.389277,2.598790,2.750128,2.840407,2.869457,2.834488,2.735651,2.576657,2.361095,2.092304,1.774221,1.416764,1.027348,0.613048,0.184251,-0.248418,-0.675079,-1.088933,-1.480810,-1.843681,-2.167837,-2.446248,-2.672978,-2.844333,-2.954521,-3.003118,-2.987575,-2.908071,-2.767929,-2.568358,-2.315674,-2.013905,-1.669716,-1.290658,-0.886708,-0.465303,-0.036314,0.391325,0.813404,1.217336,1.592332,1.931585,2.227987,2.472216,2.660679,2.790889,2.859591,2.863975,2.804481,2.684620,2.505049,2.269348,1.984140,1.653840,1.287709,0.890561,0.474368,0.044058,-0.388134,-0.813994,-1.221276,-1.605297,-1.954357,-2.263861,-2.525168,-2.734331,-2.885339,-2.975326,-3.003689,-2.966530,-2.864427,-2.700255,-2.476991,-2.197375,-1.864995,-1.489392,-1.078670,-0.640914,-0.187347,0.268379,0.723168,1.169595,1.598493,2.003316,2.372630,2.698546,2.974998,3.199177,3.369615,3.489859,3.561731,3.587144,3.572051,3.519272,3.436608,3.325748,3.188785,3.029496,2.865640,2.736743,2.721491,2.928752,3.572668,4.636954,4.203809,3.514663,2.934667,2.491681,2.157063,1.896744,1.684588,1.503847,1.344048,1.198924,1.065018,0.941072,0.827877,0.726197,0.636423,0.557740,0.487846,0.425068,0.369199,0.321573,0.282729,0.252090,0.228093,0.209578,0.195900,0.186605,0.180875,0.177701,0.176216,0.175645,0.175522,0.175522,0.175522,0.175522,0.133970,0.064335,-0.034363,-0.163675,-0.325735,-0.523298,-0.759784,-1.039329,-1.366858,-1.748166,-2.190012,-2.700239,-3.287901,-3.963419,-4.738758,
5.803153,4.836213,4.007119,3.297592,2.691940,2.176720,1.740444,1.373334,1.067112,0.814811,0.610631,0.449806,0.328500,0.243715,0.193225,0.175522,0.175522,0.175522,0.175522,0.174006,0.172211,0.169735,0.164212,0.153887,0.138585,0.118050,0.091548,0.056246,0.009737,-0.050596,-0.126227,-0.219339,-0.332421,-0.468749,-0.631241,-0.822646,-1.045512,-1.302928,-1.597528,-1.931618,-2.306756,-2.723685,-3.183398,-3.686728,-4.235653,-4.835226,-5.494849,-6.223287,-7.024618,-7.008944,-6.083635,-5.211196,-4.377074,-3.570109,-2.790755,-2.042857,-1.333823,-0.672003,-0.064118,0.483010,0.964002,1.373966,1.708936,1.965250,2.142536,2.240986,2.262355,2.210251,2.088384,1.903206,1.660781,1.368515,1.034743,0.669056,0.280445,-0.121584,-0.528594,-0.930498,-1.317121,-1.678587,-2.007042,-2.294469,-2.533003,-2.717534,-2.844871,-2.911987,-2.916935,-2.859903,-2.743171,-2.568450,-2.339301,-2.061323,-1.739945,-1.382717,-0.996318,-0.590347,-0.172554,0.246467,0.660212,1.058025,1.432368,1.773892,2.076273,2.332255,2.536914,2.685276,2.774409,2.803048,2.769585,2.674353,2.520160,2.310317,2.048561,1.739694,1.391732,1.012293,0.609081,0.191689,-0.229955,-0.646552,-1.050356,-1.432957,-1.786712,-2.103112,-2.375087,-2.596992,-2.764393,-2.872857,-2.920710,-2.906360,-2.829953,-2.693812,-2.500346,-2.254463,-1.960899,-1.625990,-1.257307,-0.863640,-0.453087,-0.034657,0.383389,0.794248,1.187664,1.553699,1.884832,2.173696,2.412812,2.597656,2.725300,2.792732,2.797988,2.741263,2.624843,2.450442,2.221626,1.943941,1.622793,1.265775,0.879477,0.473285,0.054497,-0.366813,-0.781509,-1.179486,-1.553674,-1.894943,-2.196886,-2.452503,-2.656814,-2.804847,-2.893664,-2.921994,-2.888275,-2.792237,-2.635789,-2.421622,-2.152850,-1.833891,-1.472349,-1.076472,-0.654853,-0.217666,0.223931,0.664334,1.096790,1.512936,1.905519,2.264273,2.581235,2.850452,3.068042,3.233359,3.347969,3.413752,3.431532,3.405362,3.339060,3.240343,3.115150,2.971313,2.820246,2.684202,2.599852,2.623247,2.824586,3.284130,4.011996,4.645503,4.100675,3.315898,2.800411,2.443070,2.173302,1.949890,1.752542,1.572078,1.404581,1.248432,1.103403,0.970616,0.850873,0.744502,0.650593,0.566771,0.491263,0.423816,0.365850,0.317970,0.279593,0.248991,0.224884,0.206559,0.193566,0.185033,0.179853,0.177075,0.175917,0.175522,0.175522,0.175522,0.175522,0.133970,0.064335,-0.034363,-0.163675,-0.325735,-0.523298,-0.759784,-1.039329,-1.366858,-1.748166,-2.190012,-2.700239,-3.287901,-3.963419,-4.738758,
5.803153,4.836213,4.007119,3.297592,2.691940,2.176720,1.740444,1.373334,1.067112,0.814811,0.610631,0.449806,0.328500,0.243715,0.193225,0.175522,0.175522,0.175522,0.174161,0.170305,0.165465,0.159382,0.149579,0.134149,0.112808,0.085262,0.050763,0.006339,-0.050630,-0.122981,-0.212365,-0.321135,-0.451998,-0.608495,-0.793861,-1.011226,-1.263617,-1.554698,-1.887745,-2.265724,-2.690684,-3.163348,-3.683826,-4.251277,-4.866398,-5.536155,-6.279552,-7.117751,-7.109624,-6.261053,-5.434966,-4.629021,-3.842247,-3.076458,-2.338321,-1.628753,-0.955465,-0.327694,0.248354,0.764756,1.216373,1.598244,1.907279,2.138527,2.292880,2.369508,2.370089,2.299108,2.158930,1.957239,1.699216,1.392434,1.045052,0.667708,0.268535,-0.142456,-0.558007,-0.967677,-1.360824,-1.727018,-2.059278,-2.350054,-2.589829,-2.774704,-2.902152,-2.968979,-2.972386,-2.912827,-2.793803,-2.615943,-2.382772,-2.100905,-1.774687,-1.413244,-1.021312,-0.610922,-0.187406,0.234971,0.653982,1.055307,1.433846,1.777852,2.082978,2.340443,2.546456,2.695081,2.783486,2.811556,2.776517,2.678519,2.521253,2.308284,2.042883,1.728915,1.376211,0.992082,0.583489,0.160689,-0.265818,-0.686279,-1.094035,-1.480050,-1.837423,-2.156565,-2.430557,-2.653540,-2.821917,-2.929957,-2.977284,-2.961370,-2.882409,-2.743714,-2.546452,-2.296896,-1.999010,-1.659371,-1.285425,-0.887050,-0.471557,-0.048688,0.372741,0.788681,1.186663,1.556032,1.890092,2.181864,2.422109,2.607334,2.735109,2.802249,2.805962,2.746707,2.627991,2.450450,2.217614,1.936044,1.610077,1.248889,0.857169,0.446788,0.022536,-0.403470,-0.823164,-1.224416,-1.602687,-1.946389,-2.251067,-2.508161,-2.713826,-2.862124,-2.950216,-2.977980,-2.942637,-2.844331,-2.686520,-2.471344,-2.201452,-1.880311,-1.517305,-1.120270,-0.696876,-0.257931,0.183354,0.624203,1.057270,1.473426,1.866188,2.224279,2.539936,2.806919,3.021941,3.182629,3.291281,3.348224,3.353685,3.312268,3.226628,3.106881,2.960340,2.798043,2.633871,2.490912,2.398006,2.393576,2.515030,2.791230,3.207179,3.679749,4.136162,3.548621,3.061135,2.743978,2.499774,2.279352,2.067709,1.863443,1.668617,1.485051,1.314055,1.157108,1.014957,0.887778,0.774544,0.672864,0.580921,0.498458,0.426976,0.367164,0.318449,0.278958,0.247287,0.222647,0.204573,0.192106,0.183998,0.179163,0.176740,0.175833,0.175522,0.175522,0.175522,0.133970,0.064335,-0.034363,-0.163675,-0.325735,-0.523298,-0.759784,-1.039329,-1.366858,-1.748166,-2.190012,-2.700239,-3.287901,-3.963419,-4.738758,
5.803153,4.836213,4.007119,3.297592,2.691940,2.176720,1.740444,1.373334,1.067112,0.814811,0.610631,0.449806,0.328500,0.243715,0.193225,0.175522,0.175522,0.174934,0.171493,0.164982,0.156755,0.146627,0.132052,0.110953,0.082923,0.047623,0.004278,-0.050236,-0.118765,-0.204383,-0.308936,-0.434977,-0.585450,-0.764176,-0.974718,-1.220613,-1.505431,-1.833537,-2.209108,-2.636190,-3.117807,-3.654887,-4.245930,-4.885910,-5.569741,-6.301236,-7.116266,-6.909315,-6.378742,-5.687023,-4.941642,-4.180978,-3.416828,-2.662903,-1.942862,-1.242553,-0.575260,0.045278,0.618077,1.128628,1.573552,1.945627,2.247009,2.463735,2.605069,2.663828,2.641507,2.548547,2.378654,2.148291,1.857207,1.515290,1.129102,0.716027,0.279125,-0.166208,-0.618787,-1.064923,-1.491860,-1.885336,-2.242275,-2.557512,-2.811379,-3.006375,-3.141594,-3.213045,-3.213662,-3.144753,-3.016786,-2.823831,-2.569435,-2.266597,-1.911891,-1.525562,-1.098991,-0.661045,-0.199238,0.246794,0.703113,1.129986,1.540201,1.905234,2.234203,2.507285,2.728584,2.885887,2.976534,3.007070,2.967857,2.858409,2.686848,2.457623,2.172574,1.829702,1.449445,1.036800,0.594951,0.138054,-0.321287,-0.770174,-1.208072,-1.620577,-2.005872,-2.347684,-2.640813,-2.877164,-3.058535,-3.170365,-3.220884,-3.201483,-3.112458,-2.963321,-2.746784,-2.478092,-2.155900,-1.789145,-1.383640,-0.955884,-0.507800,-0.053406,0.393357,0.844525,1.274200,1.669064,2.026640,2.342389,2.596644,2.791993,2.927542,2.999307,3.000231,2.931627,2.803970,2.611337,2.357280,2.054754,1.700335,1.314358,0.888266,0.451097,-0.009076,-0.465980,-0.920538,-1.346544,-1.756213,-2.120841,-2.449325,-2.722020,-2.942966,-3.099939,-3.190271,-3.220500,-3.180982,-3.071225,-2.899343,-2.669559,-2.382807,-2.036342,-1.650156,-1.229639,-0.778275,-0.309554,0.150136,0.614281,1.070352,1.505039,1.917366,2.289678,2.616197,2.888588,3.108970,3.265965,3.370168,3.415481,3.401901,3.340011,3.224056,3.073651,2.891757,2.692715,2.488788,2.307366,2.165536,2.094687,2.108322,2.219321,2.412257,2.632842,2.767045,2.529354,3.259801,3.070286,2.892471,2.682008,2.449026,2.210728,1.979471,1.761472,1.559254,1.374071,1.206136,1.055175,0.919894,0.797846,0.687173,0.587598,0.500655,0.427097,0.366360,0.316448,0.275840,0.243670,0.219461,0.202156,0.190345,0.182777,0.178487,0.176507,0.175751,0.175522,0.175522,0.133970,0.064335,-0.034363,-0.163675,-0.325735,-0.523298,-0.759784,-1.039329,-1.366858,-1.748166,-2.190012,-2.700239,-3.287901,-3.963419,-4.738758,
5.803153,4.836213,4.007119,3.297592,2.691940,2.176720,1.740444,1.373334,1.067112,0.814811,0.610631,0.449806,0.328500,0.243715,0.193225,0.175522,0.175388,0.173003,0.167156,0.157488,0.145359,0.130626,0.110660,0.083194,0.047679,0.003728,-0.049470,-0.115192,-0.196521,-0.296766,-0.417986,-0.562953,-0.734874,-0.937859,-1.175795,-1.452619,-1.772467,-2.140515,-2.562179,-3.043313,-3.589085,-4.201862,-4.878547,-5.606403,-6.365736,-7.132855,-6.810638,-6.346367,-5.796417,-5.152260,-4.461290,-3.746589,-3.019139,-2.295845,-1.604285,-0.928455,-0.282762,0.317869,0.872914,1.366668,1.795767,2.152603,2.439907,2.642177,2.769730,2.814220,2.776984,2.669320,2.483630,2.237672,1.930419,1.572070,1.169192,0.740407,0.288148,-0.171436,-0.638092,-1.097529,-1.536316,-1.939430,-2.304669,-2.627452,-2.886427,-3.085039,-3.222822,-3.295542,-3.295286,-3.223607,-3.092199,-2.894073,-2.632789,-2.322421,-1.958546,-1.563061,-1.125533,-0.677362,-0.203785,0.251791,0.719541,1.155951,1.576110,1.948980,2.285528,2.564307,2.790460,2.950740,3.042532,3.073479,3.032759,2.919707,2.743345,2.508401,2.216316,1.864228,1.474477,1.051854,0.598918,0.130617,-0.339750,-0.798701,-1.246649,-1.668430,-2.062842,-2.412410,-2.711973,-2.953150,-3.138475,-3.252029,-3.303291,-3.282698,-3.190576,-3.037438,-2.814797,-2.539303,-2.208906,-1.832871,-1.416991,-0.978952,-0.520016,-0.055063,0.401293,0.863680,1.303873,1.707698,2.073393,2.396680,2.656049,2.855017,2.993131,3.066166,3.066218,2.994844,2.863747,2.665944,2.405003,2.094954,1.731381,1.336293,0.899350,0.452179,-0.019516,-0.487301,-0.953023,-1.388335,-1.807837,-2.180256,-2.516300,-2.794685,-3.020483,-3.180430,-3.271907,-3.302547,-3.261522,-3.148159,-2.971474,-2.736188,-2.443775,-2.090776,-1.698527,-1.272198,-0.814537,-0.339841,0.123311,0.591090,1.050289,1.486772,1.900293,2.272206,2.597015,2.866256,3.082858,3.233977,3.331244,3.367387,3.342243,3.267255,3.135425,2.967921,2.767216,2.547926,2.321357,2.113560,1.936227,1.814443,1.752926,1.760911,1.832198,1.944581,2.052066,2.128863,2.418327,3.493198,3.419209,3.200648,2.920279,2.626846,2.344973,2.083557,1.844211,1.626457,1.429135,1.251124,1.090712,0.945387,0.813267,0.694066,0.589310,0.499802,0.424994,0.362796,0.311587,0.270434,0.238838,0.215638,0.199238,0.188194,0.181410,0.177807,0.176213,0.175629,0.175522,0.133970,0.064335,-0.034363,-0.163675,-0.325735,-0.523298,-0.759784,-1.039329,-1.366858,-1.748166,-2.190012,-2.700239,-3.287901,-3.963419,-4.738758,
5.803153,4.836213,4.007119,3.297592,2.691940,2.176720,1.740444,1.373334,1.067112,0.814811,0.610631,0.449806,0.328500,0.243715,0.193225,0.175522,0.174736,0.172376,0.166357,0.156208,0.143268,0.127337,0.105586,0.075388,0.035887,-0.013543,-0.073946,-0.148946,-0.242048,-0.356961,-0.496099,-0.662567,-0.859885,-1.092422,-1.364251,-1.679481,-2.042493,-2.458973,-2.935545,-3.480601,-4.103441,-4.811169,-5.601959,-6.452302,-7.323188,-6.832121,-6.343604,-5.821664,-5.258347,-4.640997,-3.992066,-3.322116,-2.638439,-1.956239,-1.300846,-0.659117,-0.045145,0.526581,1.054546,1.524046,1.931491,2.269358,2.539406,2.727307,2.841959,2.875822,2.830091,2.715019,2.524212,2.273999,1.964076,1.604376,1.201575,0.773164,0.322268,-0.135644,-0.599270,-1.054833,-1.489607,-1.889557,-2.251922,-2.571808,-2.829659,-3.027891,-3.165542,-3.238550,-3.239834,-3.170682,-3.041567,-2.846580,-2.589317,-2.282840,-1.923803,-1.532535,-1.100539,-0.656787,-0.188933,0.263287,0.725771,1.158669,1.574631,1.945020,2.278823,2.556119,2.780918,2.940934,3.033454,3.064970,3.025828,2.915541,2.742251,2.510434,2.221995,1.875008,1.489998,1.072065,0.624510,0.161616,-0.303887,-0.758974,-1.202970,-1.621338,-2.012130,-2.358956,-2.656504,-2.896602,-3.080951,-3.194929,-3.246718,-3.227688,-3.138120,-2.987536,-2.768690,-2.496869,-2.170796,-1.799490,-1.388872,-0.955542,-0.501545,-0.041033,0.411940,0.869248,1.304873,1.705365,2.068133,2.388512,2.646751,2.845339,2.983322,3.056649,3.058244,2.989401,2.860599,2.665936,2.409015,2.102850,1.744098,1.353179,0.921658,0.478676,0.012446,-0.450644,-0.911368,-1.343404,-1.758824,-2.128809,-2.462119,-2.739027,-2.963471,-3.123153,-3.215356,-3.246561,-3.207109,-3.096509,-2.922896,-2.690736,-2.401984,-2.054713,-1.669295,-1.250798,-0.802514,-0.337957,0.116565,0.574507,1.023200,1.449220,1.851542,2.212715,2.527299,2.787193,2.994619,3.138000,3.227554,3.256832,3.225555,3.144114,3.006653,2.832885,2.625877,2.399515,2.164075,1.942440,1.744053,1.589910,1.483335,1.434669,1.447367,1.522003,1.652975,1.865421,2.268703,2.907258,4.190424,3.871004,3.483325,3.099592,2.749052,2.435538,2.154661,1.901635,1.672849,1.465965,1.278757,1.108633,0.953688,0.813600,0.689813,0.583129,0.493002,0.417287,0.354284,0.303015,0.262977,0.232919,0.211067,0.195785,0.185842,0.180039,0.177088,0.175911,0.175522,0.133970,0.064335,-0.034363,-0.163675,-0.325735,-0.523298,-0.759784,-1.039329,-1.366858,-1.748166,-2.190012,-2.700239,-3.287901,-3.963419,-4.738758,
5.803153,4.836213,4.007119,3.297592,2.691940,2.176720,1.740444,1.373334,1.067112,0.814811,0.610631,0.449806,0.328500,0.243715,0.193225,0.174304,0.173292,0.170552,0.164033,0.153062,0.138904,0.121293,0.097176,0.063539,0.019194,-0.036740,-0.105554,-0.191225,-0.297667,-0.428983,-0.587954,-0.778047,-1.003123,-1.267819,-1.576345,-1.932819,-2.341538,-2.808232,-3.340448,-3.949873,-4.653271,-5.470163,-6.411709,-7.435607,-7.408317,-6.474132,-5.826969,-5.257906,-4.696856,-4.117445,-3.518304,-2.904163,-2.282419,-1.663882,-1.059874,-0.473169,0.087263,0.610964,1.090866,1.518843,1.889544,2.197659,2.439550,2.609734,2.708518,2.734428,2.688554,2.574957,2.395697,2.158066,1.867000,1.530007,1.155301,0.753576,0.332916,-0.096708,-0.527992,-0.950759,-1.354623,-1.729353,-2.068305,-2.364250,-2.608107,-2.796220,-2.926099,-2.994484,-2.998559,-2.938757,-2.818584,-2.638692,-2.402655,-2.117147,-1.786599,-1.420216,-1.022860,-0.606664,-0.177101,0.251464,0.676639,1.083990,1.468277,1.817638,2.127597,2.389277,2.598790,2.750128,2.840407,2.869457,2.834488,2.735651,2.576657,2.361095,2.092304,1.774221,1.416764,1.027348,0.613048,0.184251,-0.248418,-0.675079,-1.088933,-1.480810,-1.843681,-2.167837,-2.446248,-2.672978,-2.844333,-2.954521,-3.003118,-2.987575,-2.908071,-2.767929,-2.568358,-2.315674,-2.013905,-1.669716,-1.290658,-0.886708,-0.465303,-0.036314,0.391325,0.813404,1.217336,1.592332,1.931585,2.227987,2.472216,2.660679,2.790889,2.859591,2.863975,2.804481,2.684620,2.505049,2.269348,1.984140,1.653840,1.287709,0.890561,0.474368,0.044058,-0.388134,-0.813994,-1.221276,-1.605297,-1.954357,-2.263861,-2.525168,-2.734331,-2.885339,-2.975300,-3.004041,-2.968764,-2.869615,-2.710299,-2.494401,-2.225311,-1.906980,-1.549271,-1.159664,-0.746073,-0.318708,0.109491,0.535815,0.952730,1.350943,1.723906,2.060714,2.354188,2.598418,2.790144,2.926381,3.008453,3.035729,3.007655,2.928296,2.800081,2.633551,2.436790,2.220837,1.996718,1.779328,1.581697,1.418250,1.298493,1.232569,1.229687,1.300132,1.458837,1.742741,2.227165,3.018409,4.369649,4.732386,4.153085,3.638073,3.204588,2.834796,2.510441,2.219848,1.956604,1.717417,1.499848,1.301431,1.120362,0.956322,0.810648,0.684104,0.576139,0.484580,0.407676,0.344403,0.294253,0.255882,0.227327,0.206740,0.192738,0.183977,0.179017,0.176650,0.175793,0.133970,0.064335,-0.034363,-0.163675,-0.325735,-0.523298,-0.759784,-1.039329,-1.366858,-1.748166,-2.190012,-2.700239,-3.287901,-3.963419,-4.738758,
5.803153,4.836213,4.007119,3.297592,2.691940,2.176720,1.740444,1.373334,1.067112,0.814811,0.610631,0.449806,0.328500,0.243715,0.192477,0.173286,0.171927,0.168819,0.161744,0.149811,0.134189,0.114529,0.087528,0.049752,-0.000344,-0.063918,-0.142537,-0.240524,-0.362189,-0.512006,-0.693134,-0.909435,-1.165159,-1.465256,-1.814068,-2.215525,-2.673230,-3.191746,-3.777870,-4.445569,-5.221773,-6.150669,-7.299637,-7.536658,-6.758670,-6.035387,-5.419621,-4.856823,-4.307153,-3.749688,-3.178965,-2.596872,-2.009435,-1.425441,-0.853173,-0.297651,0.232860,0.728631,1.181849,1.585569,1.934388,2.223286,2.447920,2.604213,2.691252,2.708510,2.657044,2.539929,2.360415,2.124332,1.837259,1.506320,1.139673,0.746722,0.336032,-0.083400,-0.503734,-0.915545,-1.309125,-1.675005,-2.005882,-2.294309,-2.533059,-2.717556,-2.844871,-2.911987,-2.916935,-2.859903,-2.743171,-2.568450,-2.339301,-2.061323,-1.739945,-1.382717,-0.996318,-0.590347,-0.172554,0.246467,0.660212,1.058025,1.432368,1.773892,2.076273,2.332255,2.536914,2.685276,2.774409,2.803048,2.769585,2.674353,2.520160,2.310317,2.048561,1.739694,1.391732,1.012293,0.609081,0.191689,-0.229955,-0.646552,-1.050356,-1.432957,-1.786712,-2.103112,-2.375087,-2.596992,-2.764393,-2.872857,-2.920710,-2.906360,-2.829953,-2.693812,-2.500346,-2.254463,-1.960899,-1.625990,-1.257307,-0.863640,-0.453087,-0.034657,0.383389,0.794248,1.187664,1.553699,1.884832,2.173696,2.412812,2.597656,2.725300,2.792732,2.797988,2.741263,2.624843,2.450442,2.221626,1.943941,1.622793,1.265775,0.879477,0.473285,0.054497,-0.366813,-0.781509,-1.179486,-1.553674,-1.894943,-2.196886,-2.452503,-2.656814,-2.804847,-2.893664,-2.921994,-2.888225,-2.792681,-2.638168,-2.427991,-2.165944,-1.856846,-1.508675,-1.129135,-0.726143,-0.310048,0.108413,0.524348,0.930821,1.319278,1.682391,2.010381,2.296019,2.533638,2.719155,2.850718,2.928126,2.951453,2.919966,2.836627,2.704899,2.533669,2.331395,2.108342,1.874906,1.643976,1.428481,1.241829,1.095187,1.000535,0.970961,1.022021,1.173565,1.458112,1.924065,2.626286,3.604082,4.711890,4.885116,4.207392,3.696717,3.279183,2.915230,2.586637,2.286067,2.010685,1.758602,1.527833,1.316821,1.125294,0.954446,0.804969,0.676283,0.566224,0.473008,0.395576,0.333405,0.285062,0.248388,0.221315,0.202280,0.189772,0.182161,0.178062,0.176289,0.134104,0.064335,-0.034363,-0.163675,-0.325735,-0.523298,-0.759784,-1.039329,-1.366858,-1.748166,-2.190012,-2.700239,-3.287901,-3.963419,-4.738758,
5.803153,4.836213,4.007119,3.297592,2.691940,2.176720,1.740444,1.373334,1.067112,0.814811,0.610631,0.449806,0.328500,0.243715,0.190733,0.168982,0.164473,0.157594,0.145972,0.128559,0.106508,0.079527,0.044192,-0.003179,-0.064311,-0.140446,-0.233245,-0.347196,-0.486822,-0.656846,-0.860777,-1.102954,-1.388219,-1.722164,-2.109658,-2.554673,-3.059700,-3.626304,-4.256567,-4.961126,-5.773615,-6.757407,-7.352893,-6.808828,-6.235022,-5.665217,-5.119033,-4.587721,-4.056068,-3.512430,-2.956111,-2.388904,-1.815739,-1.245773,-0.689017,-0.147439,0.370166,0.853281,1.294865,1.686947,2.024291,2.301707,2.515754,2.661117,2.738219,2.745591,2.684333,2.558514,2.370140,2.126349,1.831894,1.494100,1.120960,0.722898,0.307424,-0.116183,-0.541240,-0.957862,-1.355773,-1.724873,-2.058629,-2.349953,-2.589827,-2.774704,-2.902152,-2.968979,-2.972386,-2.912827,-2.793803,-2.615943,-2.382772,-2.100905,-1.774687,-1.413244,-1.021312,-0.610922,-0.187406,0.234971,0.653982,1.055307,1.433846,1.777852,2.082978,2.340443,2.546456,2.695081,2.783486,2.811556,2.776517,2.678519,2.521253,2.308284,2.042883,1.728915,1.376211,0.992082,0.583489,0.160689,-0.265818,-0.686279,-1.094035,-1.480050,-1.837423,-2.156565,-2.430557,-2.653540,-2.821917,-2.929957,-2.977284,-2.961370,-2.882409,-2.743714,-2.546452,-2.296896,-1.999010,-1.659371,-1.285425,-0.887050,-0.471557,-0.048688,0.372741,0.788681,1.186663,1.556032,1.890092,2.181864,2.422109,2.607334,2.735109,2.802249,2.805962,2.746707,2.627991,2.450450,2.217614,1.936044,1.610077,1.248889,0.857169,0.446788,0.022536,-0.403470,-0.823164,-1.224416,-1.602687,-1.946389,-2.251067,-2.508161,-2.713826,-2.862124,-2.950216,-2.977980,-2.942637,-2.844331,-2.686747,-2.473442,-2.207744,-1.893525,-1.540566,-1.156226,-0.747623,-0.325559,0.097318,0.517542,0.928328,1.320286,1.686805,2.017027,2.303888,2.541499,2.726532,2.855619,2.929583,2.947295,2.907906,2.815244,2.671336,2.486136,2.266963,2.023930,1.766855,1.509262,1.263035,1.042302,0.857838,0.723557,0.655243,0.670915,0.788761,1.033528,1.436981,2.022202,2.791994,3.699272,4.679135,4.754553,4.227316,3.790597,3.395770,3.027649,2.684206,2.365913,2.072525,1.802917,1.555904,1.331301,1.130142,0.953009,0.799282,0.666829,0.553842,0.459229,0.382424,0.321888,0.275250,0.240189,0.214924,0.197733,0.186738,0.180325,0.177149,0.134364,0.064335,-0.034363,-0.163675,-0.325735,-0.523298,-0.759784,-1.039329,-1.366858,-1.748166,-2.190012,-2.700239,-3.287901,-3.963419,-4.738758,
5.803153,4.836213,4.007119,3.297592,2.691940,2.176720,1.740444,1.373334,1.067112,0.814811,0.610631,0.449806,0.328500,0.243085,0.188020,0.163515,0.155577,0.144577,0.127987,0.104582,0.075499,0.040499,-0.003963,-0.061816,-0.134965,-0.224752,-0.332952,-0.464218,-0.623265,-0.815055,-1.043479,-1.313442,-1.630583,-2.001524,-2.432283,-2.927535,-3.488658,-4.111885,-4.787174,-5.507250,-6.305372,-6.293841,-6.467863,-6.284793,-5.911099,-5.457098,-4.971970,-4.469916,-3.949470,-3.401415,-2.839340,-2.264038,-1.676908,-1.089983,-0.526329,0.028469,0.560437,1.054802,1.509944,1.911323,2.255436,2.534867,2.751625,2.891602,2.963828,2.960708,2.883413,2.742194,2.530579,2.264626,1.943738,1.577554,1.172434,0.745159,0.297851,-0.154908,-0.612543,-1.061949,-1.490758,-1.885077,-2.242247,-2.557511,-2.811379,-3.006375,-3.141594,-3.213045,-3.213662,-3.144753,-3.016786,-2.823831,-2.569435,-2.266597,-1.911891,-1.525562,-1.098991,-0.661045,-0.199238,0.246794,0.703113,1.129986,1.540201,1.905234,2.234203,2.507285,2.728584,2.885887,2.976534,3.007070,2.967857,2.858409,2.686848,2.457623,2.172574,1.829702,1.449445,1.036800,0.594951,0.138054,-0.321287,-0.770174,-1.208072,-1.620577,-2.005872,-2.347684,-2.640813,-2.877164,-3.058535,-3.170365,-3.220884,-3.201483,-3.112458,-2.963321,-2.746784,-2.478092,-2.155900,-1.789145,-1.383640,-0.955884,-0.507800,-0.053406,0.393357,0.844525,1.274200,1.669064,2.026640,2.342389,2.596644,2.791993,2.927542,2.999307,3.000231,2.931627,2.803970,2.611337,2.357280,2.054754,1.700335,1.314358,0.888266,0.451097,-0.009076,-0.465980,-0.920538,-1.346544,-1.756213,-2.120841,-2.449325,-2.722020,-2.942966,-3.099939,-3.190271,-3.220500,-3.180982,-3.071225,-2.899343,-2.669778,-2.384417,-2.041258,-1.660649,-1.247524,-0.804900,-0.346368,0.102101,0.552750,0.992169,1.407787,1.798361,2.146488,2.446946,2.691723,2.882981,3.008515,3.077714,3.083344,3.024760,2.912107,2.738992,2.524217,2.269557,1.987188,1.684952,1.382684,1.086866,0.816889,0.577582,0.386472,0.261825,0.225103,0.288138,0.467116,0.793341,1.269903,1.889024,2.616074,3.382326,4.201657,4.791533,4.373215,3.953057,3.538642,3.143852,2.775014,2.433784,2.119703,1.831773,1.569751,1.334390,1.126060,0.944030,0.786178,0.650672,0.536368,0.442642,0.367850,0.309429,0.264808,0.231983,0.208997,0.193702,0.184215,0.179002,0.135054,0.064582,-0.034363,-0.163675,-0.325735,-0.523298,-0.759784,-1.039329,-1.366858,-1.748166,-2.190012,-2.700239,-3.287901,-3.963419,-4.738758,
5.803153,4.836213,4.007119,3.297592,2.691940,2.176720,1.740444,1.373334,1.067112,0.814811,0.610631,0.449806,0.328366,0.241049,0.183542,0.155803,0.143911,0.128213,0.106012,0.075887,0.038959,-0.004952,-0.059504,-0.128850,-0.215060,-0.319582,-0.444330,-0.594112,-0.773812,-0.988607,-1.242760,-1.541792,-1.892340,-2.302629,-2.781054,-3.335051,-3.967223,-4.668624,-5.408496,-6.122611,-6.054081,-5.933588,-5.977266,-5.826318,-5.533506,-5.151296,-4.718224,-4.251430,-3.754619,-3.222111,-2.671970,-2.106162,-1.526263,-0.945534,-0.389249,0.159746,0.686814,1.176361,1.627492,2.024506,2.363951,2.638131,2.849870,2.983736,3.050002,3.040066,2.955083,2.806271,2.585922,2.311436,1.981433,1.605707,1.190223,0.752769,0.294833,-0.168237,-0.636803,-1.097162,-1.536256,-1.939424,-2.304669,-2.627452,-2.886427,-3.085039,-3.222822,-3.295542,-3.295286,-3.223607,-3.092199,-2.894073,-2.632789,-2.322421,-1.958546,-1.563061,-1.125533,-0.677362,-0.203785,0.251791,0.719541,1.155951,1.576110,1.948980,2.285528,2.564307,2.790460,2.950740,3.042532,3.073479,3.032759,2.919707,2.743345,2.508401,2.216316,1.864228,1.474477,1.051854,0.598918,0.130617,-0.339750,-0.798701,-1.246649,-1.668430,-2.062842,-2.412410,-2.711973,-2.953150,-3.138475,-3.252029,-3.303291,-3.282698,-3.190576,-3.037438,-2.814797,-2.539303,-2.208906,-1.832871,-1.416991,-0.978952,-0.520016,-0.055063,0.401293,0.863680,1.303873,1.707698,2.073393,2.396680,2.656049,2.855017,2.993131,3.066166,3.066218,2.994844,2.863747,2.665944,2.405003,2.094954,1.731381,1.336293,0.899350,0.452179,-0.019516,-0.487301,-0.953023,-1.388335,-1.807837,-2.180256,-2.516300,-2.794685,-3.020483,-3.180430,-3.271907,-3.302547,-3.261522,-3.148159,-2.971474,-2.736188,-2.443784,-2.091392,-1.701244,-1.278037,-0.824101,-0.353917,0.104240,0.565219,1.014265,1.437073,1.833711,2.185728,2.488014,2.732349,2.921707,3.042505,3.105329,3.101951,3.031839,2.906250,2.717631,2.486077,2.212448,1.909009,1.583327,1.256164,0.933135,0.634247,0.363330,0.138437,-0.021747,-0.095908,-0.075086,0.052758,0.315566,0.711347,1.234367,1.871170,2.604877,3.433583,4.646787,5.086296,4.623047,4.138519,3.676846,3.246828,2.849656,2.484434,2.149855,1.845373,1.571306,1.327692,1.113605,0.926903,0.765710,0.628820,0.515524,0.424085,0.351764,0.295761,0.253843,0.223803,0.203196,0.189832,0.181948,0.136317,0.065001,-0.034270,-0.163675,-0.325735,-0.523298,-0.759784,-1.039329,-1.366858,-1.748166,-2.190012,-2.700239,-3.287901,-3.963419,-4.738758,
5.803153,4.836213,4.007119,3.297592,2.691940,2.176720,1.740444,1.373334,1.067112,0.814811,0.610631,0.449806,0.327681,0.240207,0.182342,0.153988,0.141269,0.124426,0.100488,0.067696,0.027016,-0.021854,-0.082852,-0.160535,-0.257315,-0.374957,-0.515706,-0.684650,-0.886890,-1.127781,-1.411815,-1.744900,-2.134493,-2.590686,-3.125691,-3.753478,-4.484811,-5.314498,-6.202597,-6.317897,-5.788136,-5.699168,-5.580844,-5.391696,-5.119900,-4.777620,-4.384883,-3.953343,-3.487145,-2.982818,-2.457762,-1.915175,-1.358183,-0.799641,-0.262593,0.267441,0.776414,1.249520,1.685140,2.068614,2.396305,2.660706,2.863874,2.991702,3.053143,3.040466,2.954730,2.806116,2.588106,2.316637,1.990807,1.619785,1.209516,0.776661,0.323435,-0.135454,-0.599297,-1.054845,-1.489608,-1.889557,-2.251922,-2.571808,-2.829659,-3.027891,-3.165542,-3.238550,-3.239834,-3.170682,-3.041567,-2.846580,-2.589317,-2.282840,-1.923803,-1.532535,-1.100539,-0.656787,-0.188933,0.263287,0.725771,1.158669,1.574631,1.945020,2.278823,2.556119,2.780918,2.940934,3.033454,3.064970,3.025828,2.915541,2.742251,2.510434,2.221995,1.875008,1.489998,1.072065,0.624510,0.161616,-0.303887,-0.758974,-1.202970,-1.621338,-2.012130,-2.358956,-2.656504,-2.896602,-3.080951,-3.194929,-3.246718,-3.227688,-3.138120,-2.987536,-2.768690,-2.496869,-2.170796,-1.799490,-1.388872,-0.955542,-0.501545,-0.041033,0.411940,0.869248,1.304873,1.705365,2.068133,2.388512,2.646751,2.845339,2.983322,3.056649,3.058244,2.989401,2.860599,2.665936,2.409015,2.102850,1.744098,1.353179,0.921658,0.478676,0.012446,-0.450644,-0.911368,-1.343404,-1.758824,-2.128809,-2.462119,-2.739027,-2.963471,-3.123153,-3.215356,-3.246561,-3.207109,-3.096509,-2.922896,-2.690736,-2.401984,-2.054713,-1.669353,-1.250946,-0.802621,-0.338103,0.116531,0.573376,1.018235,1.437146,1.828324,2.174689,2.471367,2.710358,2.893842,3.009494,3.066541,3.057631,2.982254,2.850772,2.656922,2.419340,2.139477,1.829165,1.495908,1.159146,0.825012,0.512695,0.226904,-0.015037,-0.195513,-0.294734,-0.304526,-0.214624,-0.000868,0.335648,0.794461,1.375232,2.084817,2.938163,3.977133,5.412926,5.431018,4.821835,4.275081,3.773937,3.313777,2.891813,2.505926,2.155005,1.838737,1.556673,1.307576,1.089226,0.899676,0.737639,0.602313,0.491884,0.403496,0.334165,0.281457,0.242929,0.215834,0.197653,0.186361,0.138462,0.065807,-0.034006,-0.163675,-0.325735,-0.523298,-0.759784,-1.039329,-1.366858,-1.748166,-2.190012,-2.700239,-3.287901,-3.963419,-4.738758,
5.803153,4.836213,4.007119,3.297592,2.691940,2.176720,1.740444,1.373334,1.067112,0.814811,0.610631,0.448714,0.326098,0.238044,0.179441,0.150066,0.136052,0.117527,0.091218,0.055011,0.009707,-0.045126,-0.113699,-0.200933,-0.309561,-0.441678,-0.599887,-0.789557,-1.015973,-1.284569,-1.599831,-1.967601,-2.395525,-2.895147,-3.483548,-4.186438,-5.036120,-6.049052,-7.150587,-6.407989,-5.710152,-5.365420,-5.124694,-4.889427,-4.620684,-4.307733,-3.952870,-3.560911,-3.135564,-2.678961,-2.198148,-1.699217,-1.190002,-0.680908,-0.181706,0.305915,0.773129,1.209437,1.607874,1.960317,2.261341,2.505663,2.690024,2.809186,2.863507,2.851304,2.773504,2.634062,2.434844,2.182438,1.880898,1.536957,1.158151,0.754409,0.333007,-0.096729,-0.527994,-0.950759,-1.354623,-1.729353,-2.068305,-2.364250,-2.608107,-2.796220,-2.926099,-2.994484,-2.998559,-2.938757,-2.818584,-2.638692,-2.402655,-2.117147,-1.786599,-1.420216,-1.022860,-0.606664,-0.177101,0.251464,0.676639,1.083990,1.468277,1.817638,2.127597,2.389277,2.598790,2.750128,2.840407,2.869457,2.834488,2.735651,2.576657,2.361095,2.092304,1.774221,1.416764,1.027348,0.613048,0.184251,-0.248418,-0.675079,-1.088933,-1.480810,-1.843681,-2.167837,-2.446248,-2.672978,-2.844333,-2.954521,-3.003118,-2.987575,-2.908071,-2.767929,-2.568358,-2.315674,-2.013905,-1.669716,-1.290658,-0.886708,-0.465303,-0.036314,0.391325,0.813404,1.217336,1.592332,1.931585,2.227987,2.472216,2.660679,2.790889,2.859591,2.863975,2.804481,2.684620,2.505049,2.269348,1.984140,1.653840,1.287709,0.890561,0.474368,0.044058,-0.388134,-0.813994,-1.221276,-1.605297,-1.954357,-2.263861,-2.525168,-2.734331,-2.885339,-2.975300,-3.004041,-2.968764,-2.869615,-2.710299,-2.494401,-2.225311,-1.906980,-1.549271,-1.159647,-0.745344,-0.317294,0.111748,0.537724,0.951647,1.343789,1.706962,2.031339,2.309130,2.535044,2.705788,2.817729,2.871296,2.864998,2.798073,2.674555,2.496445,2.273072,2.010777,1.718639,1.405444,1.083621,0.764121,0.460574,0.183662,-0.052647,-0.233064,-0.341972,-0.367964,-0.299131,-0.122027,0.169517,0.580355,1.116322,1.788953,2.617856,3.642606,4.943495,6.232875,5.582287,4.954607,4.375039,3.843749,3.357386,2.913341,2.509928,2.146084,1.820744,1.532263,1.278277,1.056728,0.866209,0.705776,0.573531,0.466514,0.381588,0.316126,0.267449,0.232494,0.208395,0.192822,0.141972,0.067423,-0.033427,-0.163472,-0.325735,-0.523298,-0.759784,-1.039329,-1.366858,-1.748166,-2.190012,-2.700239,-3.287901,-3.963419,-4.738758,
5.803153,4.836213,4.007119,3.297592,2.691940,2.176720,1.740444,1.373334,1.067112,0.814811,0.610631,0.447901,0.324752,0.236094,0.176648,0.146047,0.130428,0.109788,0.080527,0.040162,-0.010690,-0.072616,-0.150085,-0.248335,-0.370396,-0.518701,-0.696245,-0.908697,-1.161537,-1.460214,-1.808904,-2.212563,-2.677370,-3.213817,-3.841567,-4.600580,-5.568086,-6.851919,-6.798552,-6.025071,-5.478530,-5.116570,-4.842331,-4.590378,-4.324402,-4.027363,-3.694469,-3.326540,-2.926007,-2.495147,-2.038856,-1.563599,-1.078272,-0.592617,-0.114139,0.352830,0.800175,1.218343,1.599774,1.937447,2.225830,2.459907,2.635742,2.749491,2.800264,2.787297,2.711443,2.575618,2.382466,2.136858,1.843517,1.508839,1.140364,0.746798,0.336025,-0.083400,-0.503734,-0.915545,-1.309125,-1.675005,-2.005882,-2.294309,-2.533059,-2.717556,-2.844871,-2.911987,-2.916935,-2.859903,-2.743171,-2.568450,-2.339301,-2.061323,-1.739945,-1.382717,-0.996318,-0.590347,-0.172554,0.246467,0.660212,1.058025,1.432368,1.773892,2.076273,2.332255,2.536914,2.685276,2.774409,2.803048,2.769585,2.674353,2.520160,2.310317,2.048561,1.739694,1.391732,1.012293,0.609081,0.191689,-0.229955,-0.646552,-1.050356,-1.432957,-1.786712,-2.103112,-2.375087,-2.596992,-2.764393,-2.872857,-2.920710,-2.906360,-2.829953,-2.693812,-2.500346,-2.254463,-1.960899,-1.625990,-1.257307,-0.863640,-0.453087,-0.034657,0.383389,0.794248,1.187664,1.553699,1.884832,2.173696,2.412812,2.597656,2.725300,2.792732,2.797988,2.741263,2.624843,2.450442,2.221626,1.943941,1.622793,1.265775,0.879477,0.473285,0.054497,-0.366813,-0.781509,-1.179486,-1.553674,-1.894943,-2.196886,-2.452503,-2.656814,-2.804847,-2.893664,-2.921994,-2.888225,-2.792681,-2.638168,-2.427991,-2.165944,-1.856846,-1.508675,-1.129135,-0.726143,-0.309746,0.109609,0.525255,0.928895,1.311651,1.665661,1.982332,2.254730,2.476196,2.643327,2.753752,2.806471,2.800753,2.735678,2.614169,2.439269,2.218597,1.958817,1.668318,1.355596,1.031582,0.707548,0.396113,0.108680,-0.141570,-0.340269,-0.472793,-0.527374,-0.492049,-0.355020,-0.108182,0.255773,0.744972,1.370794,2.149064,3.097643,4.220868,5.497944,6.477681,5.729623,5.057889,4.446512,3.887340,3.377692,2.915269,2.498021,2.124103,1.791381,1.497298,1.239650,1.016872,0.827838,0.670553,0.541973,0.438841,0.358350,0.297597,0.253204,0.221938,0.201132,0.146627,0.069674,-0.032591,-0.163263,-0.325735,-0.523298,-0.759784,-1.039329,-1.366858,-1.748166,-2.190012,-2.700239,-3.287901,-3.963419,-4.738758,
5.803153,4.836213,4.007119,3.297592,2.691940,2.176720,1.740444,1.373334,1.067112,0.814811,0.609261,0.444194,0.318000,0.225654,0.161648,0.125502,0.103413,0.075358,0.037523,-0.012785,-0.074977,-0.149613,-0.241223,-0.355116,-0.494422,-0.661797,-0.860584,-1.096811,-1.376308,-1.704758,-2.086069,-2.523587,-3.019547,-3.577860,-4.210817,-4.956151,-5.940010,-6.510550,-6.066525,-5.613550,-5.241748,-4.945198,-4.691036,-4.448138,-4.190935,-3.904442,-3.583654,-3.228369,-2.839762,-2.418588,-1.971171,-1.503610,-1.024218,-0.543607,-0.071522,0.390409,0.833548,1.247736,1.626280,1.961033,2.246545,2.477581,2.651084,2.761928,2.810516,2.795093,2.716430,2.578034,2.381085,2.131806,1.834149,1.494761,1.121071,0.722907,0.307424,-0.116183,-0.541240,-0.957862,-1.355773,-1.724873,-2.058629,-2.349953,-2.589827,-2.774704,-2.902152,-2.968979,-2.972386,-2.912827,-2.793803,-2.615943,-2.382772,-2.100905,-1.774687,-1.413244,-1.021312,-0.610922,-0.187406,0.234971,0.653982,1.055307,1.433846,1.777852,2.082978,2.340443,2.546456,2.695081,2.783486,2.811556,2.776517,2.678519,2.521253,2.308284,2.042883,1.728915,1.376211,0.992082,0.583489,0.160689,-0.265818,-0.686279,-1.094035,-1.480050,-1.837423,-2.156565,-2.430557,-2.653540,-2.821917,-2.929957,-2.977284,-2.961370,-2.882409,-2.743714,-2.546452,-2.296896,-1.999010,-1.659371,-1.285425,-0.887050,-0.471557,-0.048688,0.372741,0.788681,1.186663,1.556032,1.890092,2.181864,2.422109,2.607334,2.735109,2.802249,2.805962,2.746707,2.627991,2.450450,2.217614,1.936044,1.610077,1.248889,0.857169,0.446788,0.022536,-0.403470,-0.823164,-1.224416,-1.602687,-1.946389,-2.251067,-2.508161,-2.713826,-2.862124,-2.950216,-2.977980,-2.942637,-2.844331,-2.686747,-2.473442,-2.207744,-1.893525,-1.540566,-1.156226,-0.747623,-0.325559,0.097318,0.517097,0.924925,1.311208,1.668886,1.988318,2.262731,2.486057,2.654815,2.765104,2.817335,2.809678,2.741153,2.615586,2.434648,2.207054,1.938354,1.636844,1.310633,0.971491,0.629641,0.298029,-0.013291,-0.290918,-0.520134,-0.685828,-0.777123,-0.782380,-0.687750,-0.485555,-0.168204,0.272944,0.848443,1.568501,2.437544,3.454863,4.605928,5.863276,6.602356,5.837524,5.138473,4.494962,3.909939,3.380246,2.902228,2.473079,2.090159,1.750697,1.452285,1.193118,0.971792,0.786134,0.632978,0.508931,0.410995,0.336035,0.280360,0.240369,0.213035,0.153817,0.073605,-0.030757,-0.162619,-0.325511,-0.523298,-0.759784,-1.039329,-1.366858,-1.748166,-2.190012,-2.700239,-3.287901,-3.963419,-4.738758,
5.803153,4.836213,4.007119,3.297592,2.691940,2.176720,1.740444,1.373334,1.067112,0.814718,0.607387,0.439822,0.310407,0.214098,0.145157,0.102978,0.073824,0.037651,-0.009558,-0.070689,-0.145184,-0.233602,-0.340516,-0.471254,-0.629028,-0.816735,-1.038141,-1.299806,-1.608276,-1.970091,-2.389609,-2.868616,-3.402958,-3.982299,-4.594101,-5.209756,-4.957910,-5.425058,-5.479599,-5.322651,-5.119951,-4.910786,-4.698240,-4.480185,-4.235504,-3.953099,-3.633533,-3.277652,-2.885088,-2.450338,-1.989887,-1.507245,-1.006638,-0.501426,-0.014660,0.468161,0.933265,1.366402,1.766372,2.118349,2.418545,2.659436,2.843362,2.956343,3.007314,2.988206,2.899474,2.750638,2.534417,2.266005,1.944057,1.577589,1.172436,0.745159,0.297851,-0.154908,-0.612543,-1.061949,-1.490758,-1.885077,-2.242247,-2.557511,-2.811379,-3.006375,-3.141594,-3.213045,-3.213662,-3.144753,-3.016786,-2.823831,-2.569435,-2.266597,-1.911891,-1.525562,-1.098991,-0.661045,-0.199238,0.246794,0.703113,1.129986,1.540201,1.905234,2.234203,2.507285,2.728584,2.885887,2.976534,3.007070,2.967857,2.858409,2.686848,2.457623,2.172574,1.829702,1.449445,1.036800,0.594951,0.138054,-0.321287,-0.770174,-1.208072,-1.620577,-2.005872,-2.347684,-2.640813,-2.877164,-3.058535,-3.170365,-3.220884,-3.201483,-3.112458,-2.963321,-2.746784,-2.478092,-2.155900,-1.789145,-1.383640,-0.955884,-0.507800,-0.053406,0.393357,0.844525,1.274200,1.669064,2.026640,2.342389,2.596644,2.791993,2.927542,2.999307,3.000231,2.931627,2.803970,2.611337,2.357280,2.054754,1.700335,1.314358,0.888266,0.451097,-0.009076,-0.465980,-0.920538,-1.346544,-1.756213,-2.120841,-2.449325,-2.722020,-2.942966,-3.099939,-3.190271,-3.220500,-3.180982,-3.071225,-2.899343,-2.669778,-2.384417,-2.041258,-1.660649,-1.247524,-0.804900,-0.346368,0.102101,0.552750,0.991513,1.404565,1.790265,2.132405,2.425969,2.662670,2.844365,2.956694,3.009319,2.994526,2.911436,2.770108,2.563792,2.310104,2.009173,1.671552,1.303702,0.924060,0.537645,0.162588,-0.197368,-0.525828,-0.806241,-1.019949,-1.160205,-1.217899,-1.168816,-1.011400,-0.739741,-0.345092,0.185448,0.857422,1.665217,2.612535,3.689059,4.867498,6.168419,6.713721,5.921737,5.176634,4.507366,3.903739,3.358548,2.868041,2.429293,2.039382,1.695662,1.396012,1.138667,0.921208,0.740321,0.592472,0.474480,0.382990,0.314026,0.263627,0.228401,0.163390,0.079093,-0.027995,-0.161519,-0.325182,-0.523252,-0.759784,-1.039329,-1.366858,-1.748166,-2.190012,-2.700239,-3.287901,-3.963419,-4.738758,
5.803153,4.836213,4.007119,3.297592,2.691940,2.176720,1.740444,1.373334,1.067112,0.813576,0.604039,0.433536,0.300418,0.199599,0.125086,0.076135,0.039082,-0.006125,-0.063678,-0.136616,-0.224409,-0.327638,-0.450900,-0.599490,-0.776667,-0.985559,-1.230386,-1.518399,-1.857390,-2.256014,-2.721358,-3.256461,-3.851256,-4.474017,-5.101749,-4.732123,-4.608491,-4.928681,-5.029431,-4.984028,-4.876050,-4.731057,-4.558847,-4.367432,-4.141103,-3.872131,-3.563442,-3.216882,-2.831989,-2.402235,-1.945696,-1.465509,-0.965174,-0.458866,0.028021,0.512535,0.980278,1.416281,1.820074,2.175553,2.478884,2.722187,2.908533,3.022527,3.074085,3.053784,2.961956,2.809119,2.586795,2.311585,1.981439,1.605707,1.190223,0.752769,0.294833,-0.168237,-0.636803,-1.097162,-1.536256,-1.939424,-2.304669,-2.627452,-2.886427,-3.085039,-3.222822,-3.295542,-3.295286,-3.223607,-3.092199,-2.894073,-2.632789,-2.322421,-1.958546,-1.563061,-1.125533,-0.677362,-0.203785,0.251791,0.719541,1.155951,1.576110,1.948980,2.285528,2.564307,2.790460,2.950740,3.042532,3.073479,3.032759,2.919707,2.743345,2.508401,2.216316,1.864228,1.474477,1.051854,0.598918,0.130617,-0.339750,-0.798701,-1.246649,-1.668430,-2.062842,-2.412410,-2.711973,-2.953150,-3.138475,-3.252029,-3.303291,-3.282698,-3.190576,-3.037438,-2.814797,-2.539303,-2.208906,-1.832871,-1.416991,-0.978952,-0.520016,-0.055063,0.401293,0.863680,1.303873,1.707698,2.073393,2.396680,2.656049,2.855017,2.993131,3.066166,3.066218,2.994844,2.863747,2.665944,2.405003,2.094954,1.731381,1.336293,0.899350,0.452179,-0.019516,-0.487301,-0.953023,-1.388335,-1.807837,-2.180256,-2.516300,-2.794685,-3.020483,-3.180430,-3.271907,-3.302547,-3.261522,-3.148159,-2.971474,-2.736188,-2.443784,-2.091392,-1.701244,-1.278037,-0.824101,-0.353917,0.104240,0.565219,1.014265,1.436703,1.831566,2.181479,2.481486,2.723015,2.908665,3.022527,3.074178,3.055381,2.965590,2.815879,2.598324,2.331879,2.015853,1.661019,1.273779,0.873718,0.465098,0.066601,-0.319182,-0.675475,-0.985256,-1.229301,-1.401716,-1.493763,-1.479495,-1.358450,-1.125485,-0.772336,-0.286596,0.335126,1.084776,1.969616,2.983679,4.112946,5.371674,6.811047,6.822730,5.930764,5.173493,4.491103,3.871786,3.312834,2.811873,2.365949,1.972074,1.627679,1.330508,1.077793,0.866004,0.691435,0.550707,0.440248,0.355824,0.293147,0.248457,0.176373,0.086970,-0.023644,-0.159465,-0.324439,-0.523000,-0.759784,-1.039329,-1.366858,-1.748166,-2.190012,-2.700239,-3.287901,-3.963419,-4.738758,
5.803153,4.836213,4.007119,3.297592,2.691940,2.176720,1.740444,1.373334,1.066775,0.812631,0.602433,0.430938,0.296553,0.194111,0.117309,0.065164,0.024004,-0.026351,-0.090373,-0.171388,-0.269063,-0.384228,-0.521657,-0.686733,-0.882827,-1.113307,-1.382748,-1.698997,-2.071366,-2.512104,-3.035277,-3.653513,-4.357104,-5.062624,-5.468117,-4.469511,-4.535183,-4.612373,-4.646366,-4.616979,-4.547610,-4.440827,-4.300388,-4.133836,-3.928978,-3.680035,-3.389971,-3.061079,-2.693767,-2.282406,-1.843079,-1.379172,-0.894900,-0.403603,0.071441,0.544421,1.001545,1.428675,1.824583,2.174099,2.473127,2.713900,2.898613,3.012899,3.064988,3.046253,2.956982,2.806703,2.588176,2.316637,1.990807,1.619785,1.209516,0.776661,0.323435,-0.135454,-0.599297,-1.054845,-1.489608,-1.889557,-2.251922,-2.571808,-2.829659,-3.027891,-3.165542,-3.238550,-3.239834,-3.170682,-3.041567,-2.846580,-2.589317,-2.282840,-1.923803,-1.532535,-1.100539,-0.656787,-0.188933,0.263287,0.725771,1.158669,1.574631,1.945020,2.278823,2.556119,2.780918,2.940934,3.033454,3.064970,3.025828,2.915541,2.742251,2.510434,2.221995,1.875008,1.489998,1.072065,0.624510,0.161616,-0.303887,-0.758974,-1.202970,-1.621338,-2.012130,-2.358956,-2.656504,-2.896602,-3.080951,-3.194929,-3.246718,-3.227688,-3.138120,-2.987536,-2.768690,-2.496869,-2.170796,-1.799490,-1.388872,-0.955542,-0.501545,-0.041033,0.411940,0.869248,1.304873,1.705365,2.068133,2.388512,2.646751,2.845339,2.983322,3.056649,3.058244,2.989401,2.860599,2.665936,2.409015,2.102850,1.744098,1.353179,0.921658,0.478676,0.012446,-0.450644,-0.911368,-1.343404,-1.758824,-2.128809,-2.462119,-2.739027,-2.963471,-3.123153,-3.215356,-3.246561,-3.207109,-3.096509,-2.922896,-2.690736,-2.401984,-2.054713,-1.669353,-1.250946,-0.802621,-0.338103,0.116531,0.573376,1.018235,1.437146,1.828341,2.175493,2.473485,2.713934,2.898610,3.012899,3.064988,3.046261,2.956305,2.805711,2.587781,2.320030,2.002423,1.645374,1.255331,0.850684,0.436268,0.029903,-0.364965,-0.732212,-1.055585,-1.316672,-1.508961,-1.623482,-1.636195,-1.545790,-1.346933,-1.032089,-0.590508,-0.019433,0.673759,1.497096,2.447815,3.517414,4.722115,6.070007,7.480699,6.709365,5.909971,5.148180,4.446189,3.810536,3.240418,2.732563,2.283338,1.889535,1.548295,1.256428,1.010148,0.805565,0.639104,0.506993,0.404777,0.327873,0.272165,0.191829,0.096479,-0.018236,-0.156741,-0.323317,-0.522635,-0.759669,-1.039329,-1.366858,-1.748166,-2.190012,-2.700239,-3.287901,-3.963419,-4.738758,
5.803153,4.836213,4.007119,3.297592,2.691940,2.176720,1.740444,1.373334,1.065446,0.810388,0.599056,0.426069,0.289845,0.185127,0.105281,0.049077,0.002825,-0.053768,-0.125410,-0.215664,-0.324393,-0.452711,-0.605565,-0.788386,-1.004585,-1.257583,-1.551901,-1.895297,-2.297847,-2.775782,-3.355413,-4.076841,-4.984547,-6.084851,-5.717408,-4.756862,-4.412822,-4.288256,-4.230782,-4.178784,-4.112937,-4.023641,-3.906424,-3.759715,-3.578225,-3.357267,-3.095719,-2.795543,-2.459035,-2.086558,-1.683659,-1.256216,-0.812563,-0.363276,0.081473,0.519514,0.942255,1.339871,1.705741,2.031168,2.310229,2.537322,2.709002,2.819499,2.868394,2.853146,2.773939,2.634100,2.434844,2.182438,1.880898,1.536957,1.158151,0.754409,0.333007,-0.096729,-0.527994,-0.950759,-1.354623,-1.729353,-2.068305,-2.364250,-2.608107,-2.796220,-2.926099,-2.994484,-2.998559,-2.938757,-2.818584,-2.638692,-2.402655,-2.117147,-1.786599,-1.420216,-1.022860,-0.606664,-0.177101,0.251464,0.676639,1.083990,1.468277,1.817638,2.127597,2.389277,2.598790,2.750128,2.840407,2.869457,2.834488,2.735651,2.576657,2.361095,2.092304,1.774221,1.416764,1.027348,0.613048,0.184251,-0.248418,-0.675079,-1.088933,-1.480810,-1.843681,-2.167837,-2.446248,-2.672978,-2.844333,-2.954521,-3.003118,-2.987575,-2.908071,-2.767929,-2.568358,-2.315674,-2.013905,-1.669716,-1.290658,-0.886708,-0.465303,-0.036314,0.391325,0.813404,1.217336,1.592332,1.931585,2.227987,2.472216,2.660679,2.790889,2.859591,2.863975,2.804481,2.684620,2.505049,2.269348,1.984140,1.653840,1.287709,0.890561,0.474368,0.044058,-0.388134,-0.813994,-1.221276,-1.605297,-1.954357,-2.263861,-2.525168,-2.734331,-2.885339,-2.975300,-3.004041,-2.968764,-2.869615,-2.710299,-2.494401,-2.225311,-1.906980,-1.549271,-1.159647,-0.745344,-0.317294,0.111748,0.537724,0.951647,1.343789,1.706962,2.031407,2.310247,2.537322,2.709002,2.819499,2.868394,2.853146,2.773922,2.633438,2.434130,2.184371,1.889221,1.556497,1.194056,0.813334,0.423925,0.037898,-0.335571,-0.683892,-0.993209,-1.249136,-1.441448,-1.558879,-1.587849,-1.520916,-1.351204,-1.072058,-0.677213,-0.163234,0.469508,1.222789,2.096631,3.087851,4.200583,5.436664,6.794041,7.700712,6.777415,5.898587,5.093019,4.368218,3.720272,3.143619,2.633249,2.185013,1.795284,1.460318,1.175971,0.938101,0.742884,0.586335,0.463794,0.370422,0.301765,0.211581,0.109013,-0.010775,-0.152692,-0.321409,-0.521921,-0.759452,-1.039329,-1.366858,-1.748166,-2.190012,-2.700239,-3.287901,-3.963419,-4.738758,
5.803153,4.836213,4.007119,3.297592,2.691940,2.176720,1.740444,1.372561,1.063809,0.807627,0.594937,0.420161,0.281705,0.174213,0.090703,0.029690,-0.022553,-0.086433,-0.166855,-0.267569,-0.388657,-0.531555,-0.701412,-0.903712,-1.141881,-1.419195,-1.739492,-2.108907,-2.535237,-3.034149,-3.639999,-4.433401,-5.555765,-6.217463,-5.303472,-4.614515,-4.249666,-4.070960,-3.980345,-3.920600,-3.862692,-3.789636,-3.691692,-3.563779,-3.401169,-3.199157,-2.955649,-2.672669,-2.353264,-1.998808,-1.613071,-1.202284,-0.775449,-0.342282,0.089105,0.513719,0.923636,1.309948,1.665387,1.982334,2.254730,2.476977,2.644701,2.753473,2.801625,2.787568,2.711457,2.575618,2.382466,2.136858,1.843517,1.508839,1.140364,0.746798,0.336025,-0.083400,-0.503734,-0.915545,-1.309125,-1.675005,-2.005882,-2.294309,-2.533059,-2.717556,-2.844871,-2.911987,-2.916935,-2.859903,-2.743171,-2.568450,-2.339301,-2.061323,-1.739945,-1.382717,-0.996318,-0.590347,-0.172554,0.246467,0.660212,1.058025,1.432368,1.773892,2.076273,2.332255,2.536914,2.685276,2.774409,2.803048,2.769585,2.674353,2.520160,2.310317,2.048561,1.739694,1.391732,1.012293,0.609081,0.191689,-0.229955,-0.646552,-1.050356,-1.432957,-1.786712,-2.103112,-2.375087,-2.596992,-2.764393,-2.872857,-2.920710,-2.906360,-2.829953,-2.693812,-2.500346,-2.254463,-1.960899,-1.625990,-1.257307,-0.863640,-0.453087,-0.034657,0.383389,0.794248,1.187664,1.553699,1.884832,2.173696,2.412812,2.597656,2.725300,2.792732,2.797988,2.741263,2.624843,2.450442,2.221626,1.943941,1.622793,1.265775,0.879477,0.473285,0.054497,-0.366813,-0.781509,-1.179486,-1.553674,-1.894943,-2.196886,-2.452503,-2.656814,-2.804847,-2.893664,-2.921994,-2.888225,-2.792681,-2.638168,-2.427991,-2.165944,-1.856846,-1.508675,-1.129135,-0.726143,-0.309746,0.109609,0.525255,0.928895,1.311651,1.665661,1.982332,2.254730,2.476977,2.644701,2.753473,2.801625,2.787568,2.711457,2.575618,2.381937,2.138081,1.849617,1.523835,1.168436,0.793448,0.408800,0.025465,-0.346791,-0.696275,-1.010133,-1.275011,-1.480234,-1.614402,-1.665833,-1.626123,-1.487916,-1.244779,-0.891355,-0.423970,0.158261,0.856135,1.670279,2.597675,3.637717,4.787762,6.041013,7.377987,7.788836,6.746858,5.813988,4.988693,4.254891,3.602493,3.024803,2.516665,2.073599,1.691209,1.364895,1.090182,0.862949,0.678967,0.533376,0.421115,0.337417,0.235650,0.124494,-0.001399,-0.147463,-0.318820,-0.520861,-0.759163,-1.039234,-1.366858,-1.748166,-2.190012,-2.700239,-3.287901,-3.963419,-4.738758,
5.803153,4.836213,4.007119,3.297592,2.691940,2.176720,1.740444,1.370760,1.059484,0.800094,0.583351,0.403461,0.258828,0.144047,0.051855,-0.019387,-0.083355,-0.160420,-0.255481,-0.372257,-0.510902,-0.673056,-0.863990,-1.089227,-1.352281,-1.656313,-2.004122,-2.398498,-2.839673,-3.328675,-3.886817,-4.620263,-5.674140,-5.360245,-4.767711,-4.339951,-4.077686,-3.932377,-3.857177,-3.811157,-3.770201,-3.715264,-3.634750,-3.523443,-3.375012,-3.184236,-2.949680,-2.673834,-2.359557,-2.007448,-1.623275,-1.213072,-0.785009,-0.349584,0.082637,0.509197,0.921594,1.310260,1.668751,1.988318,2.262731,2.486057,2.654756,2.763101,2.810722,2.795099,2.716430,2.578034,2.381085,2.131806,1.834149,1.494761,1.121071,0.722907,0.307424,-0.116183,-0.541240,-0.957862,-1.355773,-1.724873,-2.058629,-2.349953,-2.589827,-2.774704,-2.902152,-2.968979,-2.972386,-2.912827,-2.793803,-2.615943,-2.382772,-2.100905,-1.774687,-1.413244,-1.021312,-0.610922,-0.187406,0.234971,0.653982,1.055307,1.433846,1.777852,2.082978,2.340443,2.546456,2.695081,2.783486,2.811556,2.776517,2.678519,2.521253,2.308284,2.042883,1.728915,1.376211,0.992082,0.583489,0.160689,-0.265818,-0.686279,-1.094035,-1.480050,-1.837423,-2.156565,-2.430557,-2.653540,-2.821917,-2.929957,-2.977284,-2.961370,-2.882409,-2.743714,-2.546452,-2.296896,-1.999010,-1.659371,-1.285425,-0.887050,-0.471557,-0.048688,0.372741,0.788681,1.186663,1.556032,1.890092,2.181864,2.422109,2.607334,2.735109,2.802249,2.805962,2.746707,2.627991,2.450450,2.217614,1.936044,1.610077,1.248889,0.857169,0.446788,0.022536,-0.403470,-0.823164,-1.224416,-1.602687,-1.946389,-2.251067,-2.508161,-2.713826,-2.862124,-2.950216,-2.977980,-2.942637,-2.844331,-2.686747,-2.473442,-2.207744,-1.893525,-1.540566,-1.156226,-0.747623,-0.325559,0.097318,0.517097,0.924925,1.311208,1.668886,1.988318,2.262731,2.486057,2.654756,2.763101,2.810722,2.795099,2.716430,2.578034,2.381085,2.132898,1.838914,1.506503,1.143125,0.759770,0.365413,-0.028636,-0.413989,-0.778789,-1.109924,-1.393702,-1.620470,-1.779326,-1.856892,-1.845780,-1.739078,-1.530098,-1.212625,-0.783190,-0.242109,0.412398,1.181228,2.060562,3.048295,4.138956,5.330352,6.613117,7.995254,7.676668,6.598534,5.671083,4.845704,4.110727,3.459484,2.886150,2.385309,1.951720,1.580141,1.265608,1.003574,0.789477,0.618227,0.484551,0.383406,0.267833,0.146105,0.012401,-0.139224,-0.314343,-0.518754,-0.758405,-1.039039,-1.366858,-1.748166,-2.190012,-2.700239,-3.287901,-3.963419,-4.738758,
5.803153,4.836213,4.007119,3.297592,2.691940,2.176720,1.740065,1.368408,1.054436,0.791592,0.570446,0.384966,0.233551,0.110755,0.009056,-0.073318,-0.150012,-0.241362,-0.352219,-0.486229,-0.643638,-0.826349,-1.039855,-1.289943,-1.580648,-1.915751,-2.297902,-2.726710,-3.189667,-3.655795,-4.070501,-4.363811,-4.194192,-4.384668,-4.254332,-4.076001,-3.956959,-3.886160,-3.862498,-3.850485,-3.840856,-3.810415,-3.747813,-3.654200,-3.516295,-3.327921,-3.091740,-2.811140,-2.487603,-2.115891,-1.712440,-1.280884,-0.825113,-0.358338,0.095376,0.549559,0.990490,1.404408,1.790264,2.132405,2.425969,2.662670,2.844365,2.956501,3.007315,2.988206,2.899474,2.750638,2.534417,2.266005,1.944057,1.577589,1.172436,0.745159,0.297851,-0.154908,-0.612543,-1.061949,-1.490758,-1.885077,-2.242247,-2.557511,-2.811379,-3.006375,-3.141594,-3.213045,-3.213662,-3.144753,-3.016786,-2.823831,-2.569435,-2.266597,-1.911891,-1.525562,-1.098991,-0.661045,-0.199238,0.246794,0.703113,1.129986,1.540201,1.905234,2.234203,2.507285,2.728584,2.885887,2.976534,3.007070,2.967857,2.858409,2.686848,2.457623,2.172574,1.829702,1.449445,1.036800,0.594951,0.138054,-0.321287,-0.770174,-1.208072,-1.620577,-2.005872,-2.347684,-2.640813,-2.877164,-3.058535,-3.170365,-3.220884,-3.201483,-3.112458,-2.963321,-2.746784,-2.478092,-2.155900,-1.789145,-1.383640,-0.955884,-0.507800,-0.053406,0.393357,0.844525,1.274200,1.669064,2.026640,2.342389,2.596644,2.791993,2.927542,2.999307,3.000231,2.931627,2.803970,2.611337,2.357280,2.054754,1.700335,1.314358,0.888266,0.451097,-0.009076,-0.465980,-0.920538,-1.346544,-1.756213,-2.120841,-2.449325,-2.722020,-2.942966,-3.099939,-3.190271,-3.220500,-3.180982,-3.071225,-2.899343,-2.669778,-2.384417,-2.041258,-1.660649,-1.247524,-0.804900,-0.346368,0.102101,0.552750,0.991513,1.404565,1.790265,2.132405,2.425969,2.662670,2.844365,2.956501,3.007315,2.988206,2.899474,2.750638,2.534417,2.266005,1.945191,1.582335,1.183242,0.765583,0.333159,-0.097506,-0.524309,-0.932349,-1.306633,-1.629911,-1.896620,-2.098351,-2.211385,-2.234481,-2.162287,-1.987352,-1.699282,-1.295550,-0.783611,-0.155449,0.589247,1.441266,2.404773,3.462592,4.627355,5.876531,7.236727,8.423969,7.418744,6.419401,5.497236,4.671279,3.939359,3.294914,2.731260,2.242109,1.821429,1.463644,1.163686,0.916585,0.716975,0.559365,0.438459,0.307005,0.172918,0.029921,-0.128441,-0.308224,-0.515673,-0.757158,-1.038679,-1.366790,-1.748166,-2.190012,-2.700239,-3.287901,-3.963419,-4.738758,
5.803153,4.836213,4.007119,3.297592,2.691940,2.176720,1.738622,1.364695,1.047618,0.780830,0.554688,0.362897,0.203849,0.072074,-0.040156,-0.134719,-0.225237,-0.332015,-0.459806,-0.612148,-0.789383,-0.993697,-1.230880,-1.507231,-1.827961,-2.198980,-2.625905,-3.109546,-3.632818,-4.139444,-4.486432,-3.462353,-3.711654,-3.829958,-3.822897,-3.767555,-3.738473,-3.726517,-3.743065,-3.759913,-3.773983,-3.763463,-3.717753,-3.639298,-3.513829,-3.334798,-3.105523,-2.829670,-2.508346,-2.135532,-1.729725,-1.294367,-0.832496,-0.358135,0.102162,0.564382,1.014093,1.436700,1.831566,2.181479,2.481486,2.723015,2.908665,3.022527,3.074085,3.053784,2.961956,2.809119,2.586795,2.311585,1.981439,1.605707,1.190223,0.752769,0.294833,-0.168237,-0.636803,-1.097162,-1.536256,-1.939424,-2.304669,-2.627452,-2.886427,-3.085039,-3.222822,-3.295542,-3.295286,-3.223607,-3.092199,-2.894073,-2.632789,-2.322421,-1.958546,-1.563061,-1.125533,-0.677362,-0.203785,0.251791,0.719541,1.155951,1.576110,1.948980,2.285528,2.564307,2.790460,2.950740,3.042532,3.073479,3.032759,2.919707,2.743345,2.508401,2.216316,1.864228,1.474477,1.051854,0.598918,0.130617,-0.339750,-0.798701,-1.246649,-1.668430,-2.062842,-2.412410,-2.711973,-2.953150,-3.138475,-3.252029,-3.303291,-3.282698,-3.190576,-3.037438,-2.814797,-2.539303,-2.208906,-1.832871,-1.416991,-0.978952,-0.520016,-0.055063,0.401293,0.863680,1.303873,1.707698,2.073393,2.396680,2.656049,2.855017,2.993131,3.066166,3.066218,2.994844,2.863747,2.665944,2.405003,2.094954,1.731381,1.336293,0.899350,0.452179,-0.019516,-0.487301,-0.953023,-1.388335,-1.807837,-2.180256,-2.516300,-2.794685,-3.020483,-3.180430,-3.271907,-3.302547,-3.261522,-3.148159,-2.971474,-2.736188,-2.443784,-2.091392,-1.701244,-1.278037,-0.824101,-0.353917,0.104240,0.565219,1.014265,1.436703,1.831566,2.181479,2.481486,2.723015,2.908665,3.022527,3.074085,3.053784,2.961956,2.809119,2.586795,2.311585,1.981473,1.606813,1.194043,0.761993,0.313761,-0.133521,-0.578855,-1.006923,-1.402246,-1.747069,-2.036726,-2.263226,-2.401160,-2.450306,-2.405771,-2.259856,-2.001326,-1.627907,-1.148356,-0.553859,0.155490,0.969172,1.893464,2.907833,4.026521,5.222787,6.515973,7.858848,8.436640,7.274560,6.218297,5.286765,4.466025,3.744330,3.112697,2.563540,2.089904,1.685480,1.344561,1.061668,0.831088,0.647079,0.504086,0.354605,0.206242,0.052301,-0.114157,-0.299682,-0.511002,-0.754963,-1.037898,-1.366538,-1.748166,-2.190012,-2.700239,-3.287901,-3.963419,-4.738758,
5.803153,4.836213,4.007119,3.297592,2.691940,2.176350,1.737182,1.361961,1.043143,0.774157,0.545132,0.349473,0.185532,0.047770,-0.071760,-0.175113,-0.276024,-0.394923,-0.536576,-0.704544,-0.899374,-1.123632,-1.383435,-1.685700,-2.037256,-2.447769,-2.929500,-3.495852,-4.149283,-4.853359,-4.107442,-3.576059,-3.500110,-3.469659,-3.451669,-3.433813,-3.446637,-3.470510,-3.513880,-3.552601,-3.584895,-3.591477,-3.562200,-3.498649,-3.388023,-3.223877,-3.008503,-2.745317,-2.435894,-2.075288,-1.680422,-1.255155,-0.803159,-0.337641,0.116878,0.573480,1.018245,1.437146,1.828341,2.175493,2.473485,2.713934,2.898610,3.012899,3.064988,3.046253,2.956982,2.806703,2.588176,2.316637,1.990807,1.619785,1.209516,0.776661,0.323435,-0.135454,-0.599297,-1.054845,-1.489608,-1.889557,-2.251922,-2.571808,-2.829659,-3.027891,-3.165542,-3.238550,-3.239834,-3.170682,-3.041567,-2.846580,-2.589317,-2.282840,-1.923803,-1.532535,-1.100539,-0.656787,-0.188933,0.263287,0.725771,1.158669,1.574631,1.945020,2.278823,2.556119,2.780918,2.940934,3.033454,3.064970,3.025828,2.915541,2.742251,2.510434,2.221995,1.875008,1.489998,1.072065,0.624510,0.161616,-0.303887,-0.758974,-1.202970,-1.621338,-2.012130,-2.358956,-2.656504,-2.896602,-3.080951,-3.194929,-3.246718,-3.227688,-3.138120,-2.987536,-2.768690,-2.496869,-2.170796,-1.799490,-1.388872,-0.955542,-0.501545,-0.041033,0.411940,0.869248,1.304873,1.705365,2.068133,2.388512,2.646751,2.845339,2.983322,3.056649,3.058244,2.989401,2.860599,2.665936,2.409015,2.102850,1.744098,1.353179,0.921658,0.478676,0.012446,-0.450644,-0.911368,-1.343404,-1.758824,-2.128809,-2.462119,-2.739027,-2.963471,-3.123153,-3.215356,-3.246561,-3.207109,-3.096509,-2.922896,-2.690736,-2.401984,-2.054713,-1.669353,-1.250946,-0.802621,-0.338103,0.116531,0.573376,1.018235,1.437146,1.828341,2.175493,2.473485,2.713934,2.898610,3.012899,3.064988,3.046253,2.956982,2.806703,2.588176,2.316637,1.990807,1.619684,1.209556,0.778750,0.330986,-0.117382,-0.564448,-0.995507,-1.395856,-1.748631,-2.048646,-2.287781,-2.442620,-2.512046,-2.490710,-2.371073,-2.142699,-1.802985,-1.359462,-0.804557,-0.138667,0.628156,1.501283,2.461625,3.520544,4.653057,5.875327,7.148674,8.495468,8.230174,7.000775,5.959273,5.044597,4.239212,3.533170,2.918055,2.386106,1.930268,1.544165,1.221760,0.956950,0.743705,0.576195,0.406659,0.242405,0.076325,-0.099025,-0.290746,-0.506135,-0.752630,-1.037010,-1.366281,-1.748067,-2.190012,-2.700239,-3.287901,-3.963419,-4.738758,
5.803153,4.836213,4.007119,3.297592,2.691940,2.174897,1.734342,1.357329,1.036203,0.764358,0.531671,0.331236,0.161361,0.016454,-0.111577,-0.224920,-0.337448,-0.469724,-0.626510,-0.811360,-1.024978,-1.270153,-1.553020,-1.880585,-2.260618,-2.705426,-3.238360,-3.897520,-4.731804,-5.764953,-4.609924,-3.746270,-3.361542,-3.184908,-3.107285,-3.082395,-3.095953,-3.131995,-3.181188,-3.229621,-3.268123,-3.284339,-3.268172,-3.214844,-3.118874,-2.974644,-2.780200,-2.538295,-2.252132,-1.922987,-1.557636,-1.162576,-0.745522,-0.316892,0.111935,0.537752,0.951647,1.343789,1.706962,2.031407,2.310247,2.537322,2.709002,2.819499,2.868394,2.853146,2.773939,2.634100,2.434844,2.182438,1.880898,1.536957,1.158151,0.754409,0.333007,-0.096729,-0.527994,-0.950759,-1.354623,-1.729353,-2.068305,-2.364250,-2.608107,-2.796220,-2.926099,-2.994484,-2.998559,-2.938757,-2.818584,-2.638692,-2.402655,-2.117147,-1.786599,-1.420216,-1.022860,-0.606664,-0.177101,0.251464,0.676639,1.083990,1.468277,1.817638,2.127597,2.389277,2.598790,2.750128,2.840407,2.869457,2.834488,2.735651,2.576657,2.361095,2.092304,1.774221,1.416764,1.027348,0.613048,0.184251,-0.248418,-0.675079,-1.088933,-1.480810,-1.843681,-2.167837,-2.446248,-2.672978,-2.844333,-2.954521,-3.003118,-2.987575,-2.908071,-2.767929,-2.568358,-2.315674,-2.013905,-1.669716,-1.290658,-0.886708,-0.465303,-0.036314,0.391325,0.813404,1.217336,1.592332,1.931585,2.227987,2.472216,2.660679,2.790889,2.859591,2.863975,2.804481,2.684620,2.505049,2.269348,1.984140,1.653840,1.287709,0.890561,0.474368,0.044058,-0.388134,-0.813994,-1.221276,-1.605297,-1.954357,-2.263861,-2.525168,-2.734331,-2.885339,-2.975300,-3.004041,-2.968764,-2.869615,-2.710299,-2.494401,-2.225311,-1.906980,-1.549271,-1.159647,-0.745344,-0.317294,0.111748,0.537724,0.951647,1.343789,1.706962,2.031407,2.310247,2.537322,2.709002,2.819499,2.868394,2.853146,2.773939,2.634100,2.434844,2.182438,1.880898,1.536957,1.157983,0.754726,0.336488,-0.085943,-0.504756,-0.908655,-1.285275,-1.621836,-1.909576,-2.138303,-2.295346,-2.373679,-2.366503,-2.267028,-2.068986,-1.768718,-1.366597,-0.861551,-0.253977,0.452324,1.254172,2.145137,3.121879,4.176431,5.308981,6.514517,7.813644,8.925958,7.794970,6.684082,5.675221,4.779923,3.993253,3.306887,2.712153,2.201076,1.766448,1.401550,1.099779,0.854748,0.660306,0.468446,0.286210,0.106133,-0.079681,-0.278858,-0.499276,-0.749010,-1.035348,-1.365664,-1.747869,-2.190012,-2.700239,-3.287901,-3.963419,-4.738758,
5.803153,4.836213,4.007119,3.297592,2.691722,2.173355,1.731250,1.352215,1.028445,0.753270,0.516303,0.310314,0.133555,-0.019608,-0.157352,-0.281959,-0.407473,-0.554620,-0.728156,-0.931633,-1.165865,-1.433678,-1.740717,-2.092878,-2.495591,-2.960815,-3.518013,-4.234478,-5.242393,-5.661424,-4.390946,-3.604807,-3.174765,-2.957156,-2.864031,-2.845118,-2.873394,-2.928477,-2.995672,-3.061226,-3.114699,-3.144918,-3.141702,-3.099388,-3.014112,-2.880714,-2.696627,-2.464543,-2.188220,-1.870146,-1.515631,-1.131609,-0.726418,-0.309587,0.109663,0.525255,0.928895,1.311651,1.665661,1.982332,2.254730,2.476977,2.644701,2.753473,2.801625,2.787568,2.711457,2.575618,2.382466,2.136858,1.843517,1.508839,1.140364,0.746798,0.336025,-0.083400,-0.503734,-0.915545,-1.309125,-1.675005,-2.005882,-2.294309,-2.533059,-2.717556,-2.844871,-2.911987,-2.916935,-2.859903,-2.743171,-2.568450,-2.339301,-2.061323,-1.739945,-1.382717,-0.996318,-0.590347,-0.172554,0.246467,0.660212,1.058025,1.432368,1.773892,2.076273,2.332255,2.536914,2.685276,2.774409,2.803048,2.769585,2.674353,2.520160,2.310317,2.048561,1.739694,1.391732,1.012293,0.609081,0.191689,-0.229955,-0.646552,-1.050356,-1.432957,-1.786712,-2.103112,-2.375087,-2.596992,-2.764393,-2.872857,-2.920710,-2.906360,-2.829953,-2.693812,-2.500346,-2.254463,-1.960899,-1.625990,-1.257307,-0.863640,-0.453087,-0.034657,0.383389,0.794248,1.187664,1.553699,1.884832,2.173696,2.412812,2.597656,2.725300,2.792732,2.797988,2.741263,2.624843,2.450442,2.221626,1.943941,1.622793,1.265775,0.879477,0.473285,0.054497,-0.366813,-0.781509,-1.179486,-1.553674,-1.894943,-2.196886,-2.452503,-2.656814,-2.804847,-2.893664,-2.921994,-2.888225,-2.792681,-2.638168,-2.427991,-2.165944,-1.856846,-1.508675,-1.129135,-0.726143,-0.309746,0.109609,0.525255,0.928895,1.311651,1.665661,1.982332,2.254730,2.476977,2.644701,2.753473,2.801625,2.787568,2.711457,2.575618,2.382466,2.136858,1.843517,1.508839,1.140364,0.746614,0.337174,-0.077593,-0.489114,-0.886853,-1.259349,-1.594848,-1.884209,-2.117278,-2.283531,-2.375215,-2.385225,-2.307019,-2.135109,-1.865396,-1.496816,-1.029250,-0.463042,0.199031,0.952554,1.793139,2.714947,3.712127,4.782377,5.923341,7.141713,8.441823,8.788867,7.504520,6.369941,5.371913,4.496600,3.732796,3.070164,2.499445,2.012423,1.601580,1.259721,0.980031,0.755997,0.539355,0.336905,0.140870,-0.057038,-0.264946,-0.491312,-0.744881,-1.033519,-1.365042,-1.747793,-2.189992,-2.700239,-3.287901,-3.963419,-4.738758,
5.803153,4.836213,4.007119,3.297592,2.690264,2.169560,1.724318,1.341162,1.012084,0.730337,0.485279,0.269404,0.080945,-0.085692,-0.238615,-0.380051,-0.524139,-0.691662,-0.887289,-1.114498,-1.374186,-1.669099,-2.004023,-2.381986,-2.802551,-3.267636,-3.791205,-4.444324,-5.356618,-4.687988,-3.869276,-3.299571,-2.954110,-2.773511,-2.707573,-2.715030,-2.771934,-2.854066,-2.947180,-3.034984,-3.107904,-3.153809,-3.162478,-3.129575,-3.050488,-2.920229,-2.737503,-2.505461,-2.227512,-1.905529,-1.547015,-1.158743,-0.748184,-0.325606,0.097318,0.517097,0.924925,1.311208,1.668886,1.988318,2.262731,2.486057,2.654756,2.763101,2.810722,2.795099,2.716430,2.578034,2.381085,2.131806,1.834149,1.494761,1.121071,0.722907,0.307424,-0.116183,-0.541240,-0.957862,-1.355773,-1.724873,-2.058629,-2.349953,-2.589827,-2.774704,-2.902152,-2.968979,-2.972386,-2.912827,-2.793803,-2.615943,-2.382772,-2.100905,-1.774687,-1.413244,-1.021312,-0.610922,-0.187406,0.234971,0.653982,1.055307,1.433846,1.777852,2.082978,2.340443,2.546456,2.695081,2.783486,2.811556,2.776517,2.678519,2.521253,2.308284,2.042883,1.728915,1.376211,0.992082,0.583489,0.160689,-0.265818,-0.686279,-1.094035,-1.480050,-1.837423,-2.156565,-2.430557,-2.653540,-2.821917,-2.929957,-2.977284,-2.961370,-2.882409,-2.743714,-2.546452,-2.296896,-1.999010,-1.659371,-1.285425,-0.887050,-0.471557,-0.048688,0.372741,0.788681,1.186663,1.556032,1.890092,2.181864,2.422109,2.607334,2.735109,2.802249,2.805962,2.746707,2.627991,2.450450,2.217614,1.936044,1.610077,1.248889,0.857169,0.446788,0.022536,-0.403470,-0.823164,-1.224416,-1.602687,-1.946389,-2.251067,-2.508161,-2.713826,-2.862124,-2.950216,-2.977980,-2.942637,-2.844331,-2.686747,-2.473442,-2.207744,-1.893525,-1.540566,-1.156226,-0.747623,-0.325559,0.097318,0.517097,0.924925,1.311208,1.668886,1.988318,2.262731,2.486057,2.654756,2.763101,2.810722,2.795099,2.716430,2.578034,2.381085,2.131806,1.834149,1.494761,1.121071,0.722915,0.307629,-0.113452,-0.532725,-0.939331,-1.321426,-1.666848,-1.967485,-2.213785,-2.393731,-2.500822,-2.528634,-2.470509,-2.320111,-2.073441,-1.730436,-1.289759,-0.751618,-0.119788,0.602243,1.409311,2.297168,3.256143,4.285112,5.375245,6.531294,7.746716,8.985761,8.381292,7.112326,6.006866,5.038045,4.192730,3.459097,2.826348,2.284991,1.826484,1.442855,1.126721,0.871117,0.627492,0.402430,0.187932,-0.024560,-0.243544,-0.477954,-0.737131,-1.029480,-1.363244,-1.747195,-2.189848,-2.700239,-3.287901,-3.963419,-4.738758,
5.803153,4.836213,4.007119,3.297592,2.688530,2.165321,1.716721,1.329083,0.994177,0.705172,0.451187,0.224474,0.023241,-0.158063,-0.327417,-0.486974,-0.650998,-0.840382,-1.059781,-1.312758,-1.600560,-1.926291,-2.294485,-2.704041,-3.147568,-3.606091,-4.033686,-4.256256,-3.864069,-3.644778,-3.253111,-2.910647,-2.700072,-2.601022,-2.600701,-2.656477,-2.765788,-2.888796,-3.024721,-3.145855,-3.250411,-3.319908,-3.344017,-3.325032,-3.251641,-3.118396,-2.928673,-2.686492,-2.393729,-2.046541,-1.663259,-1.248319,-0.805000,-0.346368,0.102101,0.552750,0.991513,1.404565,1.790265,2.132405,2.425969,2.662670,2.844365,2.956501,3.007315,2.988206,2.899474,2.750638,2.534417,2.266005,1.944057,1.577589,1.172436,0.745159,0.297851,-0.154908,-0.612543,-1.061949,-1.490758,-1.885077,-2.242247,-2.557511,-2.811379,-3.006375,-3.141594,-3.213045,-3.213662,-3.144753,-3.016786,-2.823831,-2.569435,-2.266597,-1.911891,-1.525562,-1.098991,-0.661045,-0.199238,0.246794,0.703113,1.129986,1.540201,1.905234,2.234203,2.507285,2.728584,2.885887,2.976534,3.007070,2.967857,2.858409,2.686848,2.457623,2.172574,1.829702,1.449445,1.036800,0.594951,0.138054,-0.321287,-0.770174,-1.208072,-1.620577,-2.005872,-2.347684,-2.640813,-2.877164,-3.058535,-3.170365,-3.220884,-3.201483,-3.112458,-2.963321,-2.746784,-2.478092,-2.155900,-1.789145,-1.383640,-0.955884,-0.507800,-0.053406,0.393357,0.844525,1.274200,1.669064,2.026640,2.342389,2.596644,2.791993,2.927542,2.999307,3.000231,2.931627,2.803970,2.611337,2.357280,2.054754,1.700335,1.314358,0.888266,0.451097,-0.009076,-0.465980,-0.920538,-1.346544,-1.756213,-2.120841,-2.449325,-2.722020,-2.942966,-3.099939,-3.190271,-3.220500,-3.180982,-3.071225,-2.899343,-2.669778,-2.384417,-2.041258,-1.660649,-1.247524,-0.804900,-0.346368,0.102101,0.552750,0.991513,1.404565,1.790265,2.132405,2.425969,2.662670,2.844365,2.956501,3.007315,2.988206,2.899474,2.750638,2.534417,2.266005,1.944057,1.577589,1.172436,0.745167,0.297863,-0.154582,-0.609441,-1.052750,-1.470700,-1.847517,-2.179171,-2.458673,-2.663815,-2.794426,-2.845840,-2.810757,-2.678635,-2.446263,-2.120396,-1.693044,-1.164365,-0.544505,0.170637,0.964773,1.847891,2.791487,3.810890,4.869243,5.994097,7.140956,8.297100,9.145739,7.897370,6.689747,5.621704,4.689476,3.880066,3.181214,2.582016,2.072804,1.644719,1.289703,1.000260,0.727489,0.477735,0.242791,0.013883,-0.217798,-0.461610,-0.727463,-1.024318,-1.360876,-1.746380,-2.189656,-2.700239,-3.287901,-3.963419,-4.738758,
5.803153,4.836213,4.007119,3.296735,2.685607,2.159503,1.707061,1.314324,0.972812,0.675615,0.411653,0.172982,-0.042206,-0.239418,-0.426458,-0.605382,-0.790614,-1.003189,-1.247830,-1.528373,-1.846835,-2.207645,-2.615624,-3.071125,-3.565163,-4.071767,-4.584404,-3.503843,-3.265394,-3.030321,-2.771629,-2.550219,-2.428001,-2.390363,-2.436473,-2.528578,-2.670570,-2.821933,-2.984334,-3.128398,-3.253419,-3.339889,-3.377312,-3.369093,-3.302890,-3.173318,-2.984980,-2.742162,-2.446246,-2.092671,-1.701893,-1.278192,-0.824107,-0.353917,0.104240,0.565219,1.014265,1.436703,1.831566,2.181479,2.481486,2.723015,2.908665,3.022527,3.074085,3.053784,2.961956,2.809119,2.586795,2.311585,1.981439,1.605707,1.190223,0.752769,0.294833,-0.168237,-0.636803,-1.097162,-1.536256,-1.939424,-2.304669,-2.627452,-2.886427,-3.085039,-3.222822,-3.295542,-3.295286,-3.223607,-3.092199,-2.894073,-2.632789,-2.322421,-1.958546,-1.563061,-1.125533,-0.677362,-0.203785,0.251791,0.719541,1.155951,1.576110,1.948980,2.285528,2.564307,2.790460,2.950740,3.042532,3.073479,3.032759,2.919707,2.743345,2.508401,2.216316,1.864228,1.474477,1.051854,0.598918,0.130617,-0.339750,-0.798701,-1.246649,-1.668430,-2.062842,-2.412410,-2.711973,-2.953150,-3.138475,-3.252029,-3.303291,-3.282698,-3.190576,-3.037438,-2.814797,-2.539303,-2.208906,-1.832871,-1.416991,-0.978952,-0.520016,-0.055063,0.401293,0.863680,1.303873,1.707698,2.073393,2.396680,2.656049,2.855017,2.993131,3.066166,3.066218,2.994844,2.863747,2.665944,2.405003,2.094954,1.731381,1.336293,0.899350,0.452179,-0.019516,-0.487301,-0.953023,-1.388335,-1.807837,-2.180256,-2.516300,-2.794685,-3.020483,-3.180430,-3.271907,-3.302547,-3.261522,-3.148159,-2.971474,-2.736188,-2.443784,-2.091392,-1.701244,-1.278037,-0.824101,-0.353917,0.104240,0.565219,1.014265,1.436703,1.831566,2.181479,2.481486,2.723015,2.908665,3.022527,3.074085,3.053784,2.961956,2.809119,2.586795,2.311585,1.981439,1.605707,1.190223,0.752769,0.294833,-0.168237,-0.636281,-1.093607,-1.525841,-1.916606,-2.262716,-2.557625,-2.777540,-2.923486,-2.991508,-2.974268,-2.860497,-2.647221,-2.342288,-1.936541,-1.430013,-0.833812,-0.142936,0.624406,1.480592,2.394459,3.381942,4.401429,5.483791,6.582650,7.703952,8.807524,8.863027,7.430387,6.245919,5.221766,4.332428,3.563599,2.903305,2.340656,1.865777,1.469806,1.144606,0.840836,0.564547,0.307318,0.060196,-0.185881,-0.440622,-0.714444,-1.016845,-1.357004,-1.744684,-2.189085,-2.700061,-3.287901,-3.963419,-4.738758,
5.803153,4.836213,4.007119,3.295328,2.682544,2.154185,1.698789,1.302090,0.955352,0.651600,0.379588,0.131209,-0.095410,-0.305815,-0.507683,-0.703090,-0.906729,-1.139917,-1.407575,-1.714008,-2.062374,-2.458430,-2.911354,-3.430008,-4.010711,-4.584075,-4.775577,-3.397236,-2.980977,-2.644742,-2.393786,-2.215830,-2.136880,-2.135318,-2.209322,-2.325077,-2.486142,-2.655712,-2.834055,-2.993349,-3.131873,-3.231153,-3.280490,-3.282205,-3.225252,-3.104721,-2.924708,-2.689246,-2.400088,-2.053759,-1.669133,-1.250931,-0.802621,-0.338103,0.116531,0.573376,1.018235,1.437146,1.828341,2.175493,2.473485,2.713934,2.898610,3.012899,3.064988,3.046253,2.956982,2.806703,2.588176,2.316637,1.990807,1.619785,1.209516,0.776661,0.323435,-0.135454,-0.599297,-1.054845,-1.489608,-1.889557,-2.251922,-2.571808,-2.829659,-3.027891,-3.165542,-3.238550,-3.239834,-3.170682,-3.041567,-2.846580,-2.589317,-2.282840,-1.923803,-1.532535,-1.100539,-0.656787,-0.188933,0.263287,0.725771,1.158669,1.574631,1.945020,2.278823,2.556119,2.780918,2.940934,3.033454,3.064970,3.025828,2.915541,2.742251,2.510434,2.221995,1.875008,1.489998,1.072065,0.624510,0.161616,-0.303887,-0.758974,-1.202970,-1.621338,-2.012130,-2.358956,-2.656504,-2.896602,-3.080951,-3.194929,-3.246718,-3.227688,-3.138120,-2.987536,-2.768690,-2.496869,-2.170796,-1.799490,-1.388872,-0.955542,-0.501545,-0.041033,0.411940,0.869248,1.304873,1.705365,2.068133,2.388512,2.646751,2.845339,2.983322,3.056649,3.058244,2.989401,2.860599,2.665936,2.409015,2.102850,1.744098,1.353179,0.921658,0.478676,0.012446,-0.450644,-0.911368,-1.343404,-1.758824,-2.128809,-2.462119,-2.739027,-2.963471,-3.123153,-3.215356,-3.246561,-3.207109,-3.096509,-2.922896,-2.690736,-2.401984,-2.054713,-1.669353,-1.250946,-0.802621,-0.338103,0.116531,0.573376,1.018235,1.437146,1.828341,2.175493,2.473485,2.713934,2.898610,3.012899,3.064988,3.046253,2.956982,2.806703,2.588176,2.316637,1.990807,1.619785,1.209516,0.776661,0.323435,-0.135454,-0.599322,-1.054173,-1.485243,-1.876939,-2.225470,-2.524136,-2.751190,-2.906905,-2.987119,-2.984921,-2.890045,-2.699310,-2.419263,-2.041722,-1.566585,-1.003755,-0.349306,0.380010,1.193642,2.064425,3.004644,3.976504,5.008053,6.061225,7.150103,8.246101,9.381729,8.146529,6.908485,5.795745,4.821060,3.975905,3.248597,2.627406,2.101378,1.660791,1.296820,0.959607,0.654835,0.373793,0.107303,-0.153986,-0.420151,-0.702133,-1.010025,-1.353583,-1.743219,-2.188635,-2.699931,-3.287901,-3.963419,-4.738758,
5.803153,4.836213,4.006699,3.293293,2.678506,2.147468,1.688567,1.287190,0.934330,0.622950,0.341687,0.082342,-0.157026,-0.382026,-0.600194,-0.813626,-1.037276,-1.292681,-1.584833,-1.918241,-2.295793,-2.726781,-3.226990,-3.825254,-4.576139,-5.603003,-4.977117,-3.638845,-2.896812,-2.433373,-2.136795,-1.959039,-1.882689,-1.888890,-1.962693,-2.083727,-2.239226,-2.409958,-2.583140,-2.742048,-2.877368,-2.977261,-3.031119,-3.034983,-2.985023,-2.877508,-2.712697,-2.493896,-2.224323,-1.906580,-1.549216,-1.159647,-0.745344,-0.317294,0.111748,0.537724,0.951647,1.343789,1.706962,2.031407,2.310247,2.537322,2.709002,2.819499,2.868394,2.853146,2.773939,2.634100,2.434844,2.182438,1.880898,1.536957,1.158151,0.754409,0.333007,-0.096729,-0.527994,-0.950759,-1.354623,-1.729353,-2.068305,-2.364250,-2.608107,-2.796220,-2.926099,-2.994484,-2.998559,-2.938757,-2.818584,-2.638692,-2.402655,-2.117147,-1.786599,-1.420216,-1.022860,-0.606664,-0.177101,0.251464,0.676639,1.083990,1.468277,1.817638,2.127597,2.389277,2.598790,2.750128,2.840407,2.869457,2.834488,2.735651,2.576657,2.361095,2.092304,1.774221,1.416764,1.027348,0.613048,0.184251,-0.248418,-0.675079,-1.088933,-1.480810,-1.843681,-2.167837,-2.446248,-2.672978,-2.844333,-2.954521,-3.003118,-2.987575,-2.908071,-2.767929,-2.568358,-2.315674,-2.013905,-1.669716,-1.290658,-0.886708,-0.465303,-0.036314,0.391325,0.813404,1.217336,1.592332,1.931585,2.227987,2.472216,2.660679,2.790889,2.859591,2.863975,2.804481,2.684620,2.505049,2.269348,1.984140,1.653840,1.287709,0.890561,0.474368,0.044058,-0.388134,-0.813994,-1.221276,-1.605297,-1.954357,-2.263861,-2.525168,-2.734331,-2.885339,-2.975300,-3.004041,-2.968764,-2.869615,-2.710299,-2.494401,-2.225311,-1.906980,-1.549271,-1.159647,-0.745344,-0.317294,0.111748,0.537724,0.951647,1.343789,1.706962,2.031407,2.310247,2.537322,2.709002,2.819499,2.868394,2.853146,2.773939,2.634100,2.434844,2.182438,1.880898,1.536957,1.158151,0.754409,0.333007,-0.096729,-0.527994,-0.950792,-1.353266,-1.722946,-2.052322,-2.332522,-2.552507,-2.706704,-2.789703,-2.795628,-2.718663,-2.554850,-2.303718,-1.963516,-1.533892,-1.018083,-0.419816,0.255335,1.003185,1.813665,2.681521,3.594435,4.553896,5.551881,6.596196,7.707249,8.974857,9.098895,7.653569,6.416736,5.345642,4.418759,3.620392,2.937207,2.357080,1.869282,1.464210,1.091421,0.756162,0.449395,0.161706,-0.116512,-0.395648,-0.687081,-1.001453,-1.349105,-1.741140,-2.187859,-2.699755,-3.287828,-3.963419,-4.738758,
5.803153,4.836213,4.005285,3.290106,2.672905,2.138655,1.675567,1.268678,0.908714,0.588584,0.296869,0.025350,-0.227996,-0.468867,-0.704684,-0.937591,-1.182812,-1.462057,-1.780191,-2.140631,-2.545977,-3.004868,-3.533714,-4.169133,-4.982669,-5.882447,-4.627435,-3.442672,-2.679149,-2.192030,-1.892835,-1.729856,-1.673997,-1.702420,-1.795790,-1.935013,-2.104671,-2.288155,-2.470975,-2.637996,-2.779170,-2.884097,-2.942500,-2.949739,-2.903465,-2.800648,-2.641214,-2.428329,-2.165625,-1.856732,-1.508675,-1.129135,-0.726143,-0.309746,0.109609,0.525255,0.928895,1.311651,1.665661,1.982332,2.254730,2.476977,2.644701,2.753473,2.801625,2.787568,2.711457,2.575618,2.382466,2.136858,1.843517,1.508839,1.140364,0.746798,0.336025,-0.083400,-0.503734,-0.915545,-1.309125,-1.675005,-2.005882,-2.294309,-2.533059,-2.717556,-2.844871,-2.911987,-2.916935,-2.859903,-2.743171,-2.568450,-2.339301,-2.061323,-1.739945,-1.382717,-0.996318,-0.590347,-0.172554,0.246467,0.660212,1.058025,1.432368,1.773892,2.076273,2.332255,2.536914,2.685276,2.774409,2.803048,2.769585,2.674353,2.520160,2.310317,2.048561,1.739694,1.391732,1.012293,0.609081,0.191689,-0.229955,-0.646552,-1.050356,-1.432957,-1.786712,-2.103112,-2.375087,-2.596992,-2.764393,-2.872857,-2.920710,-2.906360,-2.829953,-2.693812,-2.500346,-2.254463,-1.960899,-1.625990,-1.257307,-0.863640,-0.453087,-0.034657,0.383389,0.794248,1.187664,1.553699,1.884832,2.173696,2.412812,2.597656,2.725300,2.792732,2.797988,2.741263,2.624843,2.450442,2.221626,1.943941,1.622793,1.265775,0.879477,0.473285,0.054497,-0.366813,-0.781509,-1.179486,-1.553674,-1.894943,-2.196886,-2.452503,-2.656814,-2.804847,-2.893664,-2.921994,-2.888225,-2.792681,-2.638168,-2.427991,-2.165944,-1.856846,-1.508675,-1.129135,-0.726143,-0.309746,0.109609,0.525255,0.928895,1.311651,1.665661,1.982332,2.254730,2.476977,2.644701,2.753473,2.801625,2.787568,2.711457,2.575618,2.382466,2.136858,1.843517,1.508839,1.140364,0.746798,0.336025,-0.083400,-0.503734,-0.915545,-1.309066,-1.672474,-1.997308,-2.274598,-2.495367,-2.653324,-2.742889,-2.758672,-2.695920,-2.550569,-2.320947,-2.006279,-1.605995,-1.121955,-0.558713,0.079955,0.788083,1.557846,2.382444,3.252962,4.167261,5.121832,6.121691,7.179937,8.324443,9.464638,8.413519,7.070404,5.902773,4.891207,4.018539,3.270092,2.632890,2.095263,1.646777,1.236336,0.868672,0.534365,0.223733,-0.073088,-0.366750,-0.668985,-0.990923,-1.343471,-1.738444,-2.186792,-2.699448,-3.287749,-3.963419,-4.738758,
5.803153,4.836213,4.003365,3.285570,2.664782,2.125667,1.656200,1.241047,0.870673,0.537937,0.231438,-0.056966,-0.329345,-0.591453,-0.850556,-1.108795,-1.381619,-1.690824,-2.040999,-2.433531,-2.869504,-3.350825,-3.883605,-4.497646,-5.309265,-5.193704,-3.962131,-3.026033,-2.367804,-1.932363,-1.672350,-1.545559,-1.527157,-1.591027,-1.717691,-1.885548,-2.081419,-2.286162,-2.487277,-2.668015,-2.819777,-2.931653,-2.993952,-3.003621,-2.957389,-2.852524,-2.690356,-2.474413,-2.207856,-1.893525,-1.540566,-1.156226,-0.747623,-0.325559,0.097318,0.517097,0.924925,1.311208,1.668886,1.988318,2.262731,2.486057,2.654756,2.763101,2.810722,2.795099,2.716430,2.578034,2.381085,2.131806,1.834149,1.494761,1.121071,0.722907,0.307424,-0.116183,-0.541240,-0.957862,-1.355773,-1.724873,-2.058629,-2.349953,-2.589827,-2.774704,-2.902152,-2.968979,-2.972386,-2.912827,-2.793803,-2.615943,-2.382772,-2.100905,-1.774687,-1.413244,-1.021312,-0.610922,-0.187406,0.234971,0.653982,1.055307,1.433846,1.777852,2.082978,2.340443,2.546456,2.695081,2.783486,2.811556,2.776517,2.678519,2.521253,2.308284,2.042883,1.728915,1.376211,0.992082,0.583489,0.160689,-0.265818,-0.686279,-1.094035,-1.480050,-1.837423,-2.156565,-2.430557,-2.653540,-2.821917,-2.929957,-2.977284,-2.961370,-2.882409,-2.743714,-2.546452,-2.296896,-1.999010,-1.659371,-1.285425,-0.887050,-0.471557,-0.048688,0.372741,0.788681,1.186663,1.556032,1.890092,2.181864,2.422109,2.607334,2.735109,2.802249,2.805962,2.746707,2.627991,2.450450,2.217614,1.936044,1.610077,1.248889,0.857169,0.446788,0.022536,-0.403470,-0.823164,-1.224416,-1.602687,-1.946389,-2.251067,-2.508161,-2.713826,-2.862124,-2.950216,-2.977980,-2.942637,-2.844331,-2.686747,-2.473442,-2.207744,-1.893525,-1.540566,-1.156226,-0.747623,-0.325559,0.097318,0.517097,0.924925,1.311208,1.668886,1.988318,2.262731,2.486057,2.654756,2.763101,2.810722,2.795099,2.716430,2.578034,2.381085,2.131806,1.834149,1.494761,1.121071,0.722907,0.307424,-0.116183,-0.541240,-0.957862,-1.355773,-1.724520,-2.055186,-2.339283,-2.566219,-2.730903,-2.828503,-2.853687,-2.801102,-2.667136,-2.451435,-2.152116,-1.768404,-1.302877,-0.758812,-0.141356,0.545544,1.292060,2.094742,2.939580,3.828100,4.751447,5.712478,6.710420,7.753798,8.849480,9.190298,7.752140,6.486217,5.389419,4.442320,3.628215,2.933335,2.345300,1.852702,1.403658,1.002285,0.638729,0.303044,-0.014824,-0.325672,-0.641396,-0.973432,-1.333107,-1.732843,-2.184180,-2.698472,-3.287545,-3.963419,-4.738758,
5.803153,4.835549,4.000689,3.279995,2.655212,2.110659,1.634059,1.209741,0.827936,0.481471,0.159010,-0.147461,-0.440088,-0.724730,-1.008577,-1.293882,-1.596468,-1.938506,-2.323365,-2.751785,-3.222083,-3.725555,-4.239260,-4.724070,-4.545929,-3.926780,-3.136548,-2.444639,-1.930891,-1.583764,-1.398765,-1.330225,-1.375551,-1.495766,-1.680936,-1.895468,-2.142757,-2.386381,-2.627073,-2.836773,-3.014874,-3.144425,-3.216255,-3.234201,-3.188133,-3.074961,-2.900794,-2.670058,-2.384425,-2.041258,-1.660649,-1.247524,-0.804900,-0.346368,0.102101,0.552750,0.991513,1.404565,1.790265,2.132405,2.425969,2.662670,2.844365,2.956501,3.007315,2.988206,2.899474,2.750638,2.534417,2.266005,1.944057,1.577589,1.172436,0.745159,0.297851,-0.154908,-0.612543,-1.061949,-1.490758,-1.885077,-2.242247,-2.557511,-2.811379,-3.006375,-3.141594,-3.213045,-3.213662,-3.144753,-3.016786,-2.823831,-2.569435,-2.266597,-1.911891,-1.525562,-1.098991,-0.661045,-0.199238,0.246794,0.703113,1.129986,1.540201,1.905234,2.234203,2.507285,2.728584,2.885887,2.976534,3.007070,2.967857,2.858409,2.686848,2.457623,2.172574,1.829702,1.449445,1.036800,0.594951,0.138054,-0.321287,-0.770174,-1.208072,-1.620577,-2.005872,-2.347684,-2.640813,-2.877164,-3.058535,-3.170365,-3.220884,-3.201483,-3.112458,-2.963321,-2.746784,-2.478092,-2.155900,-1.789145,-1.383640,-0.955884,-0.507800,-0.053406,0.393357,0.844525,1.274200,1.669064,2.026640,2.342389,2.596644,2.791993,2.927542,2.999307,3.000231,2.931627,2.803970,2.611337,2.357280,2.054754,1.700335,1.314358,0.888266,0.451097,-0.009076,-0.465980,-0.920538,-1.346544,-1.756213,-2.120841,-2.449325,-2.722020,-2.942966,-3.099939,-3.190271,-3.220500,-3.180982,-3.071225,-2.899343,-2.669778,-2.384417,-2.041258,-1.660649,-1.247524,-0.804900,-0.346368,0.102101,0.552750,0.991513,1.404565,1.790265,2.132405,2.425969,2.662670,2.844365,2.956501,3.007315,2.988206,2.899474,2.750638,2.534417,2.266005,1.944057,1.577589,1.172436,0.745159,0.297851,-0.154908,-0.612543,-1.061949,-1.490758,-1.885077,-2.241424,-2.552570,-2.797621,-2.977745,-3.089887,-3.128191,-3.083312,-2.952774,-2.743398,-2.446836,-2.062261,-1.598406,-1.050597,-0.434874,0.258304,1.002371,1.812828,2.649146,3.539881,4.448643,5.391504,6.340853,7.297137,8.202330,8.978022,8.486781,7.100286,5.915509,4.891589,4.009106,3.253682,2.612609,2.073773,1.584344,1.147691,0.753419,0.391240,0.050863,-0.278643,-0.609279,-0.952704,-1.320608,-1.725969,-2.180910,-2.697231,-3.287251,-3.963364,-4.738758,
5.803153,4.834116,3.996903,3.272914,2.643581,2.092849,1.608189,1.173639,0.779252,0.417834,0.078157,-0.247633,-0.561781,-0.870297,-1.180375,-1.494501,-1.829071,-2.206524,-2.630254,-3.103441,-3.625402,-4.183183,-4.726846,-5.102754,-3.766494,-3.177402,-2.539778,-1.980193,-1.563608,-1.285633,-1.154653,-1.130098,-1.215965,-1.372719,-1.592373,-1.837497,-2.113770,-2.382061,-2.644848,-2.872303,-3.065006,-3.205265,-3.284393,-3.307584,-3.263511,-3.149146,-2.971817,-2.736230,-2.443784,-2.091392,-1.701244,-1.278037,-0.824101,-0.353917,0.104240,0.565219,1.014265,1.436703,1.831566,2.181479,2.481486,2.723015,2.908665,3.022527,3.074085,3.053784,2.961956,2.809119,2.586795,2.311585,1.981439,1.605707,1.190223,0.752769,0.294833,-0.168237,-0.636803,-1.097162,-1.536256,-1.939424,-2.304669,-2.627452,-2.886427,-3.085039,-3.222822,-3.295542,-3.295286,-3.223607,-3.092199,-2.894073,-2.632789,-2.322421,-1.958546,-1.563061,-1.125533,-0.677362,-0.203785,0.251791,0.719541,1.155951,1.576110,1.948980,2.285528,2.564307,2.790460,2.950740,3.042532,3.073479,3.032759,2.919707,2.743345,2.508401,2.216316,1.864228,1.474477,1.051854,0.598918,0.130617,-0.339750,-0.798701,-1.246649,-1.668430,-2.062842,-2.412410,-2.711973,-2.953150,-3.138475,-3.252029,-3.303291,-3.282698,-3.190576,-3.037438,-2.814797,-2.539303,-2.208906,-1.832871,-1.416991,-0.978952,-0.520016,-0.055063,0.401293,0.863680,1.303873,1.707698,2.073393,2.396680,2.656049,2.855017,2.993131,3.066166,3.066218,2.994844,2.863747,2.665944,2.405003,2.094954,1.731381,1.336293,0.899350,0.452179,-0.019516,-0.487301,-0.953023,-1.388335,-1.807837,-2.180256,-2.516300,-2.794685,-3.020483,-3.180430,-3.271907,-3.302547,-3.261522,-3.148159,-2.971474,-2.736188,-2.443784,-2.091392,-1.701244,-1.278037,-0.824101,-0.353917,0.104240,0.565219,1.014265,1.436703,1.831566,2.181479,2.481486,2.723015,2.908665,3.022527,3.074085,3.053784,2.961956,2.809119,2.586795,2.311585,1.981439,1.605707,1.190223,0.752769,0.294833,-0.168237,-0.636803,-1.097162,-1.536256,-1.939424,-2.304669,-2.625772,-2.879266,-3.067409,-3.187807,-3.234618,-3.197913,-3.075768,-2.876494,-2.590834,-2.217971,-1.767535,-1.233693,-0.633875,0.043447,0.769146,1.561155,2.376287,3.245139,4.126275,5.035951,5.941181,6.842400,7.687648,8.410213,9.112650,7.724022,6.468022,5.365978,4.411756,3.593086,2.896780,2.309975,1.778833,1.305767,0.879697,0.489899,0.125786,-0.223722,-0.570683,-0.926897,-1.304336,-1.716451,-2.175904,-2.694948,-3.286449,-3.963113,-4.738758,
5.803153,4.832471,3.993119,3.266161,2.632715,2.076354,1.584334,1.140485,0.734742,0.359897,0.004831,-0.338178,-0.671547,-1.001551,-1.335516,-1.676333,-2.041016,-2.451668,-2.914871,-3.438895,-4.032865,-4.703388,-5.439924,-4.746273,-3.604837,-2.788633,-2.132111,-1.613729,-1.245504,-1.010207,-0.912794,-0.917024,-1.026054,-1.203461,-1.441007,-1.703528,-1.994044,-2.275756,-2.549194,-2.786070,-2.986037,-3.132687,-3.217738,-3.245503,-3.205796,-3.095989,-2.922804,-2.690736,-2.401984,-2.054713,-1.669353,-1.250946,-0.802621,-0.338103,0.116531,0.573376,1.018235,1.437146,1.828341,2.175493,2.473485,2.713934,2.898610,3.012899,3.064988,3.046253,2.956982,2.806703,2.588176,2.316637,1.990807,1.619785,1.209516,0.776661,0.323435,-0.135454,-0.599297,-1.054845,-1.489608,-1.889557,-2.251922,-2.571808,-2.829659,-3.027891,-3.165542,-3.238550,-3.239834,-3.170682,-3.041567,-2.846580,-2.589317,-2.282840,-1.923803,-1.532535,-1.100539,-0.656787,-0.188933,0.263287,0.725771,1.158669,1.574631,1.945020,2.278823,2.556119,2.780918,2.940934,3.033454,3.064970,3.025828,2.915541,2.742251,2.510434,2.221995,1.875008,1.489998,1.072065,0.624510,0.161616,-0.303887,-0.758974,-1.202970,-1.621338,-2.012130,-2.358956,-2.656504,-2.896602,-3.080951,-3.194929,-3.246718,-3.227688,-3.138120,-2.987536,-2.768690,-2.496869,-2.170796,-1.799490,-1.388872,-0.955542,-0.501545,-0.041033,0.411940,0.869248,1.304873,1.705365,2.068133,2.388512,2.646751,2.845339,2.983322,3.056649,3.058244,2.989401,2.860599,2.665936,2.409015,2.102850,1.744098,1.353179,0.921658,0.478676,0.012446,-0.450644,-0.911368,-1.343404,-1.758824,-2.128809,-2.462119,-2.739027,-2.963471,-3.123153,-3.215356,-3.246561,-3.207109,-3.096509,-2.922896,-2.690736,-2.401984,-2.054713,-1.669353,-1.250946,-0.802621,-0.338103,0.116531,0.573376,1.018235,1.437146,1.828341,2.175493,2.473485,2.713934,2.898610,3.012899,3.064988,3.046253,2.956982,2.806703,2.588176,2.316637,1.990807,1.619785,1.209516,0.776661,0.323435,-0.135454,-0.599297,-1.054845,-1.489608,-1.889557,-2.251922,-2.571657,-2.826735,-3.018162,-3.143236,-3.196512,-3.169144,-3.059252,-2.874228,-2.606091,-2.254125,-1.826844,-1.319363,-0.747261,-0.100731,0.593592,1.350615,2.131699,2.962386,3.804579,4.672429,5.537929,6.408928,7.263302,8.110098,9.015213,8.454072,7.076246,5.875782,4.838729,3.949592,3.192647,2.553440,1.977088,1.464963,1.005198,0.586515,0.197916,-0.171954,-0.535297,-0.904125,-1.290746,-1.709103,-2.172454,-2.693621,-3.286151,-3.963128,-4.738758,
5.802313,4.829761,3.987838,3.257351,2.619059,2.056149,1.555675,1.101342,0.683031,0.293524,-0.078182,-0.439680,-0.793584,-1.146444,-1.505746,-1.874740,-2.270274,-2.716607,-3.222171,-3.800825,-4.475641,-5.286689,-6.301343,-4.886720,-3.568832,-2.629497,-1.933079,-1.419775,-1.064490,-0.847459,-0.755449,-0.768370,-0.872365,-1.045721,-1.271571,-1.528976,-1.804154,-2.077503,-2.336511,-2.564329,-2.753199,-2.893544,-2.977629,-3.003537,-2.968039,-2.869422,-2.710296,-2.494401,-2.225311,-1.906980,-1.549271,-1.159647,-0.745344,-0.317294,0.111748,0.537724,0.951647,1.343789,1.706962,2.031407,2.310247,2.537322,2.709002,2.819499,2.868394,2.853146,2.773939,2.634100,2.434844,2.182438,1.880898,1.536957,1.158151,0.754409,0.333007,-0.096729,-0.527994,-0.950759,-1.354623,-1.729353,-2.068305,-2.364250,-2.608107,-2.796220,-2.926099,-2.994484,-2.998559,-2.938757,-2.818584,-2.638692,-2.402655,-2.117147,-1.786599,-1.420216,-1.022860,-0.606664,-0.177101,0.251464,0.676639,1.083990,1.468277,1.817638,2.127597,2.389277,2.598790,2.750128,2.840407,2.869457,2.834488,2.735651,2.576657,2.361095,2.092304,1.774221,1.416764,1.027348,0.613048,0.184251,-0.248418,-0.675079,-1.088933,-1.480810,-1.843681,-2.167837,-2.446248,-2.672978,-2.844333,-2.954521,-3.003118,-2.987575,-2.908071,-2.767929,-2.568358,-2.315674,-2.013905,-1.669716,-1.290658,-0.886708,-0.465303,-0.036314,0.391325,0.813404,1.217336,1.592332,1.931585,2.227987,2.472216,2.660679,2.790889,2.859591,2.863975,2.804481,2.684620,2.505049,2.269348,1.984140,1.653840,1.287709,0.890561,0.474368,0.044058,-0.388134,-0.813994,-1.221276,-1.605297,-1.954357,-2.263861,-2.525168,-2.734331,-2.885339,-2.975300,-3.004041,-2.968764,-2.869615,-2.710299,-2.494401,-2.225311,-1.906980,-1.549271,-1.159647,-0.745344,-0.317294,0.111748,0.537724,0.951647,1.343789,1.706962,2.031407,2.310247,2.537322,2.709002,2.819499,2.868394,2.853146,2.773939,2.634100,2.434844,2.182438,1.880898,1.536957,1.158151,0.754409,0.333007,-0.096729,-0.527994,-0.950759,-1.354623,-1.729353,-2.068305,-2.364250,-2.607527,-2.791821,-2.913058,-2.966745,-2.948491,-2.855809,-2.689399,-2.448021,-2.131022,-1.740479,-1.279164,-0.751241,-0.160006,0.484867,1.180383,1.912775,2.680365,3.469975,4.278969,5.099469,5.934416,6.792448,7.716699,8.833800,9.221429,7.722145,6.412111,5.286057,4.323536,3.504407,2.811413,2.188446,1.636022,1.141406,0.692718,0.278499,-0.112913,-0.493868,-0.876557,-1.273562,-1.699214,-2.167287,-2.691176,-3.285165,-3.962829,-4.738621,
5.800762,4.826086,3.981182,3.246591,2.602690,2.032286,1.522262,1.056281,0.624236,0.218891,-0.170654,-0.551890,-0.927656,-1.304790,-1.690961,-2.088343,-2.515844,-2.996994,-3.540244,-4.160942,-4.889453,-5.789359,-6.275225,-4.600526,-3.302732,-2.358325,-1.669207,-1.177416,-0.849384,-0.661004,-0.594085,-0.629794,-0.751244,-0.939129,-1.175706,-1.442185,-1.722300,-1.999120,-2.258720,-2.486360,-2.673738,-2.812829,-2.896553,-2.922298,-2.888094,-2.792657,-2.638168,-2.427991,-2.165944,-1.856846,-1.508675,-1.129135,-0.726143,-0.309746,0.109609,0.525255,0.928895,1.311651,1.665661,1.982332,2.254730,2.476977,2.644701,2.753473,2.801625,2.787568,2.711457,2.575618,2.382466,2.136858,1.843517,1.508839,1.140364,0.746798,0.336025,-0.083400,-0.503734,-0.915545,-1.309125,-1.675005,-2.005882,-2.294309,-2.533059,-2.717556,-2.844871,-2.911987,-2.916935,-2.859903,-2.743171,-2.568450,-2.339301,-2.061323,-1.739945,-1.382717,-0.996318,-0.590347,-0.172554,0.246467,0.660212,1.058025,1.432368,1.773892,2.076273,2.332255,2.536914,2.685276,2.774409,2.803048,2.769585,2.674353,2.520160,2.310317,2.048561,1.739694,1.391732,1.012293,0.609081,0.191689,-0.229955,-0.646552,-1.050356,-1.432957,-1.786712,-2.103112,-2.375087,-2.596992,-2.764393,-2.872857,-2.920710,-2.906360,-2.829953,-2.693812,-2.500346,-2.254463,-1.960899,-1.625990,-1.257307,-0.863640,-0.453087,-0.034657,0.383389,0.794248,1.187664,1.553699,1.884832,2.173696,2.412812,2.597656,2.725300,2.792732,2.797988,2.741263,2.624843,2.450442,2.221626,1.943941,1.622793,1.265775,0.879477,0.473285,0.054497,-0.366813,-0.781509,-1.179486,-1.553674,-1.894943,-2.196886,-2.452503,-2.656814,-2.804847,-2.893664,-2.921994,-2.888225,-2.792681,-2.638168,-2.427991,-2.165944,-1.856846,-1.508675,-1.129135,-0.726143,-0.309746,0.109609,0.525255,0.928895,1.311651,1.665661,1.982332,2.254730,2.476977,2.644701,2.753473,2.801625,2.787568,2.711457,2.575618,2.382466,2.136858,1.843517,1.508839,1.140364,0.746798,0.336025,-0.083400,-0.503734,-0.915545,-1.309125,-1.675005,-2.005882,-2.294309,-2.533059,-2.716045,-2.837861,-2.894389,-2.882251,-2.798951,-2.644246,-2.418159,-2.120173,-1.751331,-1.315349,-0.814469,-0.253531,0.360516,1.022555,1.722254,2.454483,3.209661,3.983450,4.771857,5.578074,6.412939,7.305734,8.308139,9.413841,8.408796,6.967094,5.748766,4.712580,3.830951,3.083456,2.412553,1.818292,1.287409,0.807405,0.366336,-0.047810,-0.447560,-0.845279,-1.253787,-1.687705,-2.161242,-2.688352,-3.284076,-3.962536,-4.738595,
5.798845,4.821487,3.972736,3.232752,2.581475,2.001318,1.478998,0.998202,0.548881,0.123764,-0.287957,-0.693681,-1.096461,-1.503387,-1.921547,-2.354023,-2.819164,-3.338869,-3.917973,-4.564760,-5.299856,-6.192905,-5.483455,-4.033839,-2.879651,-2.008874,-1.370066,-0.921885,-0.636348,-0.487965,-0.459891,-0.530092,-0.683921,-0.900107,-1.161891,-1.448395,-1.745787,-2.034838,-2.304058,-2.537726,-2.729148,-2.869800,-2.953347,-2.978674,-2.942683,-2.844331,-2.686747,-2.473442,-2.207744,-1.893525,-1.540566,-1.156226,-0.747623,-0.325559,0.097318,0.517097,0.924925,1.311208,1.668886,1.988318,2.262731,2.486057,2.654756,2.763101,2.810722,2.795099,2.716430,2.578034,2.381085,2.131806,1.834149,1.494761,1.121071,0.722907,0.307424,-0.116183,-0.541240,-0.957862,-1.355773,-1.724873,-2.058629,-2.349953,-2.589827,-2.774704,-2.902152,-2.968979,-2.972386,-2.912827,-2.793803,-2.615943,-2.382772,-2.100905,-1.774687,-1.413244,-1.021312,-0.610922,-0.187406,0.234971,0.653982,1.055307,1.433846,1.777852,2.082978,2.340443,2.546456,2.695081,2.783486,2.811556,2.776517,2.678519,2.521253,2.308284,2.042883,1.728915,1.376211,0.992082,0.583489,0.160689,-0.265818,-0.686279,-1.094035,-1.480050,-1.837423,-2.156565,-2.430557,-2.653540,-2.821917,-2.929957,-2.977284,-2.961370,-2.882409,-2.743714,-2.546452,-2.296896,-1.999010,-1.659371,-1.285425,-0.887050,-0.471557,-0.048688,0.372741,0.788681,1.186663,1.556032,1.890092,2.181864,2.422109,2.607334,2.735109,2.802249,2.805962,2.746707,2.627991,2.450450,2.217614,1.936044,1.610077,1.248889,0.857169,0.446788,0.022536,-0.403470,-0.823164,-1.224416,-1.602687,-1.946389,-2.251067,-2.508161,-2.713826,-2.862124,-2.950216,-2.977980,-2.942637,-2.844331,-2.686747,-2.473442,-2.207744,-1.893525,-1.540566,-1.156226,-0.747623,-0.325559,0.097318,0.517097,0.924925,1.311208,1.668886,1.988318,2.262731,2.486057,2.654756,2.763101,2.810722,2.795099,2.716430,2.578034,2.381085,2.131806,1.834149,1.494761,1.121071,0.722907,0.307424,-0.116183,-0.541240,-0.957862,-1.355773,-1.724873,-2.058629,-2.349953,-2.589827,-2.774519,-2.899014,-2.958653,-2.949358,-2.869110,-2.719159,-2.498656,-2.207241,-1.847096,-1.420867,-0.932142,-0.383556,0.215731,0.863227,1.545318,2.262489,3.000124,3.756219,4.523808,5.305926,6.105032,6.933094,7.803086,8.733080,9.025328,7.505547,6.214465,5.114095,4.175087,3.375989,2.658715,2.023131,1.455836,0.943816,0.474648,0.035988,-0.384803,-0.800156,-1.222974,-1.667946,-2.149493,-2.681973,-3.281070,-3.961406,-4.738349,
5.796234,4.815894,3.962838,3.216806,2.557307,1.966413,1.430725,0.934023,0.466356,0.020388,-0.414647,-0.846127,-1.277392,-1.715898,-2.167223,-2.635400,-3.138711,-3.697266,-4.310024,-4.969043,-5.650147,-5.578214,-4.385742,-3.241181,-2.262498,-1.496093,-0.933911,-0.547533,-0.324772,-0.232058,-0.267003,-0.390314,-0.604279,-0.873445,-1.189761,-1.518021,-1.860900,-2.182074,-2.483755,-2.739603,-2.951095,-3.103674,-3.191638,-3.220739,-3.180985,-3.071225,-2.899343,-2.669778,-2.384417,-2.041258,-1.660649,-1.247524,-0.804900,-0.346368,0.102101,0.552750,0.991513,1.404565,1.790265,2.132405,2.425969,2.662670,2.844365,2.956501,3.007315,2.988206,2.899474,2.750638,2.534417,2.266005,1.944057,1.577589,1.172436,0.745159,0.297851,-0.154908,-0.612543,-1.061949,-1.490758,-1.885077,-2.242247,-2.557511,-2.811379,-3.006375,-3.141594,-3.213045,-3.213662,-3.144753,-3.016786,-2.823831,-2.569435,-2.266597,-1.911891,-1.525562,-1.098991,-0.661045,-0.199238,0.246794,0.703113,1.129986,1.540201,1.905234,2.234203,2.507285,2.728584,2.885887,2.976534,3.007070,2.967857,2.858409,2.686848,2.457623,2.172574,1.829702,1.449445,1.036800,0.594951,0.138054,-0.321287,-0.770174,-1.208072,-1.620577,-2.005872,-2.347684,-2.640813,-2.877164,-3.058535,-3.170365,-3.220884,-3.201483,-3.112458,-2.963321,-2.746784,-2.478092,-2.155900,-1.789145,-1.383640,-0.955884,-0.507800,-0.053406,0.393357,0.844525,1.274200,1.669064,2.026640,2.342389,2.596644,2.791993,2.927542,2.999307,3.000231,2.931627,2.803970,2.611337,2.357280,2.054754,1.700335,1.314358,0.888266,0.451097,-0.009076,-0.465980,-0.920538,-1.346544,-1.756213,-2.120841,-2.449325,-2.722020,-2.942966,-3.099939,-3.190271,-3.220500,-3.180982,-3.071225,-2.899343,-2.669778,-2.384417,-2.041258,-1.660649,-1.247524,-0.804900,-0.346368,0.102101,0.552750,0.991513,1.404565,1.790265,2.132405,2.425969,2.662670,2.844365,2.956501,3.007315,2.988206,2.899474,2.750638,2.534417,2.266005,1.944057,1.577589,1.172436,0.745159,0.297851,-0.154908,-0.612543,-1.061949,-1.490758,-1.885077,-2.242247,-2.557511,-2.811379,-3.006375,-3.140847,-3.208158,-3.200131,-3.115833,-2.963777,-2.736808,-2.434846,-2.066687,-1.627306,-1.131261,-0.567592,0.037963,0.701007,1.382719,2.113505,2.852101,3.613760,4.373500,5.144743,5.911602,6.677526,7.413110,8.047295,8.547241,8.040904,6.687964,5.529244,4.534046,3.682425,2.917405,2.239007,1.633914,1.088787,0.590582,0.126530,-0.316207,-0.750169,-1.188343,-1.645415,-2.135921,-2.674564,-3.277608,-3.960170,-4.738106,
5.792587,4.808854,3.950896,3.198010,2.529309,1.926591,1.376397,0.862662,0.375551,-0.092366,-0.551875,-1.010418,-1.471700,-1.943066,-2.429530,-2.936822,-3.484123,-4.091947,-4.757214,-5.464262,-6.194403,-4.805484,-3.680882,-2.664879,-1.792362,-1.104687,-0.602892,-0.265675,-0.086902,-0.034049,-0.107840,-0.266565,-0.515279,-0.816296,-1.162165,-1.515306,-1.880631,-2.219377,-2.535994,-2.803056,-3.023345,-3.181484,-3.272220,-3.302575,-3.261522,-3.148159,-2.971474,-2.736188,-2.443784,-2.091392,-1.701244,-1.278037,-0.824101,-0.353917,0.104240,0.565219,1.014265,1.436703,1.831566,2.181479,2.481486,2.723015,2.908665,3.022527,3.074085,3.053784,2.961956,2.809119,2.586795,2.311585,1.981439,1.605707,1.190223,0.752769,0.294833,-0.168237,-0.636803,-1.097162,-1.536256,-1.939424,-2.304669,-2.627452,-2.886427,-3.085039,-3.222822,-3.295542,-3.295286,-3.223607,-3.092199,-2.894073,-2.632789,-2.322421,-1.958546,-1.563061,-1.125533,-0.677362,-0.203785,0.251791,0.719541,1.155951,1.576110,1.948980,2.285528,2.564307,2.790460,2.950740,3.042532,3.073479,3.032759,2.919707,2.743345,2.508401,2.216316,1.864228,1.474477,1.051854,0.598918,0.130617,-0.339750,-0.798701,-1.246649,-1.668430,-2.062842,-2.412410,-2.711973,-2.953150,-3.138475,-3.252029,-3.303291,-3.282698,-3.190576,-3.037438,-2.814797,-2.539303,-2.208906,-1.832871,-1.416991,-0.978952,-0.520016,-0.055063,0.401293,0.863680,1.303873,1.707698,2.073393,2.396680,2.656049,2.855017,2.993131,3.066166,3.066218,2.994844,2.863747,2.665944,2.405003,2.094954,1.731381,1.336293,0.899350,0.452179,-0.019516,-0.487301,-0.953023,-1.388335,-1.807837,-2.180256,-2.516300,-2.794685,-3.020483,-3.180430,-3.271907,-3.302547,-3.261522,-3.148159,-2.971474,-2.736188,-2.443784,-2.091392,-1.701244,-1.278037,-0.824101,-0.353917,0.104240,0.565219,1.014265,1.436703,1.831566,2.181479,2.481486,2.723015,2.908665,3.022527,3.074085,3.053784,2.961956,2.809119,2.586795,2.311585,1.981439,1.605707,1.190223,0.752769,0.294833,-0.168237,-0.636803,-1.097162,-1.536256,-1.939424,-2.304669,-2.627452,-2.886427,-3.085039,-3.222797,-3.293777,-3.288178,-3.205517,-3.055799,-2.831051,-2.531484,-2.167254,-1.732501,-1.243362,-0.686881,-0.091081,0.562229,1.230581,1.948938,2.673320,3.419597,4.159370,4.906105,5.639171,6.358771,7.032343,7.605359,7.971080,8.587126,7.173376,5.962479,4.909935,4.003072,3.188272,2.465914,1.822123,1.243153,0.715344,0.225335,-0.240011,-0.693401,-1.147917,-1.618188,-2.118769,-2.664621,-3.272486,-3.957946,-4.737370,
5.788492,4.801319,3.938412,3.178643,2.500812,1.886565,1.322461,0.792643,0.287393,-0.200855,-0.682990,-1.166644,-1.655851,-2.156870,-2.676570,-3.222362,-3.816122,-4.483046,-5.225203,-6.009432,-6.195784,-4.484667,-3.271823,-2.262462,-1.435042,-0.794727,-0.333667,-0.031049,0.118945,0.145870,0.050205,-0.129070,-0.394796,-0.711167,-1.069291,-1.433426,-1.805931,-2.150738,-2.470835,-2.740953,-2.963014,-3.122790,-3.215293,-3.246561,-3.207109,-3.096509,-2.922896,-2.690736,-2.401984,-2.054713,-1.669353,-1.250946,-0.802621,-0.338103,0.116531,0.573376,1.018235,1.437146,1.828341,2.175493,2.473485,2.713934,2.898610,3.012899,3.064988,3.046253,2.956982,2.806703,2.588176,2.316637,1.990807,1.619785,1.209516,0.776661,0.323435,-0.135454,-0.599297,-1.054845,-1.489608,-1.889557,-2.251922,-2.571808,-2.829659,-3.027891,-3.165542,-3.238550,-3.239834,-3.170682,-3.041567,-2.846580,-2.589317,-2.282840,-1.923803,-1.532535,-1.100539,-0.656787,-0.188933,0.263287,0.725771,1.158669,1.574631,1.945020,2.278823,2.556119,2.780918,2.940934,3.033454,3.064970,3.025828,2.915541,2.742251,2.510434,2.221995,1.875008,1.489998,1.072065,0.624510,0.161616,-0.303887,-0.758974,-1.202970,-1.621338,-2.012130,-2.358956,-2.656504,-2.896602,-3.080951,-3.194929,-3.246718,-3.227688,-3.138120,-2.987536,-2.768690,-2.496869,-2.170796,-1.799490,-1.388872,-0.955542,-0.501545,-0.041033,0.411940,0.869248,1.304873,1.705365,2.068133,2.388512,2.646751,2.845339,2.983322,3.056649,3.058244,2.989401,2.860599,2.665936,2.409015,2.102850,1.744098,1.353179,0.921658,0.478676,0.012446,-0.450644,-0.911368,-1.343404,-1.758824,-2.128809,-2.462119,-2.739027,-2.963471,-3.123153,-3.215356,-3.246561,-3.207109,-3.096509,-2.922896,-2.690736,-2.401984,-2.054713,-1.669353,-1.250946,-0.802621,-0.338103,0.116531,0.573376,1.018235,1.437146,1.828341,2.175493,2.473485,2.713934,2.898610,3.012899,3.064988,3.046253,2.956982,2.806703,2.588176,2.316637,1.990807,1.619785,1.209516,0.776661,0.323435,-0.135454,-0.599297,-1.054845,-1.489608,-1.889557,-2.251922,-2.571808,-2.829659,-3.027891,-3.165542,-3.238424,-3.237114,-3.160718,-3.018251,-2.803037,-2.515604,-2.165412,-1.747891,-1.277608,-0.743438,-0.170745,0.456579,1.099912,1.789042,2.485208,3.200958,3.909957,4.623573,5.323604,6.013683,6.677835,7.306861,7.909498,8.652700,7.681886,6.433048,5.308773,4.335011,3.463096,2.692276,2.006886,1.392127,0.833673,0.317415,-0.170284,-0.642481,-1.112518,-1.595089,-2.104843,-2.657053,-3.268938,-3.956606,-4.737039,
5.783974,4.792960,3.924489,3.157003,2.469058,1.842235,1.263149,0.716163,0.191652,-0.318125,-0.824213,-1.334516,-1.852753,-2.386756,-2.944014,-3.533503,-4.180753,-4.921262,-5.792144,-6.907965,-6.050664,-4.386316,-3.105554,-2.090069,-1.287456,-0.674738,-0.234792,0.049883,0.193390,0.213788,0.124763,-0.052104,-0.303082,-0.606376,-0.943877,-1.293983,-1.642600,-1.971305,-2.270407,-2.526489,-2.733966,-2.885152,-2.975294,-3.004041,-2.968764,-2.869615,-2.710299,-2.494401,-2.225311,-1.906980,-1.549271,-1.159647,-0.745344,-0.317294,0.111748,0.537724,0.951647,1.343789,1.706962,2.031407,2.310247,2.537322,2.709002,2.819499,2.868394,2.853146,2.773939,2.634100,2.434844,2.182438,1.880898,1.536957,1.158151,0.754409,0.333007,-0.096729,-0.527994,-0.950759,-1.354623,-1.729353,-2.068305,-2.364250,-2.608107,-2.796220,-2.926099,-2.994484,-2.998559,-2.938757,-2.818584,-2.638692,-2.402655,-2.117147,-1.786599,-1.420216,-1.022860,-0.606664,-0.177101,0.251464,0.676639,1.083990,1.468277,1.817638,2.127597,2.389277,2.598790,2.750128,2.840407,2.869457,2.834488,2.735651,2.576657,2.361095,2.092304,1.774221,1.416764,1.027348,0.613048,0.184251,-0.248418,-0.675079,-1.088933,-1.480810,-1.843681,-2.167837,-2.446248,-2.672978,-2.844333,-2.954521,-3.003118,-2.987575,-2.908071,-2.767929,-2.568358,-2.315674,-2.013905,-1.669716,-1.290658,-0.886708,-0.465303,-0.036314,0.391325,0.813404,1.217336,1.592332,1.931585,2.227987,2.472216,2.660679,2.790889,2.859591,2.863975,2.804481,2.684620,2.505049,2.269348,1.984140,1.653840,1.287709,0.890561,0.474368,0.044058,-0.388134,-0.813994,-1.221276,-1.605297,-1.954357,-2.263861,-2.525168,-2.734331,-2.885339,-2.975300,-3.004041,-2.968764,-2.869615,-2.710299,-2.494401,-2.225311,-1.906980,-1.549271,-1.159647,-0.745344,-0.317294,0.111748,0.537724,0.951647,1.343789,1.706962,2.031407,2.310247,2.537322,2.709002,2.819499,2.868394,2.853146,2.773939,2.634100,2.434844,2.182438,1.880898,1.536957,1.158151,0.754409,0.333007,-0.096729,-0.527994,-0.950759,-1.354623,-1.729353,-2.068305,-2.364250,-2.608107,-2.796220,-2.926099,-2.994484,-2.997878,-2.933407,-2.803290,-2.607555,-2.346930,-2.024798,-1.644567,-1.209747,-0.722551,-0.191335,0.382498,0.985879,1.620312,2.272435,2.936802,3.603827,4.271973,4.936171,5.598055,6.262660,6.954578,7.749929,8.860676,8.481856,6.985258,5.738376,4.683022,3.749329,2.928329,2.200487,1.549016,0.958901,0.415501,-0.095393,-0.587218,-1.073607,-1.569319,-2.089070,-2.648381,-3.264836,-3.955036,-4.736628,
5.777856,4.782367,3.907497,3.131292,2.432149,1.791684,1.196603,0.631481,0.086754,-0.445538,-0.976663,-1.513744,-2.062291,-2.630246,-3.225450,-3.857191,-4.551180,-5.341192,-6.242958,-7.197441,-5.659568,-4.061189,-2.806053,-1.817689,-1.048480,-0.470154,-0.062022,0.194117,0.313921,0.313653,0.209146,0.019081,-0.240373,-0.549353,-0.888599,-1.238810,-1.583948,-1.908755,-2.202391,-2.453818,-2.656761,-2.804777,-2.893664,-2.921994,-2.888225,-2.792681,-2.638168,-2.427991,-2.165944,-1.856846,-1.508675,-1.129135,-0.726143,-0.309746,0.109609,0.525255,0.928895,1.311651,1.665661,1.982332,2.254730,2.476977,2.644701,2.753473,2.801625,2.787568,2.711457,2.575618,2.382466,2.136858,1.843517,1.508839,1.140364,0.746798,0.336025,-0.083400,-0.503734,-0.915545,-1.309125,-1.675005,-2.005882,-2.294309,-2.533059,-2.717556,-2.844871,-2.911987,-2.916935,-2.859903,-2.743171,-2.568450,-2.339301,-2.061323,-1.739945,-1.382717,-0.996318,-0.590347,-0.172554,0.246467,0.660212,1.058025,1.432368,1.773892,2.076273,2.332255,2.536914,2.685276,2.774409,2.803048,2.769585,2.674353,2.520160,2.310317,2.048561,1.739694,1.391732,1.012293,0.609081,0.191689,-0.229955,-0.646552,-1.050356,-1.432957,-1.786712,-2.103112,-2.375087,-2.596992,-2.764393,-2.872857,-2.920710,-2.906360,-2.829953,-2.693812,-2.500346,-2.254463,-1.960899,-1.625990,-1.257307,-0.863640,-0.453087,-0.034657,0.383389,0.794248,1.187664,1.553699,1.884832,2.173696,2.412812,2.597656,2.725300,2.792732,2.797988,2.741263,2.624843,2.450442,2.221626,1.943941,1.622793,1.265775,0.879477,0.473285,0.054497,-0.366813,-0.781509,-1.179486,-1.553674,-1.894943,-2.196886,-2.452503,-2.656814,-2.804847,-2.893664,-2.921994,-2.888225,-2.792681,-2.638168,-2.427991,-2.165944,-1.856846,-1.508675,-1.129135,-0.726143,-0.309746,0.109609,0.525255,0.928895,1.311651,1.665661,1.982332,2.254730,2.476977,2.644701,2.753473,2.801625,2.787568,2.711457,2.575618,2.382466,2.136858,1.843517,1.508839,1.140364,0.746798,0.336025,-0.083400,-0.503734,-0.915545,-1.309125,-1.675005,-2.005882,-2.294309,-2.533059,-2.717556,-2.844871,-2.911987,-2.916960,-2.857280,-2.733357,-2.546379,-2.297269,-1.988651,-1.625145,-1.208752,-0.743564,-0.235287,0.312696,0.891303,1.498100,2.123332,2.759467,3.399339,4.040010,4.679234,5.320087,5.972522,6.663587,7.454126,8.463064,8.962786,7.503721,6.165433,5.033580,4.040672,3.170904,2.401149,1.713016,1.090796,0.519659,-0.015011,-0.527066,-1.030461,-1.540043,-2.070588,-2.637816,-3.259548,-3.952810,-4.735903,
5.770125,4.769164,3.886499,3.099796,2.387355,1.730880,1.117154,0.530914,-0.037395,-0.595990,-1.156446,-1.725236,-2.309377,-2.916711,-3.554903,-4.232248,-4.972789,-5.813894,-6.824477,-6.723954,-5.059377,-3.596087,-2.419160,-1.486514,-0.764060,-0.229145,0.137942,0.356307,0.440432,0.408113,0.273453,0.057425,-0.226111,-0.554967,-0.910770,-1.272462,-1.627094,-1.957590,-2.255668,-2.509410,-2.713962,-2.862124,-2.950216,-2.977980,-2.942637,-2.844331,-2.686747,-2.473442,-2.207744,-1.893525,-1.540566,-1.156226,-0.747623,-0.325559,0.097318,0.517097,0.924925,1.311208,1.668886,1.988318,2.262731,2.486057,2.654756,2.763101,2.810722,2.795099,2.716430,2.578034,2.381085,2.131806,1.834149,1.494761,1.121071,0.722907,0.307424,-0.116183,-0.541240,-0.957862,-1.355773,-1.724873,-2.058629,-2.349953,-2.589827,-2.774704,-2.902152,-2.968979,-2.972386,-2.912827,-2.793803,-2.615943,-2.382772,-2.100905,-1.774687,-1.413244,-1.021312,-0.610922,-0.187406,0.234971,0.653982,1.055307,1.433846,1.777852,2.082978,2.340443,2.546456,2.695081,2.783486,2.811556,2.776517,2.678519,2.521253,2.308284,2.042883,1.728915,1.376211,0.992082,0.583489,0.160689,-0.265818,-0.686279,-1.094035,-1.480050,-1.837423,-2.156565,-2.430557,-2.653540,-2.821917,-2.929957,-2.977284,-2.961370,-2.882409,-2.743714,-2.546452,-2.296896,-1.999010,-1.659371,-1.285425,-0.887050,-0.471557,-0.048688,0.372741,0.788681,1.186663,1.556032,1.890092,2.181864,2.422109,2.607334,2.735109,2.802249,2.805962,2.746707,2.627991,2.450450,2.217614,1.936044,1.610077,1.248889,0.857169,0.446788,0.022536,-0.403470,-0.823164,-1.224416,-1.602687,-1.946389,-2.251067,-2.508161,-2.713826,-2.862124,-2.950216,-2.977980,-2.942637,-2.844331,-2.686747,-2.473442,-2.207744,-1.893525,-1.540566,-1.156226,-0.747623,-0.325559,0.097318,0.517097,0.924925,1.311208,1.668886,1.988318,2.262731,2.486057,2.654756,2.763101,2.810722,2.795099,2.716430,2.578034,2.381085,2.131806,1.834149,1.494761,1.121071,0.722907,0.307424,-0.116183,-0.541240,-0.957862,-1.355773,-1.724873,-2.058629,-2.349953,-2.589827,-2.774704,-2.902152,-2.968979,-2.972386,-2.911920,-2.788048,-2.600981,-2.351788,-2.044399,-1.682569,-1.270060,-0.809169,-0.307972,0.232837,0.800736,1.397780,2.011932,2.637696,3.264873,3.892432,4.516338,5.139678,5.767185,6.412141,7.096856,7.840847,8.568692,8.124722,6.584845,5.381772,4.341536,3.430045,2.621898,1.898699,1.244660,0.645152,0.085472,-0.448590,-0.971217,-1.497237,-2.041351,-2.619294,-3.248878,-3.947358,-4.733552,
5.761491,4.754451,3.863198,3.065083,2.338406,1.665025,1.031795,0.423562,-0.169283,-0.755277,-1.345016,-1.945404,-2.564385,-3.210130,-3.890062,-4.610207,-5.385340,-6.218195,-7.047183,-5.710039,-4.241525,-2.935298,-1.851139,-0.986833,-0.318117,0.164098,0.476647,0.643748,0.671437,0.588599,0.396087,0.132070,-0.205890,-0.581027,-0.983717,-1.379069,-1.771423,-2.127116,-2.451657,-2.722555,-2.943000,-3.099939,-3.190271,-3.220500,-3.180982,-3.071225,-2.899343,-2.669778,-2.384417,-2.041258,-1.660649,-1.247524,-0.804900,-0.346368,0.102101,0.552750,0.991513,1.404565,1.790265,2.132405,2.425969,2.662670,2.844365,2.956501,3.007315,2.988206,2.899474,2.750638,2.534417,2.266005,1.944057,1.577589,1.172436,0.745159,0.297851,-0.154908,-0.612543,-1.061949,-1.490758,-1.885077,-2.242247,-2.557511,-2.811379,-3.006375,-3.141594,-3.213045,-3.213662,-3.144753,-3.016786,-2.823831,-2.569435,-2.266597,-1.911891,-1.525562,-1.098991,-0.661045,-0.199238,0.246794,0.703113,1.129986,1.540201,1.905234,2.234203,2.507285,2.728584,2.885887,2.976534,3.007070,2.967857,2.858409,2.686848,2.457623,2.172574,1.829702,1.449445,1.036800,0.594951,0.138054,-0.321287,-0.770174,-1.208072,-1.620577,-2.005872,-2.347684,-2.640813,-2.877164,-3.058535,-3.170365,-3.220884,-3.201483,-3.112458,-2.963321,-2.746784,-2.478092,-2.155900,-1.789145,-1.383640,-0.955884,-0.507800,-0.053406,0.393357,0.844525,1.274200,1.669064,2.026640,2.342389,2.596644,2.791993,2.927542,2.999307,3.000231,2.931627,2.803970,2.611337,2.357280,2.054754,1.700335,1.314358,0.888266,0.451097,-0.009076,-0.465980,-0.920538,-1.346544,-1.756213,-2.120841,-2.449325,-2.722020,-2.942966,-3.099939,-3.190271,-3.220500,-3.180982,-3.071225,-2.899343,-2.669778,-2.384417,-2.041258,-1.660649,-1.247524,-0.804900,-0.346368,0.102101,0.552750,0.991513,1.404565,1.790265,2.132405,2.425969,2.662670,2.844365,2.956501,3.007315,2.988206,2.899474,2.750638,2.534417,2.266005,1.944057,1.577589,1.172436,0.745159,0.297851,-0.154908,-0.612543,-1.061949,-1.490758,-1.885077,-2.242247,-2.557511,-2.811379,-3.006375,-3.141594,-3.213045,-3.213662,-3.144702,-3.014344,-2.815558,-2.549637,-2.227205,-1.844482,-1.416614,-0.932757,-0.417818,0.145576,0.719803,1.335543,1.956139,2.594920,3.223786,3.854878,4.472284,5.084753,5.684983,6.272361,6.842915,7.333272,7.553681,8.158665,6.872702,5.704859,4.642946,3.695318,2.849461,2.090912,1.404752,0.776398,0.191224,-0.365256,-0.907545,-1.450529,-2.008870,-2.598302,-3.236527,-3.940940,-4.730790,
5.752053,4.738295,3.837640,3.027216,2.285405,1.594257,0.940680,0.309561,-0.308836,-0.923344,-1.543241,-2.176810,-2.832847,-3.520391,-4.247962,-5.022912,-5.861115,-6.761982,-6.840178,-5.084503,-3.673004,-2.449054,-1.434473,-0.626564,-0.004595,0.435784,0.709191,0.839628,0.831333,0.714830,0.489101,0.195074,-0.171570,-0.571525,-0.995991,-1.408306,-1.815820,-2.182841,-2.517070,-2.794820,-3.020483,-3.180430,-3.271907,-3.302547,-3.261522,-3.148159,-2.971474,-2.736188,-2.443784,-2.091392,-1.701244,-1.278037,-0.824101,-0.353917,0.104240,0.565219,1.014265,1.436703,1.831566,2.181479,2.481486,2.723015,2.908665,3.022527,3.074085,3.053784,2.961956,2.809119,2.586795,2.311585,1.981439,1.605707,1.190223,0.752769,0.294833,-0.168237,-0.636803,-1.097162,-1.536256,-1.939424,-2.304669,-2.627452,-2.886427,-3.085039,-3.222822,-3.295542,-3.295286,-3.223607,-3.092199,-2.894073,-2.632789,-2.322421,-1.958546,-1.563061,-1.125533,-0.677362,-0.203785,0.251791,0.719541,1.155951,1.576110,1.948980,2.285528,2.564307,2.790460,2.950740,3.042532,3.073479,3.032759,2.919707,2.743345,2.508401,2.216316,1.864228,1.474477,1.051854,0.598918,0.130617,-0.339750,-0.798701,-1.246649,-1.668430,-2.062842,-2.412410,-2.711973,-2.953150,-3.138475,-3.252029,-3.303291,-3.282698,-3.190576,-3.037438,-2.814797,-2.539303,-2.208906,-1.832871,-1.416991,-0.978952,-0.520016,-0.055063,0.401293,0.863680,1.303873,1.707698,2.073393,2.396680,2.656049,2.855017,2.993131,3.066166,3.066218,2.994844,2.863747,2.665944,2.405003,2.094954,1.731381,1.336293,0.899350,0.452179,-0.019516,-0.487301,-0.953023,-1.388335,-1.807837,-2.180256,-2.516300,-2.794685,-3.020483,-3.180430,-3.271907,-3.302547,-3.261522,-3.148159,-2.971474,-2.736188,-2.443784,-2.091392,-1.701244,-1.278037,-0.824101,-0.353917,0.104240,0.565219,1.014265,1.436703,1.831566,2.181479,2.481486,2.723015,2.908665,3.022527,3.074085,3.053784,2.961956,2.809119,2.586795,2.311585,1.981439,1.605707,1.190223,0.752769,0.294833,-0.168237,-0.636803,-1.097162,-1.536256,-1.939424,-2.304669,-2.627452,-2.886427,-3.085039,-3.222822,-3.295542,-3.295286,-3.223607,-3.091694,-2.890603,-2.621662,-2.296842,-1.911587,-1.482984,-0.998639,-0.486057,0.074586,0.642138,1.251752,1.863128,2.494031,3.112229,3.731388,4.333267,4.926200,5.499141,6.047382,6.565237,7.003116,7.278842,7.775775,7.255859,6.068099,4.966856,3.974745,3.086887,2.290890,1.571683,0.913946,0.302786,-0.276513,-0.838872,-1.399318,-1.972525,-2.574218,-3.221914,-3.933060,-4.727229,
5.740969,4.720037,3.809603,2.986712,2.229934,1.521572,0.848581,0.195838,-0.446605,-1.086822,-1.734335,-2.398738,-3.089766,-3.817923,-4.594312,-5.431777,-6.361934,-7.451253,-6.264573,-4.653700,-3.264134,-2.086528,-1.120088,-0.354853,0.229788,0.638463,0.884776,0.990868,0.961351,0.825370,0.583614,0.274855,-0.102179,-0.509940,-0.938622,-1.354077,-1.761812,-2.129131,-2.462118,-2.739029,-2.963471,-3.123153,-3.215356,-3.246561,-3.207109,-3.096509,-2.922896,-2.690736,-2.401984,-2.054713,-1.669353,-1.250946,-0.802621,-0.338103,0.116531,0.573376,1.018235,1.437146,1.828341,2.175493,2.473485,2.713934,2.898610,3.012899,3.064988,3.046253,2.956982,2.806703,2.588176,2.316637,1.990807,1.619785,1.209516,0.776661,0.323435,-0.135454,-0.599297,-1.054845,-1.489608,-1.889557,-2.251922,-2.571808,-2.829659,-3.027891,-3.165542,-3.238550,-3.239834,-3.170682,-3.041567,-2.846580,-2.589317,-2.282840,-1.923803,-1.532535,-1.100539,-0.656787,-0.188933,0.263287,0.725771,1.158669,1.574631,1.945020,2.278823,2.556119,2.780918,2.940934,3.033454,3.064970,3.025828,2.915541,2.742251,2.510434,2.221995,1.875008,1.489998,1.072065,0.624510,0.161616,-0.303887,-0.758974,-1.202970,-1.621338,-2.012130,-2.358956,-2.656504,-2.896602,-3.080951,-3.194929,-3.246718,-3.227688,-3.138120,-2.987536,-2.768690,-2.496869,-2.170796,-1.799490,-1.388872,-0.955542,-0.501545,-0.041033,0.411940,0.869248,1.304873,1.705365,2.068133,2.388512,2.646751,2.845339,2.983322,3.056649,3.058244,2.989401,2.860599,2.665936,2.409015,2.102850,1.744098,1.353179,0.921658,0.478676,0.012446,-0.450644,-0.911368,-1.343404,-1.758824,-2.128809,-2.462119,-2.739027,-2.963471,-3.123153,-3.215356,-3.246561,-3.207109,-3.096509,-2.922896,-2.690736,-2.401984,-2.054713,-1.669353,-1.250946,-0.802621,-0.338103,0.116531,0.573376,1.018235,1.437146,1.828341,2.175493,2.473485,2.713934,2.898610,3.012899,3.064988,3.046253,2.956982,2.806703,2.588176,2.316637,1.990807,1.619785,1.209516,0.776661,0.323435,-0.135454,-0.599297,-1.054845,-1.489608,-1.889557,-2.251922,-2.571808,-2.829659,-3.027891,-3.165542,-3.238550,-3.239834,-3.170682,-3.041592,-2.845966,-2.584269,-2.267707,-1.892998,-1.475969,-1.006468,-0.509697,0.031827,0.580816,1.168516,1.758576,2.365421,2.960884,3.555729,4.133062,4.699986,5.246973,5.772338,6.280353,6.754454,7.185113,7.618853,7.744309,6.496538,5.318618,4.261138,3.320893,2.482481,1.728038,1.040326,0.403305,-0.198124,-0.779305,-1.355665,-1.942104,-2.554511,-3.210322,-3.927094,-4.724718,
5.727952,4.698992,3.777836,2.941555,2.168960,1.442599,0.749429,0.074241,-0.592860,-1.260203,-1.938171,-2.637050,-3.367471,-4.141320,-4.971952,-5.874467,-6.870368,-7.922963,-6.092439,-4.452565,-3.083473,-1.945973,-1.019026,-0.286166,0.268905,0.657919,0.894227,0.993131,0.966675,0.832964,0.605788,0.307122,-0.047156,-0.433605,-0.833800,-1.228360,-1.606846,-1.954291,-2.263786,-2.525168,-2.734331,-2.885339,-2.975300,-3.004041,-2.968764,-2.869615,-2.710299,-2.494401,-2.225311,-1.906980,-1.549271,-1.159647,-0.745344,-0.317294,0.111748,0.537724,0.951647,1.343789,1.706962,2.031407,2.310247,2.537322,2.709002,2.819499,2.868394,2.853146,2.773939,2.634100,2.434844,2.182438,1.880898,1.536957,1.158151,0.754409,0.333007,-0.096729,-0.527994,-0.950759,-1.354623,-1.729353,-2.068305,-2.364250,-2.608107,-2.796220,-2.926099,-2.994484,-2.998559,-2.938757,-2.818584,-2.638692,-2.402655,-2.117147,-1.786599,-1.420216,-1.022860,-0.606664,-0.177101,0.251464,0.676639,1.083990,1.468277,1.817638,2.127597,2.389277,2.598790,2.750128,2.840407,2.869457,2.834488,2.735651,2.576657,2.361095,2.092304,1.774221,1.416764,1.027348,0.613048,0.184251,-0.248418,-0.675079,-1.088933,-1.480810,-1.843681,-2.167837,-2.446248,-2.672978,-2.844333,-2.954521,-3.003118,-2.987575,-2.908071,-2.767929,-2.568358,-2.315674,-2.013905,-1.669716,-1.290658,-0.886708,-0.465303,-0.036314,0.391325,0.813404,1.217336,1.592332,1.931585,2.227987,2.472216,2.660679,2.790889,2.859591,2.863975,2.804481,2.684620,2.505049,2.269348,1.984140,1.653840,1.287709,0.890561,0.474368,0.044058,-0.388134,-0.813994,-1.221276,-1.605297,-1.954357,-2.263861,-2.525168,-2.734331,-2.885339,-2.975300,-3.004041,-2.968764,-2.869615,-2.710299,-2.494401,-2.225311,-1.906980,-1.549271,-1.159647,-0.745344,-0.317294,0.111748,0.537724,0.951647,1.343789,1.706962,2.031407,2.310247,2.537322,2.709002,2.819499,2.868394,2.853146,2.773939,2.634100,2.434844,2.182438,1.880898,1.536957,1.158151,0.754409,0.333007,-0.096729,-0.527994,-0.950759,-1.354623,-1.729353,-2.068305,-2.364250,-2.608107,-2.796220,-2.926099,-2.994484,-2.998559,-2.938757,-2.818584,-2.638868,-2.400054,-2.106730,-1.763507,-1.375365,-0.945818,-0.483414,0.011469,0.526995,1.066408,1.619036,2.180301,2.740583,3.296214,3.841342,4.375610,4.897432,5.409722,5.922309,6.454678,7.066099,7.927401,8.519973,7.021388,5.703759,4.560260,3.561633,2.679357,1.889412,1.171743,0.508895,-0.114861,-0.715143,-1.307750,-1.907852,-2.531520,-3.196101,-3.919210,-4.720943,
5.713248,4.675438,3.742695,2.892212,2.103062,1.358008,0.643962,-0.054474,-0.746110,-1.441231,-2.150412,-2.884480,-3.654665,-4.473806,-5.358102,-6.334014,-7.467327,-7.641884,-5.758300,-4.133408,-2.797051,-1.698741,-0.810780,-0.113740,0.408906,0.770364,0.983871,1.063336,1.021755,0.875604,0.640499,0.336312,-0.018300,-0.402161,-0.796456,-1.184683,-1.554813,-1.895012,-2.196884,-2.452503,-2.656814,-2.804847,-2.893664,-2.921994,-2.888225,-2.792681,-2.638168,-2.427991,-2.165944,-1.856846,-1.508675,-1.129135,-0.726143,-0.309746,0.109609,0.525255,0.928895,1.311651,1.665661,1.982332,2.254730,2.476977,2.644701,2.753473,2.801625,2.787568,2.711457,2.575618,2.382466,2.136858,1.843517,1.508839,1.140364,0.746798,0.336025,-0.083400,-0.503734,-0.915545,-1.309125,-1.675005,-2.005882,-2.294309,-2.533059,-2.717556,-2.844871,-2.911987,-2.916935,-2.859903,-2.743171,-2.568450,-2.339301,-2.061323,-1.739945,-1.382717,-0.996318,-0.590347,-0.172554,0.246467,0.660212,1.058025,1.432368,1.773892,2.076273,2.332255,2.536914,2.685276,2.774409,2.803048,2.769585,2.674353,2.520160,2.310317,2.048561,1.739694,1.391732,1.012293,0.609081,0.191689,-0.229955,-0.646552,-1.050356,-1.432957,-1.786712,-2.103112,-2.375087,-2.596992,-2.764393,-2.872857,-2.920710,-2.906360,-2.829953,-2.693812,-2.500346,-2.254463,-1.960899,-1.625990,-1.257307,-0.863640,-0.453087,-0.034657,0.383389,0.794248,1.187664,1.553699,1.884832,2.173696,2.412812,2.597656,2.725300,2.792732,2.797988,2.741263,2.624843,2.450442,2.221626,1.943941,1.622793,1.265775,0.879477,0.473285,0.054497,-0.366813,-0.781509,-1.179486,-1.553674,-1.894943,-2.196886,-2.452503,-2.656814,-2.804847,-2.893664,-2.921994,-2.888225,-2.792681,-2.638168,-2.427991,-2.165944,-1.856846,-1.508675,-1.129135,-0.726143,-0.309746,0.109609,0.525255,0.928895,1.311651,1.665661,1.982332,2.254730,2.476977,2.644701,2.753473,2.801625,2.787568,2.711457,2.575618,2.382466,2.136858,1.843517,1.508839,1.140364,0.746798,0.336025,-0.083400,-0.503734,-0.915545,-1.309125,-1.675005,-2.005882,-2.294309,-2.533059,-2.717556,-2.844871,-2.911987,-2.916935,-2.859903,-2.743171,-2.568467,-2.337825,-2.053826,-1.722174,-1.346465,-0.932329,-0.486008,-0.010287,0.486779,1.004590,1.536573,2.075735,2.615101,3.149058,3.673378,4.187025,4.690496,5.188972,5.695352,6.235520,6.867188,7.712711,8.616449,7.542840,6.077182,4.851144,3.799853,2.877262,2.053331,1.306113,0.617431,-0.028973,-0.648763,-1.257939,-1.872007,-2.507263,-3.180991,-3.910852,-4.717061,
5.696569,4.648734,3.703030,2.836814,2.029383,1.263634,0.526338,-0.197437,-0.917210,-1.643889,-2.388511,-3.162246,-3.976287,-4.842388,-5.773570,-6.792548,-7.994087,-7.049815,-5.249735,-3.721083,-2.443546,-1.392066,-0.546660,0.110639,0.597136,0.924708,1.106264,1.156369,1.087052,0.916368,0.658265,0.335660,-0.034960,-0.430639,-0.834308,-1.228182,-1.603492,-1.946438,-2.251067,-2.508161,-2.713826,-2.862124,-2.950216,-2.977980,-2.942637,-2.844331,-2.686747,-2.473442,-2.207744,-1.893525,-1.540566,-1.156226,-0.747623,-0.325559,0.097318,0.517097,0.924925,1.311208,1.668886,1.988318,2.262731,2.486057,2.654756,2.763101,2.810722,2.795099,2.716430,2.578034,2.381085,2.131806,1.834149,1.494761,1.121071,0.722907,0.307424,-0.116183,-0.541240,-0.957862,-1.355773,-1.724873,-2.058629,-2.349953,-2.589827,-2.774704,-2.902152,-2.968979,-2.972386,-2.912827,-2.793803,-2.615943,-2.382772,-2.100905,-1.774687,-1.413244,-1.021312,-0.610922,-0.187406,0.234971,0.653982,1.055307,1.433846,1.777852,2.082978,2.340443,2.546456,2.695081,2.783486,2.811556,2.776517,2.678519,2.521253,2.308284,2.042883,1.728915,1.376211,0.992082,0.583489,0.160689,-0.265818,-0.686279,-1.094035,-1.480050,-1.837423,-2.156565,-2.430557,-2.653540,-2.821917,-2.929957,-2.977284,-2.961370,-2.882409,-2.743714,-2.546452,-2.296896,-1.999010,-1.659371,-1.285425,-0.887050,-0.471557,-0.048688,0.372741,0.788681,1.186663,1.556032,1.890092,2.181864,2.422109,2.607334,2.735109,2.802249,2.805962,2.746707,2.627991,2.450450,2.217614,1.936044,1.610077,1.248889,0.857169,0.446788,0.022536,-0.403470,-0.823164,-1.224416,-1.602687,-1.946389,-2.251067,-2.508161,-2.713826,-2.862124,-2.950216,-2.977980,-2.942637,-2.844331,-2.686747,-2.473442,-2.207744,-1.893525,-1.540566,-1.156226,-0.747623,-0.325559,0.097318,0.517097,0.924925,1.311208,1.668886,1.988318,2.262731,2.486057,2.654756,2.763101,2.810722,2.795099,2.716430,2.578034,2.381085,2.131806,1.834149,1.494761,1.121071,0.722907,0.307424,-0.116183,-0.541240,-0.957862,-1.355773,-1.724873,-2.058629,-2.349953,-2.589827,-2.774704,-2.902152,-2.968979,-2.972386,-2.912827,-2.793803,-2.615943,-2.382058,-2.095696,-1.761231,-1.384065,-0.968165,-0.522444,-0.047471,0.444962,0.958768,1.484064,2.017184,2.549406,3.075959,3.591013,4.094560,4.585918,5.069560,5.556356,6.060146,6.605259,7.223480,7.910926,8.046221,6.385699,5.118994,4.040983,3.089723,2.236471,1.461228,0.746706,0.076808,-0.564046,-1.191812,-1.822181,-2.471557,-3.157054,-3.896239,-4.709232,
5.678227,4.619616,3.660238,2.777673,1.951414,1.164425,0.403261,-0.345493,-1.092616,-1.849685,-2.628260,-3.439964,-4.296011,-5.206232,-6.173017,-7.167630,-8.036887,-6.267006,-4.592637,-3.144185,-1.920816,-0.912078,-0.108918,0.504506,0.951087,1.235384,1.369814,1.374902,1.255144,1.039796,0.730051,0.366664,-0.050281,-0.484023,-0.927167,-1.348494,-1.756578,-2.120854,-2.449325,-2.722020,-2.942966,-3.099939,-3.190271,-3.220500,-3.180982,-3.071225,-2.899343,-2.669778,-2.384417,-2.041258,-1.660649,-1.247524,-0.804900,-0.346368,0.102101,0.552750,0.991513,1.404565,1.790265,2.132405,2.425969,2.662670,2.844365,2.956501,3.007315,2.988206,2.899474,2.750638,2.534417,2.266005,1.944057,1.577589,1.172436,0.745159,0.297851,-0.154908,-0.612543,-1.061949,-1.490758,-1.885077,-2.242247,-2.557511,-2.811379,-3.006375,-3.141594,-3.213045,-3.213662,-3.144753,-3.016786,-2.823831,-2.569435,-2.266597,-1.911891,-1.525562,-1.098991,-0.661045,-0.199238,0.246794,0.703113,1.129986,1.540201,1.905234,2.234203,2.507285,2.728584,2.885887,2.976534,3.007070,2.967857,2.858409,2.686848,2.457623,2.172574,1.829702,1.449445,1.036800,0.594951,0.138054,-0.321287,-0.770174,-1.208072,-1.620577,-2.005872,-2.347684,-2.640813,-2.877164,-3.058535,-3.170365,-3.220884,-3.201483,-3.112458,-2.963321,-2.746784,-2.478092,-2.155900,-1.789145,-1.383640,-0.955884,-0.507800,-0.053406,0.393357,0.844525,1.274200,1.669064,2.026640,2.342389,2.596644,2.791993,2.927542,2.999307,3.000231,2.931627,2.803970,2.611337,2.357280,2.054754,1.700335,1.314358,0.888266,0.451097,-0.009076,-0.465980,-0.920538,-1.346544,-1.756213,-2.120841,-2.449325,-2.722020,-2.942966,-3.099939,-3.190271,-3.220500,-3.180982,-3.071225,-2.899343,-2.669778,-2.384417,-2.041258,-1.660649,-1.247524,-0.804900,-0.346368,0.102101,0.552750,0.991513,1.404565,1.790265,2.132405,2.425969,2.662670,2.844365,2.956501,3.007315,2.988206,2.899474,2.750638,2.534417,2.266005,1.944057,1.577589,1.172436,0.745159,0.297851,-0.154908,-0.612543,-1.061949,-1.490758,-1.885077,-2.242247,-2.557511,-2.811379,-3.006375,-3.141594,-3.213045,-3.213662,-3.144753,-3.016786,-2.823831,-2.569410,-2.264467,-1.904788,-1.507146,-1.062421,-0.596615,-0.092737,0.411949,0.949892,1.486248,2.035821,2.574665,3.110325,3.625817,4.128785,4.611569,5.076908,5.537367,5.987585,6.422041,6.810738,7.017863,7.467722,6.472027,5.342781,4.276523,3.304397,2.422894,1.619509,0.879010,0.185571,-0.476505,-1.123026,-1.769833,-2.433531,-3.131130,-3.880118,-4.700455,
5.657155,4.586943,3.613161,2.713640,1.868029,1.059285,0.274047,-0.499995,-1.275074,-2.063400,-2.877244,-3.729176,-4.631990,-5.599393,-6.647272,-7.801506,-7.581394,-5.707498,-4.100359,-2.715155,-1.543905,-0.578798,0.185427,0.762832,1.176276,1.428461,1.531265,1.505848,1.356035,1.112790,0.776161,0.390139,-0.047428,-0.498121,-0.956237,-1.389018,-1.807933,-2.180259,-2.516300,-2.794685,-3.020483,-3.180430,-3.271907,-3.302547,-3.261522,-3.148159,-2.971474,-2.736188,-2.443784,-2.091392,-1.701244,-1.278037,-0.824101,-0.353917,0.104240,0.565219,1.014265,1.436703,1.831566,2.181479,2.481486,2.723015,2.908665,3.022527,3.074085,3.053784,2.961956,2.809119,2.586795,2.311585,1.981439,1.605707,1.190223,0.752769,0.294833,-0.168237,-0.636803,-1.097162,-1.536256,-1.939424,-2.304669,-2.627452,-2.886427,-3.085039,-3.222822,-3.295542,-3.295286,-3.223607,-3.092199,-2.894073,-2.632789,-2.322421,-1.958546,-1.563061,-1.125533,-0.677362,-0.203785,0.251791,0.719541,1.155951,1.576110,1.948980,2.285528,2.564307,2.790460,2.950740,3.042532,3.073479,3.032759,2.919707,2.743345,2.508401,2.216316,1.864228,1.474477,1.051854,0.598918,0.130617,-0.339750,-0.798701,-1.246649,-1.668430,-2.062842,-2.412410,-2.711973,-2.953150,-3.138475,-3.252029,-3.303291,-3.282698,-3.190576,-3.037438,-2.814797,-2.539303,-2.208906,-1.832871,-1.416991,-0.978952,-0.520016,-0.055063,0.401293,0.863680,1.303873,1.707698,2.073393,2.396680,2.656049,2.855017,2.993131,3.066166,3.066218,2.994844,2.863747,2.665944,2.405003,2.094954,1.731381,1.336293,0.899350,0.452179,-0.019516,-0.487301,-0.953023,-1.388335,-1.807837,-2.180256,-2.516300,-2.794685,-3.020483,-3.180430,-3.271907,-3.302547,-3.261522,-3.148159,-2.971474,-2.736188,-2.443784,-2.091392,-1.701244,-1.278037,-0.824101,-0.353917,0.104240,0.565219,1.014265,1.436703,1.831566,2.181479,2.481486,2.723015,2.908665,3.022527,3.074085,3.053784,2.961956,2.809119,2.586795,2.311585,1.981439,1.605707,1.190223,0.752769,0.294833,-0.168237,-0.636803,-1.097162,-1.536256,-1.939424,-2.304669,-2.627452,-2.886427,-3.085039,-3.222822,-3.295542,-3.295286,-3.223607,-3.092199,-2.894073,-2.632789,-2.322067,-1.956002,-1.553011,-1.102393,-0.632935,-0.125677,0.378177,0.915350,1.447643,1.992434,2.524628,3.053664,3.560136,4.052470,4.521345,4.968204,5.404034,5.817653,6.197591,6.516823,6.693481,6.838108,6.868905,5.655063,4.545502,3.534218,2.617161,1.782700,1.015251,0.298178,-0.385014,-1.050313,-1.713632,-2.391830,-3.101885,-3.861223,-4.689586,
5.633960,4.551787,3.563546,2.647357,1.783005,0.953383,0.146330,-0.651135,-1.452149,-2.269576,-3.116511,-4.006645,-4.954347,-5.975878,-7.093795,-8.366397,-7.043223,-5.270609,-3.720377,-2.387793,-1.263435,-0.338955,0.390971,0.939163,1.326412,1.555838,1.638836,1.595293,1.430338,1.173529,0.827559,0.434490,-0.005388,-0.456350,-0.912430,-1.343461,-1.758819,-2.128809,-2.462119,-2.739027,-2.963471,-3.123153,-3.215356,-3.246561,-3.207109,-3.096509,-2.922896,-2.690736,-2.401984,-2.054713,-1.669353,-1.250946,-0.802621,-0.338103,0.116531,0.573376,1.018235,1.437146,1.828341,2.175493,2.473485,2.713934,2.898610,3.012899,3.064988,3.046253,2.956982,2.806703,2.588176,2.316637,1.990807,1.619785,1.209516,0.776661,0.323435,-0.135454,-0.599297,-1.054845,-1.489608,-1.889557,-2.251922,-2.571808,-2.829659,-3.027891,-3.165542,-3.238550,-3.239834,-3.170682,-3.041567,-2.846580,-2.589317,-2.282840,-1.923803,-1.532535,-1.100539,-0.656787,-0.188933,0.263287,0.725771,1.158669,1.574631,1.945020,2.278823,2.556119,2.780918,2.940934,3.033454,3.064970,3.025828,2.915541,2.742251,2.510434,2.221995,1.875008,1.489998,1.072065,0.624510,0.161616,-0.303887,-0.758974,-1.202970,-1.621338,-2.012130,-2.358956,-2.656504,-2.896602,-3.080951,-3.194929,-3.246718,-3.227688,-3.138120,-2.987536,-2.768690,-2.496869,-2.170796,-1.799490,-1.388872,-0.955542,-0.501545,-0.041033,0.411940,0.869248,1.304873,1.705365,2.068133,2.388512,2.646751,2.845339,2.983322,3.056649,3.058244,2.989401,2.860599,2.665936,2.409015,2.102850,1.744098,1.353179,0.921658,0.478676,0.012446,-0.450644,-0.911368,-1.343404,-1.758824,-2.128809,-2.462119,-2.739027,-2.963471,-3.123153,-3.215356,-3.246561,-3.207109,-3.096509,-2.922896,-2.690736,-2.401984,-2.054713,-1.669353,-1.250946,-0.802621,-0.338103,0.116531,0.573376,1.018235,1.437146,1.828341,2.175493,2.473485,2.713934,2.898610,3.012899,3.064988,3.046253,2.956982,2.806703,2.588176,2.316637,1.990807,1.619785,1.209516,0.776661,0.323435,-0.135454,-0.599297,-1.054845,-1.489608,-1.889557,-2.251922,-2.571808,-2.829659,-3.027891,-3.165542,-3.238550,-3.239834,-3.170682,-3.041567,-2.846580,-2.589317,-2.282941,-1.924005,-1.528443,-1.087697,-0.628377,-0.134281,0.356830,0.877462,1.393447,1.920062,2.433553,2.943611,3.431424,3.904164,4.353335,4.780164,5.194829,5.589616,5.962096,6.311468,6.624259,6.871426,7.213567,6.014190,4.838265,3.765685,2.801526,1.931138,1.135384,0.395159,-0.307598,-0.989807,-1.667594,-2.358078,-3.078453,-3.846261,-4.681142,
5.608317,4.513507,3.510244,2.576922,1.693389,0.842746,0.013122,-0.809537,-1.638929,-2.488581,-3.372428,-4.305249,-5.302425,-6.378215,-7.533622,-8.706752,-6.796331,-5.047417,-3.544363,-2.263376,-1.187998,-0.306252,0.392069,0.918741,1.287156,1.506531,1.587803,1.544382,1.389288,1.141239,0.816916,0.441573,0.031863,-0.391464,-0.814335,-1.221219,-1.605294,-1.954357,-2.263861,-2.525168,-2.734331,-2.885339,-2.975300,-3.004041,-2.968764,-2.869615,-2.710299,-2.494401,-2.225311,-1.906980,-1.549271,-1.159647,-0.745344,-0.317294,0.111748,0.537724,0.951647,1.343789,1.706962,2.031407,2.310247,2.537322,2.709002,2.819499,2.868394,2.853146,2.773939,2.634100,2.434844,2.182438,1.880898,1.536957,1.158151,0.754409,0.333007,-0.096729,-0.527994,-0.950759,-1.354623,-1.729353,-2.068305,-2.364250,-2.608107,-2.796220,-2.926099,-2.994484,-2.998559,-2.938757,-2.818584,-2.638692,-2.402655,-2.117147,-1.786599,-1.420216,-1.022860,-0.606664,-0.177101,0.251464,0.676639,1.083990,1.468277,1.817638,2.127597,2.389277,2.598790,2.750128,2.840407,2.869457,2.834488,2.735651,2.576657,2.361095,2.092304,1.774221,1.416764,1.027348,0.613048,0.184251,-0.248418,-0.675079,-1.088933,-1.480810,-1.843681,-2.167837,-2.446248,-2.672978,-2.844333,-2.954521,-3.003118,-2.987575,-2.908071,-2.767929,-2.568358,-2.315674,-2.013905,-1.669716,-1.290658,-0.886708,-0.465303,-0.036314,0.391325,0.813404,1.217336,1.592332,1.931585,2.227987,2.472216,2.660679,2.790889,2.859591,2.863975,2.804481,2.684620,2.505049,2.269348,1.984140,1.653840,1.287709,0.890561,0.474368,0.044058,-0.388134,-0.813994,-1.221276,-1.605297,-1.954357,-2.263861,-2.525168,-2.734331,-2.885339,-2.975300,-3.004041,-2.968764,-2.869615,-2.710299,-2.494401,-2.225311,-1.906980,-1.549271,-1.159647,-0.745344,-0.317294,0.111748,0.537724,0.951647,1.343789,1.706962,2.031407,2.310247,2.537322,2.709002,2.819499,2.868394,2.853146,2.773939,2.634100,2.434844,2.182438,1.880898,1.536957,1.158151,0.754409,0.333007,-0.096729,-0.527994,-0.950759,-1.354623,-1.729353,-2.068305,-2.364250,-2.608107,-2.796220,-2.926099,-2.994484,-2.998559,-2.938757,-2.818584,-2.638692,-2.402655,-2.117147,-1.787120,-1.417500,-1.012895,-0.583281,-0.130628,0.332403,0.809933,1.293427,1.780521,2.263283,2.739695,3.201095,3.646593,4.073950,4.484598,4.883547,5.274364,5.666936,6.085183,6.586075,7.327077,8.137588,6.523944,5.174053,4.009650,2.989921,2.081650,1.257349,0.494096,-0.227989,-0.926815,-1.619000,-2.321819,-3.052666,-3.829223,-4.671022,
5.580386,4.472363,3.453624,2.502794,1.599697,0.728715,-0.123563,-0.971589,-1.829567,-2.711631,-3.632508,-4.608372,-5.658021,-6.805577,-8.080757,-8.459823,-6.459462,-4.739706,-3.277423,-2.039111,-1.004385,-0.159326,0.507596,1.007837,1.353271,1.553801,1.619972,1.564188,1.400585,1.146717,0.821807,0.448695,0.045853,-0.369011,-0.781750,-1.179468,-1.553674,-1.894943,-2.196886,-2.452503,-2.656814,-2.804847,-2.893664,-2.921994,-2.888225,-2.792681,-2.638168,-2.427991,-2.165944,-1.856846,-1.508675,-1.129135,-0.726143,-0.309746,0.109609,0.525255,0.928895,1.311651,1.665661,1.982332,2.254730,2.476977,2.644701,2.753473,2.801625,2.787568,2.711457,2.575618,2.382466,2.136858,1.843517,1.508839,1.140364,0.746798,0.336025,-0.083400,-0.503734,-0.915545,-1.309125,-1.675005,-2.005882,-2.294309,-2.533059,-2.717556,-2.844871,-2.911987,-2.916935,-2.859903,-2.743171,-2.568450,-2.339301,-2.061323,-1.739945,-1.382717,-0.996318,-0.590347,-0.172554,0.246467,0.660212,1.058025,1.432368,1.773892,2.076273,2.332255,2.536914,2.685276,2.774409,2.803048,2.769585,2.674353,2.520160,2.310317,2.048561,1.739694,1.391732,1.012293,0.609081,0.191689,-0.229955,-0.646552,-1.050356,-1.432957,-1.786712,-2.103112,-2.375087,-2.596992,-2.764393,-2.872857,-2.920710,-2.906360,-2.829953,-2.693812,-2.500346,-2.254463,-1.960899,-1.625990,-1.257307,-0.863640,-0.453087,-0.034657,0.383389,0.794248,1.187664,1.553699,1.884832,2.173696,2.412812,2.597656,2.725300,2.792732,2.797988,2.741263,2.624843,2.450442,2.221626,1.943941,1.622793,1.265775,0.879477,0.473285,0.054497,-0.366813,-0.781509,-1.179486,-1.553674,-1.894943,-2.196886,-2.452503,-2.656814,-2.804847,-2.893664,-2.921994,-2.888225,-2.792681,-2.638168,-2.427991,-2.165944,-1.856846,-1.508675,-1.129135,-0.726143,-0.309746,0.109609,0.525255,0.928895,1.311651,1.665661,1.982332,2.254730,2.476977,2.644701,2.753473,2.801625,2.787568,2.711457,2.575618,2.382466,2.136858,1.843517,1.508839,1.140364,0.746798,0.336025,-0.083400,-0.503734,-0.915545,-1.309125,-1.675005,-2.005882,-2.294309,-2.533059,-2.717556,-2.844871,-2.911987,-2.916935,-2.859903,-2.743171,-2.568450,-2.339301,-2.061323,-1.740012,-1.380283,-0.987731,-0.569978,-0.131617,0.318170,0.779208,1.246866,1.716734,2.183424,2.643250,3.089070,3.518824,3.931343,4.328377,4.714900,5.098059,5.492576,5.928651,6.467709,7.238653,8.300598,6.949974,5.474121,4.231951,3.166150,2.226098,1.376654,0.592104,-0.148446,-0.863385,-1.569787,-2.284911,-3.026221,-3.811575,-4.660426,
5.549913,4.427817,3.392660,2.423200,1.499316,0.606217,-0.270891,-1.146857,-2.036351,-2.953939,-3.914665,-4.934962,-6.035029,-7.248460,-8.653231,-7.931473,-6.025995,-4.373288,-2.958520,-1.760792,-0.762579,0.049008,0.684324,1.154791,1.473175,1.647948,1.689265,1.610738,1.425598,1.153683,0.813048,0.428990,0.016759,-0.404770,-0.823300,-1.224416,-1.602687,-1.946389,-2.251067,-2.508161,-2.713826,-2.862124,-2.950216,-2.977980,-2.942637,-2.844331,-2.686747,-2.473442,-2.207744,-1.893525,-1.540566,-1.156226,-0.747623,-0.325559,0.097318,0.517097,0.924925,1.311208,1.668886,1.988318,2.262731,2.486057,2.654756,2.763101,2.810722,2.795099,2.716430,2.578034,2.381085,2.131806,1.834149,1.494761,1.121071,0.722907,0.307424,-0.116183,-0.541240,-0.957862,-1.355773,-1.724873,-2.058629,-2.349953,-2.589827,-2.774704,-2.902152,-2.968979,-2.972386,-2.912827,-2.793803,-2.615943,-2.382772,-2.100905,-1.774687,-1.413244,-1.021312,-0.610922,-0.187406,0.234971,0.653982,1.055307,1.433846,1.777852,2.082978,2.340443,2.546456,2.695081,2.783486,2.811556,2.776517,2.678519,2.521253,2.308284,2.042883,1.728915,1.376211,0.992082,0.583489,0.160689,-0.265818,-0.686279,-1.094035,-1.480050,-1.837423,-2.156565,-2.430557,-2.653540,-2.821917,-2.929957,-2.977284,-2.961370,-2.882409,-2.743714,-2.546452,-2.296896,-1.999010,-1.659371,-1.285425,-0.887050,-0.471557,-0.048688,0.372741,0.788681,1.186663,1.556032,1.890092,2.181864,2.422109,2.607334,2.735109,2.802249,2.805962,2.746707,2.627991,2.450450,2.217614,1.936044,1.610077,1.248889,0.857169,0.446788,0.022536,-0.403470,-0.823164,-1.224416,-1.602687,-1.946389,-2.251067,-2.508161,-2.713826,-2.862124,-2.950216,-2.977980,-2.942637,-2.844331,-2.686747,-2.473442,-2.207744,-1.893525,-1.540566,-1.156226,-0.747623,-0.325559,0.097318,0.517097,0.924925,1.311208,1.668886,1.988318,2.262731,2.486057,2.654756,2.763101,2.810722,2.795099,2.716430,2.578034,2.381085,2.131806,1.834149,1.494761,1.121071,0.722907,0.307424,-0.116183,-0.541240,-0.957862,-1.355773,-1.724873,-2.058629,-2.349953,-2.589827,-2.774704,-2.902152,-2.968979,-2.972386,-2.912827,-2.793803,-2.615943,-2.382772,-2.100905,-1.774687,-1.411466,-1.014438,-0.593752,-0.151893,0.298005,0.759796,1.225226,1.692565,2.155080,2.611814,3.052973,3.477540,3.883262,4.271891,4.649397,5.021118,5.398825,5.803654,6.266257,6.830461,7.522614,7.414282,5.708462,4.421304,3.338300,2.381425,1.513294,0.709547,-0.049604,-0.782006,-1.504569,-2.234278,-2.988495,-3.785121,-4.643429,
5.517507,4.380970,3.329130,2.340799,1.397087,0.482682,-0.418022,-1.320315,-2.239310,-3.189896,-4.186934,-5.244893,-6.376588,-7.594535,-8.937313,-7.305136,-5.478720,-3.868793,-2.489527,-1.322265,-0.351425,0.433567,1.038016,1.473678,1.759865,1.898114,1.898255,1.780576,1.550840,1.240931,0.856334,0.439305,-0.012418,-0.466608,-0.920583,-1.346544,-1.756213,-2.120841,-2.449325,-2.722020,-2.942966,-3.099939,-3.190271,-3.220500,-3.180982,-3.071225,-2.899343,-2.669778,-2.384417,-2.041258,-1.660649,-1.247524,-0.804900,-0.346368,0.102101,0.552750,0.991513,1.404565,1.790265,2.132405,2.425969,2.662670,2.844365,2.956501,3.007315,2.988206,2.899474,2.750638,2.534417,2.266005,1.944057,1.577589,1.172436,0.745159,0.297851,-0.154908,-0.612543,-1.061949,-1.490758,-1.885077,-2.242247,-2.557511,-2.811379,-3.006375,-3.141594,-3.213045,-3.213662,-3.144753,-3.016786,-2.823831,-2.569435,-2.266597,-1.911891,-1.525562,-1.098991,-0.661045,-0.199238,0.246794,0.703113,1.129986,1.540201,1.905234,2.234203,2.507285,2.728584,2.885887,2.976534,3.007070,2.967857,2.858409,2.686848,2.457623,2.172574,1.829702,1.449445,1.036800,0.594951,0.138054,-0.321287,-0.770174,-1.208072,-1.620577,-2.005872,-2.347684,-2.640813,-2.877164,-3.058535,-3.170365,-3.220884,-3.201483,-3.112458,-2.963321,-2.746784,-2.478092,-2.155900,-1.789145,-1.383640,-0.955884,-0.507800,-0.053406,0.393357,0.844525,1.274200,1.669064,2.026640,2.342389,2.596644,2.791993,2.927542,2.999307,3.000231,2.931627,2.803970,2.611337,2.357280,2.054754,1.700335,1.314358,0.888266,0.451097,-0.009076,-0.465980,-0.920538,-1.346544,-1.756213,-2.120841,-2.449325,-2.722020,-2.942966,-3.099939,-3.190271,-3.220500,-3.180982,-3.071225,-2.899343,-2.669778,-2.384417,-2.041258,-1.660649,-1.247524,-0.804900,-0.346368,0.102101,0.552750,0.991513,1.404565,1.790265,2.132405,2.425969,2.662670,2.844365,2.956501,3.007315,2.988206,2.899474,2.750638,2.534417,2.266005,1.944057,1.577589,1.172436,0.745159,0.297851,-0.154908,-0.612543,-1.061949,-1.490758,-1.885077,-2.242247,-2.557511,-2.811379,-3.006375,-3.141594,-3.213045,-3.213662,-3.144753,-3.016786,-2.823831,-2.569435,-2.266597,-1.911891,-1.525025,-1.095949,-0.651263,-0.175924,0.291298,0.782268,1.263317,1.750885,2.222323,2.691647,3.136994,3.565251,3.967858,4.346591,4.713519,5.065403,5.408516,5.755306,6.102682,6.399840,6.407868,6.940601,5.676405,4.531268,3.485683,2.528586,1.647222,0.826439,0.049811,-0.699381,-1.437778,-2.182057,-2.949240,-3.757240,-4.625213,
5.482377,4.331045,3.262266,2.254807,1.291399,0.355510,-0.569070,-1.498122,-2.447319,-3.432197,-4.468193,-5.569153,-6.739807,-7.945424,-8.952046,-6.870276,-5.066269,-3.495096,-2.154003,-1.021093,-0.081031,0.675616,1.252600,1.661385,1.922071,2.034780,2.008997,1.866501,1.612428,1.281323,0.877421,0.445135,-0.021054,-0.487509,-0.953033,-1.388335,-1.807837,-2.180256,-2.516300,-2.794685,-3.020483,-3.180430,-3.271907,-3.302547,-3.261522,-3.148159,-2.971474,-2.736188,-2.443784,-2.091392,-1.701244,-1.278037,-0.824101,-0.353917,0.104240,0.565219,1.014265,1.436703,1.831566,2.181479,2.481486,2.723015,2.908665,3.022527,3.074085,3.053784,2.961956,2.809119,2.586795,2.311585,1.981439,1.605707,1.190223,0.752769,0.294833,-0.168237,-0.636803,-1.097162,-1.536256,-1.939424,-2.304669,-2.627452,-2.886427,-3.085039,-3.222822,-3.295542,-3.295286,-3.223607,-3.092199,-2.894073,-2.632789,-2.322421,-1.958546,-1.563061,-1.125533,-0.677362,-0.203785,0.251791,0.719541,1.155951,1.576110,1.948980,2.285528,2.564307,2.790460,2.950740,3.042532,3.073479,3.032759,2.919707,2.743345,2.508401,2.216316,1.864228,1.474477,1.051854,0.598918,0.130617,-0.339750,-0.798701,-1.246649,-1.668430,-2.062842,-2.412410,-2.711973,-2.953150,-3.138475,-3.252029,-3.303291,-3.282698,-3.190576,-3.037438,-2.814797,-2.539303,-2.208906,-1.832871,-1.416991,-0.978952,-0.520016,-0.055063,0.401293,0.863680,1.303873,1.707698,2.073393,2.396680,2.656049,2.855017,2.993131,3.066166,3.066218,2.994844,2.863747,2.665944,2.405003,2.094954,1.731381,1.336293,0.899350,0.452179,-0.019516,-0.487301,-0.953023,-1.388335,-1.807837,-2.180256,-2.516300,-2.794685,-3.020483,-3.180430,-3.271907,-3.302547,-3.261522,-3.148159,-2.971474,-2.736188,-2.443784,-2.091392,-1.701244,-1.278037,-0.824101,-0.353917,0.104240,0.565219,1.014265,1.436703,1.831566,2.181479,2.481486,2.723015,2.908665,3.022527,3.074085,3.053784,2.961956,2.809119,2.586795,2.311585,1.981439,1.605707,1.190223,0.752769,0.294833,-0.168237,-0.636803,-1.097162,-1.536256,-1.939424,-2.304669,-2.627452,-2.886427,-3.085039,-3.222822,-3.295542,-3.295286,-3.223607,-3.092199,-2.894073,-2.632789,-2.322421,-1.958546,-1.563019,-1.125281,-0.673516,-0.190680,0.280442,0.775502,1.256951,1.743735,2.211076,2.676800,3.116859,3.538800,3.932984,4.301065,4.655766,4.991639,5.312680,5.628812,5.935162,6.199056,6.305619,6.468865,5.684766,4.675194,3.654294,2.687841,1.788203,0.947955,0.152807,-0.613542,-1.367814,-2.126774,-2.907133,-3.726725,-4.604688,
5.445034,4.279009,3.193663,2.168520,1.186776,0.230867,-0.715893,-1.669798,-2.647221,-3.664838,-4.740581,-5.895263,-7.156163,-8.568608,-8.452264,-6.470612,-4.723580,-3.202042,-1.903315,-0.807039,0.100916,0.829436,1.382476,1.770716,2.012600,2.108961,2.069065,1.914063,1.650688,1.312930,0.907241,0.474903,0.011969,-0.450644,-0.911368,-1.343404,-1.758824,-2.128809,-2.462119,-2.739027,-2.963471,-3.123153,-3.215356,-3.246561,-3.207109,-3.096509,-2.922896,-2.690736,-2.401984,-2.054713,-1.669353,-1.250946,-0.802621,-0.338103,0.116531,0.573376,1.018235,1.437146,1.828341,2.175493,2.473485,2.713934,2.898610,3.012899,3.064988,3.046253,2.956982,2.806703,2.588176,2.316637,1.990807,1.619785,1.209516,0.776661,0.323435,-0.135454,-0.599297,-1.054845,-1.489608,-1.889557,-2.251922,-2.571808,-2.829659,-3.027891,-3.165542,-3.238550,-3.239834,-3.170682,-3.041567,-2.846580,-2.589317,-2.282840,-1.923803,-1.532535,-1.100539,-0.656787,-0.188933,0.263287,0.725771,1.158669,1.574631,1.945020,2.278823,2.556119,2.780918,2.940934,3.033454,3.064970,3.025828,2.915541,2.742251,2.510434,2.221995,1.875008,1.489998,1.072065,0.624510,0.161616,-0.303887,-0.758974,-1.202970,-1.621338,-2.012130,-2.358956,-2.656504,-2.896602,-3.080951,-3.194929,-3.246718,-3.227688,-3.138120,-2.987536,-2.768690,-2.496869,-2.170796,-1.799490,-1.388872,-0.955542,-0.501545,-0.041033,0.411940,0.869248,1.304873,1.705365,2.068133,2.388512,2.646751,2.845339,2.983322,3.056649,3.058244,2.989401,2.860599,2.665936,2.409015,2.102850,1.744098,1.353179,0.921658,0.478676,0.012446,-0.450644,-0.911368,-1.343404,-1.758824,-2.128809,-2.462119,-2.739027,-2.963471,-3.123153,-3.215356,-3.246561,-3.207109,-3.096509,-2.922896,-2.690736,-2.401984,-2.054713,-1.669353,-1.250946,-0.802621,-0.338103,0.116531,0.573376,1.018235,1.437146,1.828341,2.175493,2.473485,2.713934,2.898610,3.012899,3.064988,3.046253,2.956982,2.806703,2.588176,2.316637,1.990807,1.619785,1.209516,0.776661,0.323435,-0.135454,-0.599297,-1.054845,-1.489608,-1.889557,-2.251922,-2.571808,-2.829659,-3.027891,-3.165542,-3.238550,-3.239834,-3.170682,-3.041567,-2.846580,-2.589317,-2.282840,-1.923803,-1.532535,-1.101462,-0.656683,-0.183166,0.279756,0.763097,1.232766,1.705381,2.158735,2.608546,3.033881,3.440507,3.819758,4.173222,4.512556,4.833746,5.142025,5.450180,5.764706,6.083757,6.348258,6.521299,6.053448,4.953076,3.864190,2.851524,1.919196,1.054301,0.239522,-0.543104,-1.311288,-2.082462,-2.873601,-3.702478,-4.588319,
5.405271,4.224333,3.122232,2.079837,1.079134,0.102073,-0.868496,-1.849392,-2.857588,-3.910533,-5.027487,-6.232806,-7.565659,-9.109741,-8.065254,-6.199535,-4.533580,-3.081461,-1.835776,-0.783988,0.085681,0.782327,1.313678,1.689128,1.919770,2.012652,1.976891,1.827590,1.579941,1.257750,0.880749,0.472194,0.043867,-0.388122,-0.813994,-1.221276,-1.605297,-1.954357,-2.263861,-2.525168,-2.734331,-2.885339,-2.975300,-3.004041,-2.968764,-2.869615,-2.710299,-2.494401,-2.225311,-1.906980,-1.549271,-1.159647,-0.745344,-0.317294,0.111748,0.537724,0.951647,1.343789,1.706962,2.031407,2.310247,2.537322,2.709002,2.819499,2.868394,2.853146,2.773939,2.634100,2.434844,2.182438,1.880898,1.536957,1.158151,0.754409,0.333007,-0.096729,-0.527994,-0.950759,-1.354623,-1.729353,-2.068305,-2.364250,-2.608107,-2.796220,-2.926099,-2.994484,-2.998559,-2.938757,-2.818584,-2.638692,-2.402655,-2.117147,-1.786599,-1.420216,-1.022860,-0.606664,-0.177101,0.251464,0.676639,1.083990,1.468277,1.817638,2.127597,2.389277,2.598790,2.750128,2.840407,2.869457,2.834488,2.735651,2.576657,2.361095,2.092304,1.774221,1.416764,1.027348,0.613048,0.184251,-0.248418,-0.675079,-1.088933,-1.480810,-1.843681,-2.167837,-2.446248,-2.672978,-2.844333,-2.954521,-3.003118,-2.987575,-2.908071,-2.767929,-2.568358,-2.315674,-2.013905,-1.669716,-1.290658,-0.886708,-0.465303,-0.036314,0.391325,0.813404,1.217336,1.592332,1.931585,2.227987,2.472216,2.660679,2.790889,2.859591,2.863975,2.804481,2.684620,2.505049,2.269348,1.984140,1.653840,1.287709,0.890561,0.474368,0.044058,-0.388134,-0.813994,-1.221276,-1.605297,-1.954357,-2.263861,-2.525168,-2.734331,-2.885339,-2.975300,-3.004041,-2.968764,-2.869615,-2.710299,-2.494401,-2.225311,-1.906980,-1.549271,-1.159647,-0.745344,-0.317294,0.111748,0.537724,0.951647,1.343789,1.706962,2.031407,2.310247,2.537322,2.709002,2.819499,2.868394,2.853146,2.773939,2.634100,2.434844,2.182438,1.880898,1.536957,1.158151,0.754409,0.333007,-0.096729,-0.527994,-0.950759,-1.354623,-1.729353,-2.068305,-2.364250,-2.608107,-2.796220,-2.926099,-2.994484,-2.998559,-2.938757,-2.818584,-2.638692,-2.402655,-2.117147,-1.786599,-1.420216,-1.023137,-0.606261,-0.171649,0.266563,0.710700,1.151766,1.588433,2.015428,2.434608,2.837540,3.221300,3.583336,3.924959,4.251246,4.565640,4.875959,5.196037,5.545813,5.961444,6.486595,7.374145,6.873478,5.373255,4.124949,3.036890,2.061503,1.167578,0.330869,-0.469426,-1.252328,-2.035981,-2.838015,-3.676317,-4.570182,
5.363374,4.167386,3.048807,1.989369,0.969752,-0.028457,-1.022861,-2.030750,-3.069507,-4.156582,-5.309778,-6.547570,-7.892510,-9.400796,-7.715515,-5.895427,-4.279460,-2.874298,-1.669396,-0.653185,0.185326,0.855059,1.364176,1.721439,1.936361,2.016716,1.971606,1.815398,1.565174,1.243967,0.873060,0.472147,0.054439,-0.366813,-0.781509,-1.179486,-1.553674,-1.894943,-2.196886,-2.452503,-2.656814,-2.804847,-2.893664,-2.921994,-2.888225,-2.792681,-2.638168,-2.427991,-2.165944,-1.856846,-1.508675,-1.129135,-0.726143,-0.309746,0.109609,0.525255,0.928895,1.311651,1.665661,1.982332,2.254730,2.476977,2.644701,2.753473,2.801625,2.787568,2.711457,2.575618,2.382466,2.136858,1.843517,1.508839,1.140364,0.746798,0.336025,-0.083400,-0.503734,-0.915545,-1.309125,-1.675005,-2.005882,-2.294309,-2.533059,-2.717556,-2.844871,-2.911987,-2.916935,-2.859903,-2.743171,-2.568450,-2.339301,-2.061323,-1.739945,-1.382717,-0.996318,-0.590347,-0.172554,0.246467,0.660212,1.058025,1.432368,1.773892,2.076273,2.332255,2.536914,2.685276,2.774409,2.803048,2.769585,2.674353,2.520160,2.310317,2.048561,1.739694,1.391732,1.012293,0.609081,0.191689,-0.229955,-0.646552,-1.050356,-1.432957,-1.786712,-2.103112,-2.375087,-2.596992,-2.764393,-2.872857,-2.920710,-2.906360,-2.829953,-2.693812,-2.500346,-2.254463,-1.960899,-1.625990,-1.257307,-0.863640,-0.453087,-0.034657,0.383389,0.794248,1.187664,1.553699,1.884832,2.173696,2.412812,2.597656,2.725300,2.792732,2.797988,2.741263,2.624843,2.450442,2.221626,1.943941,1.622793,1.265775,0.879477,0.473285,0.054497,-0.366813,-0.781509,-1.179486,-1.553674,-1.894943,-2.196886,-2.452503,-2.656814,-2.804847,-2.893664,-2.921994,-2.888225,-2.792681,-2.638168,-2.427991,-2.165944,-1.856846,-1.508675,-1.129135,-0.726143,-0.309746,0.109609,0.525255,0.928895,1.311651,1.665661,1.982332,2.254730,2.476977,2.644701,2.753473,2.801625,2.787568,2.711457,2.575618,2.382466,2.136858,1.843517,1.508839,1.140364,0.746798,0.336025,-0.083400,-0.503734,-0.915545,-1.309125,-1.675005,-2.005882,-2.294309,-2.533059,-2.717556,-2.844871,-2.911987,-2.916935,-2.859903,-2.743171,-2.568450,-2.339301,-2.061323,-1.739945,-1.382717,-0.996344,-0.589769,-0.167457,0.260336,0.691444,1.120273,1.543062,1.957295,2.363020,2.753933,3.125808,3.476940,3.808467,4.124373,4.429568,4.732956,5.049573,5.403121,5.835788,6.391139,7.261107,7.401285,5.696169,4.351498,3.210213,2.199964,1.280006,0.422346,-0.395409,-1.193073,-1.989296,-2.802168,-3.649833,-4.551668,
5.319170,4.107667,2.972970,1.895852,0.856429,-0.164168,-1.184044,-2.221039,-3.293083,-4.417921,-5.612021,-6.884696,-8.213409,-9.443108,-7.384725,-5.581650,-3.996820,-2.623803,-1.450464,-0.463543,0.348358,0.993692,1.479459,1.814355,2.008799,2.069185,2.004680,1.831057,1.565390,1.233040,0.852903,0.446113,0.022515,-0.403470,-0.823164,-1.224416,-1.602687,-1.946389,-2.251067,-2.508161,-2.713826,-2.862124,-2.950216,-2.977980,-2.942637,-2.844331,-2.686747,-2.473442,-2.207744,-1.893525,-1.540566,-1.156226,-0.747623,-0.325559,0.097318,0.517097,0.924925,1.311208,1.668886,1.988318,2.262731,2.486057,2.654756,2.763101,2.810722,2.795099,2.716430,2.578034,2.381085,2.131806,1.834149,1.494761,1.121071,0.722907,0.307424,-0.116183,-0.541240,-0.957862,-1.355773,-1.724873,-2.058629,-2.349953,-2.589827,-2.774704,-2.902152,-2.968979,-2.972386,-2.912827,-2.793803,-2.615943,-2.382772,-2.100905,-1.774687,-1.413244,-1.021312,-0.610922,-0.187406,0.234971,0.653982,1.055307,1.433846,1.777852,2.082978,2.340443,2.546456,2.695081,2.783486,2.811556,2.776517,2.678519,2.521253,2.308284,2.042883,1.728915,1.376211,0.992082,0.583489,0.160689,-0.265818,-0.686279,-1.094035,-1.480050,-1.837423,-2.156565,-2.430557,-2.653540,-2.821917,-2.929957,-2.977284,-2.961370,-2.882409,-2.743714,-2.546452,-2.296896,-1.999010,-1.659371,-1.285425,-0.887050,-0.471557,-0.048688,0.372741,0.788681,1.186663,1.556032,1.890092,2.181864,2.422109,2.607334,2.735109,2.802249,2.805962,2.746707,2.627991,2.450450,2.217614,1.936044,1.610077,1.248889,0.857169,0.446788,0.022536,-0.403470,-0.823164,-1.224416,-1.602687,-1.946389,-2.251067,-2.508161,-2.713826,-2.862124,-2.950216,-2.977980,-2.942637,-2.844331,-2.686747,-2.473442,-2.207744,-1.893525,-1.540566,-1.156226,-0.747623,-0.325559,0.097318,0.517097,0.924925,1.311208,1.668886,1.988318,2.262731,2.486057,2.654756,2.763101,2.810722,2.795099,2.716430,2.578034,2.381085,2.131806,1.834149,1.494761,1.121071,0.722907,0.307424,-0.116183,-0.541240,-0.957862,-1.355773,-1.724873,-2.058629,-2.349953,-2.589827,-2.774704,-2.902152,-2.968979,-2.972386,-2.912827,-2.793803,-2.615943,-2.382772,-2.100905,-1.774687,-1.413244,-1.021312,-0.610175,-0.182555,0.247913,0.682999,1.113043,1.536505,1.948676,2.353140,2.742099,3.111660,3.458959,3.784972,4.094500,4.390831,4.681833,4.981306,5.307184,5.683883,6.106001,6.643717,7.367766,5.832015,4.521293,3.375405,2.349017,1.409917,0.533168,-0.302492,-1.116513,-1.927502,-2.753632,-3.613165,-4.525381,
5.273384,4.046333,2.896113,1.802062,0.743884,-0.297689,-1.341239,-2.405219,-3.508515,-4.670786,-5.913438,-7.261153,-8.746664,-8.949075,-6.940287,-5.162790,-3.595496,-2.234117,-1.078285,-0.109321,0.685215,1.312544,1.775016,2.081828,2.250049,2.279216,2.178716,1.971187,1.667161,1.303724,0.885837,0.450771,-0.009086,-0.465980,-0.920538,-1.346544,-1.756213,-2.120841,-2.449325,-2.722020,-2.942966,-3.099939,-3.190271,-3.220500,-3.180982,-3.071225,-2.899343,-2.669778,-2.384417,-2.041258,-1.660649,-1.247524,-0.804900,-0.346368,0.102101,0.552750,0.991513,1.404565,1.790265,2.132405,2.425969,2.662670,2.844365,2.956501,3.007315,2.988206,2.899474,2.750638,2.534417,2.266005,1.944057,1.577589,1.172436,0.745159,0.297851,-0.154908,-0.612543,-1.061949,-1.490758,-1.885077,-2.242247,-2.557511,-2.811379,-3.006375,-3.141594,-3.213045,-3.213662,-3.144753,-3.016786,-2.823831,-2.569435,-2.266597,-1.911891,-1.525562,-1.098991,-0.661045,-0.199238,0.246794,0.703113,1.129986,1.540201,1.905234,2.234203,2.507285,2.728584,2.885887,2.976534,3.007070,2.967857,2.858409,2.686848,2.457623,2.172574,1.829702,1.449445,1.036800,0.594951,0.138054,-0.321287,-0.770174,-1.208072,-1.620577,-2.005872,-2.347684,-2.640813,-2.877164,-3.058535,-3.170365,-3.220884,-3.201483,-3.112458,-2.963321,-2.746784,-2.478092,-2.155900,-1.789145,-1.383640,-0.955884,-0.507800,-0.053406,0.393357,0.844525,1.274200,1.669064,2.026640,2.342389,2.596644,2.791993,2.927542,2.999307,3.000231,2.931627,2.803970,2.611337,2.357280,2.054754,1.700335,1.314358,0.888266,0.451097,-0.009076,-0.465980,-0.920538,-1.346544,-1.756213,-2.120841,-2.449325,-2.722020,-2.942966,-3.099939,-3.190271,-3.220500,-3.180982,-3.071225,-2.899343,-2.669778,-2.384417,-2.041258,-1.660649,-1.247524,-0.804900,-0.346368,0.102101,0.552750,0.991513,1.404565,1.790265,2.132405,2.425969,2.662670,2.844365,2.956501,3.007315,2.988206,2.899474,2.750638,2.534417,2.266005,1.944057,1.577589,1.172436,0.745159,0.297851,-0.154908,-0.612543,-1.061949,-1.490758,-1.885077,-2.242247,-2.557511,-2.811379,-3.006375,-3.141594,-3.213045,-3.213662,-3.144753,-3.016786,-2.823831,-2.569435,-2.266597,-1.911891,-1.525562,-1.098991,-0.660827,-0.197233,0.253685,0.721683,1.171288,1.618612,2.042329,2.460822,2.856183,3.231574,3.577807,3.895933,4.197185,4.477434,4.742550,5.007362,5.282211,5.569129,5.805778,5.949596,5.763443,5.892898,4.648300,3.518488,2.486305,1.533097,0.640040,-0.211677,-1.040702,-1.865511,-2.704400,-3.575683,-4.498281,
5.226225,3.984281,2.818799,1.708040,0.631304,-0.431072,-1.498106,-2.588791,-3.722791,-4.921300,-6.209655,-7.623428,-9.222611,-8.466859,-6.555056,-4.830352,-3.298731,-1.965133,-0.834440,0.111536,0.884923,1.492200,1.934466,2.220824,2.369255,2.377958,2.256605,2.029498,1.707477,1.329608,0.898191,0.452088,-0.019516,-0.487301,-0.953023,-1.388335,-1.807837,-2.180256,-2.516300,-2.794685,-3.020483,-3.180430,-3.271907,-3.302547,-3.261522,-3.148159,-2.971474,-2.736188,-2.443784,-2.091392,-1.701244,-1.278037,-0.824101,-0.353917,0.104240,0.565219,1.014265,1.436703,1.831566,2.181479,2.481486,2.723015,2.908665,3.022527,3.074085,3.053784,2.961956,2.809119,2.586795,2.311585,1.981439,1.605707,1.190223,0.752769,0.294833,-0.168237,-0.636803,-1.097162,-1.536256,-1.939424,-2.304669,-2.627452,-2.886427,-3.085039,-3.222822,-3.295542,-3.295286,-3.223607,-3.092199,-2.894073,-2.632789,-2.322421,-1.958546,-1.563061,-1.125533,-0.677362,-0.203785,0.251791,0.719541,1.155951,1.576110,1.948980,2.285528,2.564307,2.790460,2.950740,3.042532,3.073479,3.032759,2.919707,2.743345,2.508401,2.216316,1.864228,1.474477,1.051854,0.598918,0.130617,-0.339750,-0.798701,-1.246649,-1.668430,-2.062842,-2.412410,-2.711973,-2.953150,-3.138475,-3.252029,-3.303291,-3.282698,-3.190576,-3.037438,-2.814797,-2.539303,-2.208906,-1.832871,-1.416991,-0.978952,-0.520016,-0.055063,0.401293,0.863680,1.303873,1.707698,2.073393,2.396680,2.656049,2.855017,2.993131,3.066166,3.066218,2.994844,2.863747,2.665944,2.405003,2.094954,1.731381,1.336293,0.899350,0.452179,-0.019516,-0.487301,-0.953023,-1.388335,-1.807837,-2.180256,-2.516300,-2.794685,-3.020483,-3.180430,-3.271907,-3.302547,-3.261522,-3.148159,-2.971474,-2.736188,-2.443784,-2.091392,-1.701244,-1.278037,-0.824101,-0.353917,0.104240,0.565219,1.014265,1.436703,1.831566,2.181479,2.481486,2.723015,2.908665,3.022527,3.074085,3.053784,2.961956,2.809119,2.586795,2.311585,1.981439,1.605707,1.190223,0.752769,0.294833,-0.168237,-0.636803,-1.097162,-1.536256,-1.939424,-2.304669,-2.627452,-2.886427,-3.085039,-3.222822,-3.295542,-3.295286,-3.223607,-3.092199,-2.894073,-2.632789,-2.322421,-1.958546,-1.563061,-1.125533,-0.677354,-0.203872,0.253727,0.729214,1.182943,1.633032,2.055691,2.471804,2.863998,3.235161,3.575023,3.884581,4.175955,4.443398,4.691687,4.934646,5.179027,5.419004,5.578291,5.597854,5.234364,6.012696,4.796490,3.673938,2.630853,1.660366,0.749302,-0.119241,-0.963531,-1.802166,-2.653690,-3.536630,-4.469683,
5.178375,3.922790,2.743055,1.616749,0.522854,-0.558629,-1.647072,-2.761774,-3.922507,-5.150023,-6.468135,-7.909653,-9.534458,-8.083488,-6.233240,-4.558968,-3.069267,-1.771775,-0.671090,0.249048,0.999653,1.586906,2.012343,2.284453,2.419683,2.417026,2.286524,2.052184,1.727232,1.349169,0.921166,0.478672,0.012446,-0.450644,-0.911368,-1.343404,-1.758824,-2.128809,-2.462119,-2.739027,-2.963471,-3.123153,-3.215356,-3.246561,-3.207109,-3.096509,-2.922896,-2.690736,-2.401984,-2.054713,-1.669353,-1.250946,-0.802621,-0.338103,0.116531,0.573376,1.018235,1.437146,1.828341,2.175493,2.473485,2.713934,2.898610,3.012899,3.064988,3.046253,2.956982,2.806703,2.588176,2.316637,1.990807,1.619785,1.209516,0.776661,0.323435,-0.135454,-0.599297,-1.054845,-1.489608,-1.889557,-2.251922,-2.571808,-2.829659,-3.027891,-3.165542,-3.238550,-3.239834,-3.170682,-3.041567,-2.846580,-2.589317,-2.282840,-1.923803,-1.532535,-1.100539,-0.656787,-0.188933,0.263287,0.725771,1.158669,1.574631,1.945020,2.278823,2.556119,2.780918,2.940934,3.033454,3.064970,3.025828,2.915541,2.742251,2.510434,2.221995,1.875008,1.489998,1.072065,0.624510,0.161616,-0.303887,-0.758974,-1.202970,-1.621338,-2.012130,-2.358956,-2.656504,-2.896602,-3.080951,-3.194929,-3.246718,-3.227688,-3.138120,-2.987536,-2.768690,-2.496869,-2.170796,-1.799490,-1.388872,-0.955542,-0.501545,-0.041033,0.411940,0.869248,1.304873,1.705365,2.068133,2.388512,2.646751,2.845339,2.983322,3.056649,3.058244,2.989401,2.860599,2.665936,2.409015,2.102850,1.744098,1.353179,0.921658,0.478676,0.012446,-0.450644,-0.911368,-1.343404,-1.758824,-2.128809,-2.462119,-2.739027,-2.963471,-3.123153,-3.215356,-3.246561,-3.207109,-3.096509,-2.922896,-2.690736,-2.401984,-2.054713,-1.669353,-1.250946,-0.802621,-0.338103,0.116531,0.573376,1.018235,1.437146,1.828341,2.175493,2.473485,2.713934,2.898610,3.012899,3.064988,3.046253,2.956982,2.806703,2.588176,2.316637,1.990807,1.619785,1.209516,0.776661,0.323435,-0.135454,-0.599297,-1.054845,-1.489608,-1.889557,-2.251922,-2.571808,-2.829659,-3.027891,-3.165542,-3.238550,-3.239834,-3.170682,-3.041567,-2.846580,-2.589317,-2.282840,-1.923803,-1.532535,-1.100539,-0.656787,-0.189536,0.262401,0.729326,1.174879,1.614394,2.026408,2.429519,2.809520,3.167948,3.495404,3.792765,4.071013,4.325606,4.561674,4.792848,5.028135,5.270309,5.468585,5.631107,5.691820,6.030251,4.973403,3.843414,2.770288,1.772452,0.839579,-0.046188,-0.904335,-1.754416,-2.615682,-3.507202,-4.448012,
5.129575,3.860712,2.666467,1.524051,0.412082,-0.689831,-1.801459,-2.942386,-4.132162,-5.389642,-6.731746,-8.170853,-9.716379,-7.849378,-6.047320,-4.427771,-2.992273,-1.747469,-0.686776,0.199907,0.921771,1.485473,1.896500,2.162198,2.291775,2.290523,2.168886,1.945358,1.642187,1.285431,0.890365,0.474370,0.044058,-0.388134,-0.813994,-1.221276,-1.605297,-1.954357,-2.263861,-2.525168,-2.734331,-2.885339,-2.975300,-3.004041,-2.968764,-2.869615,-2.710299,-2.494401,-2.225311,-1.906980,-1.549271,-1.159647,-0.745344,-0.317294,0.111748,0.537724,0.951647,1.343789,1.706962,2.031407,2.310247,2.537322,2.709002,2.819499,2.868394,2.853146,2.773939,2.634100,2.434844,2.182438,1.880898,1.536957,1.158151,0.754409,0.333007,-0.096729,-0.527994,-0.950759,-1.354623,-1.729353,-2.068305,-2.364250,-2.608107,-2.796220,-2.926099,-2.994484,-2.998559,-2.938757,-2.818584,-2.638692,-2.402655,-2.117147,-1.786599,-1.420216,-1.022860,-0.606664,-0.177101,0.251464,0.676639,1.083990,1.468277,1.817638,2.127597,2.389277,2.598790,2.750128,2.840407,2.869457,2.834488,2.735651,2.576657,2.361095,2.092304,1.774221,1.416764,1.027348,0.613048,0.184251,-0.248418,-0.675079,-1.088933,-1.480810,-1.843681,-2.167837,-2.446248,-2.672978,-2.844333,-2.954521,-3.003118,-2.987575,-2.908071,-2.767929,-2.568358,-2.315674,-2.013905,-1.669716,-1.290658,-0.886708,-0.465303,-0.036314,0.391325,0.813404,1.217336,1.592332,1.931585,2.227987,2.472216,2.660679,2.790889,2.859591,2.863975,2.804481,2.684620,2.505049,2.269348,1.984140,1.653840,1.287709,0.890561,0.474368,0.044058,-0.388134,-0.813994,-1.221276,-1.605297,-1.954357,-2.263861,-2.525168,-2.734331,-2.885339,-2.975300,-3.004041,-2.968764,-2.869615,-2.710299,-2.494401,-2.225311,-1.906980,-1.549271,-1.159647,-0.745344,-0.317294,0.111748,0.537724,0.951647,1.343789,1.706962,2.031407,2.310247,2.537322,2.709002,2.819499,2.868394,2.853146,2.773939,2.634100,2.434844,2.182438,1.880898,1.536957,1.158151,0.754409,0.333007,-0.096729,-0.527994,-0.950759,-1.354623,-1.729353,-2.068305,-2.364250,-2.608107,-2.796220,-2.926099,-2.994484,-2.998559,-2.938757,-2.818584,-2.638692,-2.402655,-2.117147,-1.786599,-1.420216,-1.022860,-0.606664,-0.177244,0.250892,0.680207,1.099373,1.505445,1.893511,2.268540,2.628527,2.966809,3.280082,3.568869,3.837363,4.087908,4.326711,4.564574,4.814285,5.092851,5.389805,5.796708,6.519920,6.922489,5.384056,4.088306,2.939654,1.899268,0.938456,0.032300,-0.841748,-1.704715,-2.576656,-3.477145,-4.425712,
5.080923,3.799269,2.590942,1.432829,0.303176,-0.818854,-1.953562,-3.121159,-4.341804,-5.634271,-7.011627,-8.464415,-9.646000,-7.609873,-5.826595,-4.240788,-2.841101,-1.630344,-0.599015,0.262169,0.961765,1.506397,1.902120,2.155759,2.275036,2.266051,2.139740,1.914554,1.614881,1.264542,0.879422,0.473285,0.054497,-0.366813,-0.781509,-1.179486,-1.553674,-1.894943,-2.196886,-2.452503,-2.656814,-2.804847,-2.893664,-2.921994,-2.888225,-2.792681,-2.638168,-2.427991,-2.165944,-1.856846,-1.508675,-1.129135,-0.726143,-0.309746,0.109609,0.525255,0.928895,1.311651,1.665661,1.982332,2.254730,2.476977,2.644701,2.753473,2.801625,2.787568,2.711457,2.575618,2.382466,2.136858,1.843517,1.508839,1.140364,0.746798,0.336025,-0.083400,-0.503734,-0.915545,-1.309125,-1.675005,-2.005882,-2.294309,-2.533059,-2.717556,-2.844871,-2.911987,-2.916935,-2.859903,-2.743171,-2.568450,-2.339301,-2.061323,-1.739945,-1.382717,-0.996318,-0.590347,-0.172554,0.246467,0.660212,1.058025,1.432368,1.773892,2.076273,2.332255,2.536914,2.685276,2.774409,2.803048,2.769585,2.674353,2.520160,2.310317,2.048561,1.739694,1.391732,1.012293,0.609081,0.191689,-0.229955,-0.646552,-1.050356,-1.432957,-1.786712,-2.103112,-2.375087,-2.596992,-2.764393,-2.872857,-2.920710,-2.906360,-2.829953,-2.693812,-2.500346,-2.254463,-1.960899,-1.625990,-1.257307,-0.863640,-0.453087,-0.034657,0.383389,0.794248,1.187664,1.553699,1.884832,2.173696,2.412812,2.597656,2.725300,2.792732,2.797988,2.741263,2.624843,2.450442,2.221626,1.943941,1.622793,1.265775,0.879477,0.473285,0.054497,-0.366813,-0.781509,-1.179486,-1.553674,-1.894943,-2.196886,-2.452503,-2.656814,-2.804847,-2.893664,-2.921994,-2.888225,-2.792681,-2.638168,-2.427991,-2.165944,-1.856846,-1.508675,-1.129135,-0.726143,-0.309746,0.109609,0.525255,0.928895,1.311651,1.665661,1.982332,2.254730,2.476977,2.644701,2.753473,2.801625,2.787568,2.711457,2.575618,2.382466,2.136858,1.843517,1.508839,1.140364,0.746798,0.336025,-0.083400,-0.503734,-0.915545,-1.309125,-1.675005,-2.005882,-2.294309,-2.533059,-2.717556,-2.844871,-2.911987,-2.916935,-2.859903,-2.743171,-2.568450,-2.339301,-2.061323,-1.739945,-1.382717,-0.996318,-0.590347,-0.172554,0.246557,0.664361,1.073445,1.468191,1.845883,2.209732,2.560023,2.888996,3.194216,3.476004,3.737346,3.981770,4.215937,4.450612,4.700402,4.987084,5.308396,5.759000,6.505137,7.234438,5.704566,4.309066,3.097087,2.018563,1.032362,0.107418,-0.781507,-1.656665,-2.538764,-3.447800,-4.403659,
5.032179,3.737759,2.515187,1.340995,0.193016,-0.950095,-2.109342,-3.306046,-4.562466,-5.902171,-7.351402,-8.944399,-9.278535,-7.325254,-5.582599,-4.026819,-2.652622,-1.464130,-0.454197,0.387124,1.068588,1.596372,1.975445,2.212657,2.316725,2.292443,2.151303,1.913972,1.604738,1.248185,0.857156,0.446788,0.022536,-0.403470,-0.823164,-1.224416,-1.602687,-1.946389,-2.251067,-2.508161,-2.713826,-2.862124,-2.950216,-2.977980,-2.942637,-2.844331,-2.686747,-2.473442,-2.207744,-1.893525,-1.540566,-1.156226,-0.747623,-0.325559,0.097318,0.517097,0.924925,1.311208,1.668886,1.988318,2.262731,2.486057,2.654756,2.763101,2.810722,2.795099,2.716430,2.578034,2.381085,2.131806,1.834149,1.494761,1.121071,0.722907,0.307424,-0.116183,-0.541240,-0.957862,-1.355773,-1.724873,-2.058629,-2.349953,-2.589827,-2.774704,-2.902152,-2.968979,-2.972386,-2.912827,-2.793803,-2.615943,-2.382772,-2.100905,-1.774687,-1.413244,-1.021312,-0.610922,-0.187406,0.234971,0.653982,1.055307,1.433846,1.777852,2.082978,2.340443,2.546456,2.695081,2.783486,2.811556,2.776517,2.678519,2.521253,2.308284,2.042883,1.728915,1.376211,0.992082,0.583489,0.160689,-0.265818,-0.686279,-1.094035,-1.480050,-1.837423,-2.156565,-2.430557,-2.653540,-2.821917,-2.929957,-2.977284,-2.961370,-2.882409,-2.743714,-2.546452,-2.296896,-1.999010,-1.659371,-1.285425,-0.887050,-0.471557,-0.048688,0.372741,0.788681,1.186663,1.556032,1.890092,2.181864,2.422109,2.607334,2.735109,2.802249,2.805962,2.746707,2.627991,2.450450,2.217614,1.936044,1.610077,1.248889,0.857169,0.446788,0.022536,-0.403470,-0.823164,-1.224416,-1.602687,-1.946389,-2.251067,-2.508161,-2.713826,-2.862124,-2.950216,-2.977980,-2.942637,-2.844331,-2.686747,-2.473442,-2.207744,-1.893525,-1.540566,-1.156226,-0.747623,-0.325559,0.097318,0.517097,0.924925,1.311208,1.668886,1.988318,2.262731,2.486057,2.654756,2.763101,2.810722,2.795099,2.716430,2.578034,2.381085,2.131806,1.834149,1.494761,1.121071,0.722907,0.307424,-0.116183,-0.541240,-0.957862,-1.355773,-1.724873,-2.058629,-2.349953,-2.589827,-2.774704,-2.902152,-2.968979,-2.972386,-2.912827,-2.793803,-2.615943,-2.382772,-2.100905,-1.774687,-1.413244,-1.021312,-0.610922,-0.187406,0.235373,0.658332,1.070436,1.468159,1.846012,2.209523,2.559733,2.888523,3.192397,3.471586,3.729987,3.969693,4.196827,4.422390,4.659581,4.924819,5.200296,5.540905,6.004719,6.690786,6.019477,4.493766,3.242695,2.143124,1.139665,0.198835,-0.704808,-1.593439,-2.487728,-3.407696,-4.373286,
4.983673,3.677147,2.441243,1.252211,0.087560,-1.074463,-2.255444,-3.477688,-4.765390,-6.146221,-7.654929,-9.339992,-8.869640,-6.972894,-5.253187,-3.709770,-2.341756,-1.154296,-0.152155,0.679957,1.351873,1.868630,2.230646,2.445369,2.528245,2.477285,2.304682,2.038843,1.697042,1.314005,0.888263,0.451097,-0.009076,-0.465980,-0.920538,-1.346544,-1.756213,-2.120841,-2.449325,-2.722020,-2.942966,-3.099939,-3.190271,-3.220500,-3.180982,-3.071225,-2.899343,-2.669778,-2.384417,-2.041258,-1.660649,-1.247524,-0.804900,-0.346368,0.102101,0.552750,0.991513,1.404565,1.790265,2.132405,2.425969,2.662670,2.844365,2.956501,3.007315,2.988206,2.899474,2.750638,2.534417,2.266005,1.944057,1.577589,1.172436,0.745159,0.297851,-0.154908,-0.612543,-1.061949,-1.490758,-1.885077,-2.242247,-2.557511,-2.811379,-3.006375,-3.141594,-3.213045,-3.213662,-3.144753,-3.016786,-2.823831,-2.569435,-2.266597,-1.911891,-1.525562,-1.098991,-0.661045,-0.199238,0.246794,0.703113,1.129986,1.540201,1.905234,2.234203,2.507285,2.728584,2.885887,2.976534,3.007070,2.967857,2.858409,2.686848,2.457623,2.172574,1.829702,1.449445,1.036800,0.594951,0.138054,-0.321287,-0.770174,-1.208072,-1.620577,-2.005872,-2.347684,-2.640813,-2.877164,-3.058535,-3.170365,-3.220884,-3.201483,-3.112458,-2.963321,-2.746784,-2.478092,-2.155900,-1.789145,-1.383640,-0.955884,-0.507800,-0.053406,0.393357,0.844525,1.274200,1.669064,2.026640,2.342389,2.596644,2.791993,2.927542,2.999307,3.000231,2.931627,2.803970,2.611337,2.357280,2.054754,1.700335,1.314358,0.888266,0.451097,-0.009076,-0.465980,-0.920538,-1.346544,-1.756213,-2.120841,-2.449325,-2.722020,-2.942966,-3.099939,-3.190271,-3.220500,-3.180982,-3.071225,-2.899343,-2.669778,-2.384417,-2.041258,-1.660649,-1.247524,-0.804900,-0.346368,0.102101,0.552750,0.991513,1.404565,1.790265,2.132405,2.425969,2.662670,2.844365,2.956501,3.007315,2.988206,2.899474,2.750638,2.534417,2.266005,1.944057,1.577589,1.172436,0.745159,0.297851,-0.154908,-0.612543,-1.061949,-1.490758,-1.885077,-2.242247,-2.557511,-2.811379,-3.006375,-3.141594,-3.213045,-3.213662,-3.144753,-3.016786,-2.823831,-2.569435,-2.266597,-1.911891,-1.525562,-1.098991,-0.661045,-0.199238,0.246869,0.704908,1.139294,1.564087,1.956638,2.336123,2.694997,3.031954,3.337190,3.611096,3.864187,4.091569,4.298363,4.498970,4.704672,4.923032,5.111084,5.284856,5.372960,5.128230,5.840413,4.518649,3.325046,2.236706,1.228764,0.278358,-0.636078,-1.535344,-2.439689,-3.369071,-4.343503,
4.935938,3.617729,2.368935,1.165556,-0.015160,-1.195237,-2.396556,-3.641785,-4.955718,-6.367285,-7.913836,-9.647606,-8.537057,-6.688508,-5.001703,-3.482666,-2.133736,-0.961927,0.025047,0.842773,1.501108,2.004532,2.352346,2.552003,2.619951,2.552928,2.363915,2.083870,1.729544,1.336167,0.899350,0.452179,-0.019516,-0.487301,-0.953023,-1.388335,-1.807837,-2.180256,-2.516300,-2.794685,-3.020483,-3.180430,-3.271907,-3.302547,-3.261522,-3.148159,-2.971474,-2.736188,-2.443784,-2.091392,-1.701244,-1.278037,-0.824101,-0.353917,0.104240,0.565219,1.014265,1.436703,1.831566,2.181479,2.481486,2.723015,2.908665,3.022527,3.074085,3.053784,2.961956,2.809119,2.586795,2.311585,1.981439,1.605707,1.190223,0.752769,0.294833,-0.168237,-0.636803,-1.097162,-1.536256,-1.939424,-2.304669,-2.627452,-2.886427,-3.085039,-3.222822,-3.295542,-3.295286,-3.223607,-3.092199,-2.894073,-2.632789,-2.322421,-1.958546,-1.563061,-1.125533,-0.677362,-0.203785,0.251791,0.719541,1.155951,1.576110,1.948980,2.285528,2.564307,2.790460,2.950740,3.042532,3.073479,3.032759,2.919707,2.743345,2.508401,2.216316,1.864228,1.474477,1.051854,0.598918,0.130617,-0.339750,-0.798701,-1.246649,-1.668430,-2.062842,-2.412410,-2.711973,-2.953150,-3.138475,-3.252029,-3.303291,-3.282698,-3.190576,-3.037438,-2.814797,-2.539303,-2.208906,-1.832871,-1.416991,-0.978952,-0.520016,-0.055063,0.401293,0.863680,1.303873,1.707698,2.073393,2.396680,2.656049,2.855017,2.993131,3.066166,3.066218,2.994844,2.863747,2.665944,2.405003,2.094954,1.731381,1.336293,0.899350,0.452179,-0.019516,-0.487301,-0.953023,-1.388335,-1.807837,-2.180256,-2.516300,-2.794685,-3.020483,-3.180430,-3.271907,-3.302547,-3.261522,-3.148159,-2.971474,-2.736188,-2.443784,-2.091392,-1.701244,-1.278037,-0.824101,-0.353917,0.104240,0.565219,1.014265,1.436703,1.831566,2.181479,2.481486,2.723015,2.908665,3.022527,3.074085,3.053784,2.961956,2.809119,2.586795,2.311585,1.981439,1.605707,1.190223,0.752769,0.294833,-0.168237,-0.636803,-1.097162,-1.536256,-1.939424,-2.304669,-2.627452,-2.886427,-3.085039,-3.222822,-3.295542,-3.295286,-3.223607,-3.092199,-2.894073,-2.632789,-2.322421,-1.958546,-1.563061,-1.125533,-0.677362,-0.203785,0.251783,0.719257,1.160181,1.590705,1.985255,2.364844,2.722863,3.058023,3.359454,3.627570,3.873943,4.092398,4.287627,4.474326,4.662657,4.856716,5.006451,5.118732,5.108890,4.748542,5.734115,4.548449,3.407566,2.330041,1.317134,0.356853,-0.568425,-1.478209,-2.392406,-3.330952,-4.313944,
4.889928,3.560937,2.300362,1.084011,-0.111038,-1.306911,-2.525419,-3.788804,-5.120724,-6.547842,-8.104480,-9.843356,-8.269291,-6.453404,-4.799762,-3.310852,-1.989034,-0.841700,0.124952,0.925191,1.568085,2.058009,2.394834,2.585502,2.645005,2.570946,2.377196,2.095257,1.743113,1.353155,0.921658,0.478676,0.012446,-0.450644,-0.911368,-1.343404,-1.758824,-2.128809,-2.462119,-2.739027,-2.963471,-3.123153,-3.215356,-3.246561,-3.207109,-3.096509,-2.922896,-2.690736,-2.401984,-2.054713,-1.669353,-1.250946,-0.802621,-0.338103,0.116531,0.573376,1.018235,1.437146,1.828341,2.175493,2.473485,2.713934,2.898610,3.012899,3.064988,3.046253,2.956982,2.806703,2.588176,2.316637,1.990807,1.619785,1.209516,0.776661,0.323435,-0.135454,-0.599297,-1.054845,-1.489608,-1.889557,-2.251922,-2.571808,-2.829659,-3.027891,-3.165542,-3.238550,-3.239834,-3.170682,-3.041567,-2.846580,-2.589317,-2.282840,-1.923803,-1.532535,-1.100539,-0.656787,-0.188933,0.263287,0.725771,1.158669,1.574631,1.945020,2.278823,2.556119,2.780918,2.940934,3.033454,3.064970,3.025828,2.915541,2.742251,2.510434,2.221995,1.875008,1.489998,1.072065,0.624510,0.161616,-0.303887,-0.758974,-1.202970,-1.621338,-2.012130,-2.358956,-2.656504,-2.896602,-3.080951,-3.194929,-3.246718,-3.227688,-3.138120,-2.987536,-2.768690,-2.496869,-2.170796,-1.799490,-1.388872,-0.955542,-0.501545,-0.041033,0.411940,0.869248,1.304873,1.705365,2.068133,2.388512,2.646751,2.845339,2.983322,3.056649,3.058244,2.989401,2.860599,2.665936,2.409015,2.102850,1.744098,1.353179,0.921658,0.478676,0.012446,-0.450644,-0.911368,-1.343404,-1.758824,-2.128809,-2.462119,-2.739027,-2.963471,-3.123153,-3.215356,-3.246561,-3.207109,-3.096509,-2.922896,-2.690736,-2.401984,-2.054713,-1.669353,-1.250946,-0.802621,-0.338103,0.116531,0.573376,1.018235,1.437146,1.828341,2.175493,2.473485,2.713934,2.898610,3.012899,3.064988,3.046253,2.956982,2.806703,2.588176,2.316637,1.990807,1.619785,1.209516,0.776661,0.323435,-0.135454,-0.599297,-1.054845,-1.489608,-1.889557,-2.251922,-2.571808,-2.829659,-3.027891,-3.165542,-3.238550,-3.239834,-3.170682,-3.041567,-2.846580,-2.589317,-2.282840,-1.923803,-1.532535,-1.100539,-0.656787,-0.188933,0.263279,0.724794,1.159739,1.582487,1.969440,2.339426,2.687873,3.013064,3.304994,3.563989,3.800543,4.009766,4.196726,4.375632,4.557423,4.749593,4.911640,5.073243,5.216845,5.278694,5.677583,4.647636,3.512009,2.417762,1.388345,0.414642,-0.521313,-1.439705,-2.361006,-3.305602,-4.293949,
4.844702,3.504938,2.232358,1.002534,-0.207665,-1.420474,-2.657540,-3.940258,-5.289795,-6.726640,-8.272078,-9.963048,-8.104350,-6.322087,-4.714286,-3.269880,-1.991095,-0.886186,0.049546,0.824322,1.445548,1.918220,2.246276,2.435610,2.494053,2.425577,2.244989,1.979038,1.653297,1.287711,0.890561,0.474368,0.044058,-0.388134,-0.813994,-1.221276,-1.605297,-1.954357,-2.263861,-2.525168,-2.734331,-2.885339,-2.975300,-3.004041,-2.968764,-2.869615,-2.710299,-2.494401,-2.225311,-1.906980,-1.549271,-1.159647,-0.745344,-0.317294,0.111748,0.537724,0.951647,1.343789,1.706962,2.031407,2.310247,2.537322,2.709002,2.819499,2.868394,2.853146,2.773939,2.634100,2.434844,2.182438,1.880898,1.536957,1.158151,0.754409,0.333007,-0.096729,-0.527994,-0.950759,-1.354623,-1.729353,-2.068305,-2.364250,-2.608107,-2.796220,-2.926099,-2.994484,-2.998559,-2.938757,-2.818584,-2.638692,-2.402655,-2.117147,-1.786599,-1.420216,-1.022860,-0.606664,-0.177101,0.251464,0.676639,1.083990,1.468277,1.817638,2.127597,2.389277,2.598790,2.750128,2.840407,2.869457,2.834488,2.735651,2.576657,2.361095,2.092304,1.774221,1.416764,1.027348,0.613048,0.184251,-0.248418,-0.675079,-1.088933,-1.480810,-1.843681,-2.167837,-2.446248,-2.672978,-2.844333,-2.954521,-3.003118,-2.987575,-2.908071,-2.767929,-2.568358,-2.315674,-2.013905,-1.669716,-1.290658,-0.886708,-0.465303,-0.036314,0.391325,0.813404,1.217336,1.592332,1.931585,2.227987,2.472216,2.660679,2.790889,2.859591,2.863975,2.804481,2.684620,2.505049,2.269348,1.984140,1.653840,1.287709,0.890561,0.474368,0.044058,-0.388134,-0.813994,-1.221276,-1.605297,-1.954357,-2.263861,-2.525168,-2.734331,-2.885339,-2.975300,-3.004041,-2.968764,-2.869615,-2.710299,-2.494401,-2.225311,-1.906980,-1.549271,-1.159647,-0.745344,-0.317294,0.111748,0.537724,0.951647,1.343789,1.706962,2.031407,2.310247,2.537322,2.709002,2.819499,2.868394,2.853146,2.773939,2.634100,2.434844,2.182438,1.880898,1.536957,1.158151,0.754409,0.333007,-0.096729,-0.527994,-0.950759,-1.354623,-1.729353,-2.068305,-2.364250,-2.608107,-2.796220,-2.926099,-2.994484,-2.998559,-2.938757,-2.818584,-2.638692,-2.402655,-2.117147,-1.786599,-1.420216,-1.022860,-0.606664,-0.177101,0.251464,0.676521,1.086034,1.476952,1.842020,2.186209,2.516623,2.823908,3.104225,3.357593,3.587735,3.796575,3.989932,4.178152,4.373025,4.588301,4.802261,5.068352,5.464229,6.193531,6.572098,5.009248,3.703284,2.541142,1.477930,0.483646,-0.466862,-1.396493,-2.326868,-3.278938,-4.273504,
4.800343,3.450133,2.165864,0.922844,-0.302328,-1.532129,-2.788307,-4.091891,-5.462199,-6.912687,-8.437414,-9.958761,-7.944518,-6.169545,-4.584721,-3.166518,-1.913694,-0.833261,0.081782,0.838776,1.444579,1.904260,2.222427,2.404543,2.457039,2.384765,2.203569,1.940804,1.622546,1.265775,0.879477,0.473285,0.054497,-0.366813,-0.781509,-1.179486,-1.553674,-1.894943,-2.196886,-2.452503,-2.656814,-2.804847,-2.893664,-2.921994,-2.888225,-2.792681,-2.638168,-2.427991,-2.165944,-1.856846,-1.508675,-1.129135,-0.726143,-0.309746,0.109609,0.525255,0.928895,1.311651,1.665661,1.982332,2.254730,2.476977,2.644701,2.753473,2.801625,2.787568,2.711457,2.575618,2.382466,2.136858,1.843517,1.508839,1.140364,0.746798,0.336025,-0.083400,-0.503734,-0.915545,-1.309125,-1.675005,-2.005882,-2.294309,-2.533059,-2.717556,-2.844871,-2.911987,-2.916935,-2.859903,-2.743171,-2.568450,-2.339301,-2.061323,-1.739945,-1.382717,-0.996318,-0.590347,-0.172554,0.246467,0.660212,1.058025,1.432368,1.773892,2.076273,2.332255,2.536914,2.685276,2.774409,2.803048,2.769585,2.674353,2.520160,2.310317,2.048561,1.739694,1.391732,1.012293,0.609081,0.191689,-0.229955,-0.646552,-1.050356,-1.432957,-1.786712,-2.103112,-2.375087,-2.596992,-2.764393,-2.872857,-2.920710,-2.906360,-2.829953,-2.693812,-2.500346,-2.254463,-1.960899,-1.625990,-1.257307,-0.863640,-0.453087,-0.034657,0.383389,0.794248,1.187664,1.553699,1.884832,2.173696,2.412812,2.597656,2.725300,2.792732,2.797988,2.741263,2.624843,2.450442,2.221626,1.943941,1.622793,1.265775,0.879477,0.473285,0.054497,-0.366813,-0.781509,-1.179486,-1.553674,-1.894943,-2.196886,-2.452503,-2.656814,-2.804847,-2.893664,-2.921994,-2.888225,-2.792681,-2.638168,-2.427991,-2.165944,-1.856846,-1.508675,-1.129135,-0.726143,-0.309746,0.109609,0.525255,0.928895,1.311651,1.665661,1.982332,2.254730,2.476977,2.644701,2.753473,2.801625,2.787568,2.711457,2.575618,2.382466,2.136858,1.843517,1.508839,1.140364,0.746798,0.336025,-0.083400,-0.503734,-0.915545,-1.309125,-1.675005,-2.005882,-2.294309,-2.533059,-2.717556,-2.844871,-2.911987,-2.916935,-2.859903,-2.743171,-2.568450,-2.339301,-2.061323,-1.739945,-1.382717,-0.996318,-0.590347,-0.172554,0.246467,0.660212,1.060056,1.440714,1.797021,2.131689,2.453981,2.753820,3.028302,3.277296,3.503341,3.709488,3.901791,4.089990,4.286439,4.507305,4.736051,5.032162,5.482668,6.271860,6.894741,5.258732,3.866112,2.654317,1.562810,0.550187,-0.413802,-1.354124,-2.293279,-3.252667,-4.253382,
4.757968,3.397522,2.101545,0.844992,-0.395964,-1.644328,-2.922575,-4.252893,-5.657018,-7.155289,-8.766632,-9.726266,-7.756309,-6.003662,-4.436111,-3.033942,-1.795707,-0.728207,0.173664,0.918114,1.512326,1.961022,2.267813,2.438264,2.479868,2.396238,2.204313,1.934151,1.609984,1.248889,0.857169,0.446788,0.022536,-0.403470,-0.823164,-1.224416,-1.602687,-1.946389,-2.251067,-2.508161,-2.713826,-2.862124,-2.950216,-2.977980,-2.942637,-2.844331,-2.686747,-2.473442,-2.207744,-1.893525,-1.540566,-1.156226,-0.747623,-0.325559,0.097318,0.517097,0.924925,1.311208,1.668886,1.988318,2.262731,2.486057,2.654756,2.763101,2.810722,2.795099,2.716430,2.578034,2.381085,2.131806,1.834149,1.494761,1.121071,0.722907,0.307424,-0.116183,-0.541240,-0.957862,-1.355773,-1.724873,-2.058629,-2.349953,-2.589827,-2.774704,-2.902152,-2.968979,-2.972386,-2.912827,-2.793803,-2.615943,-2.382772,-2.100905,-1.774687,-1.413244,-1.021312,-0.610922,-0.187406,0.234971,0.653982,1.055307,1.433846,1.777852,2.082978,2.340443,2.546456,2.695081,2.783486,2.811556,2.776517,2.678519,2.521253,2.308284,2.042883,1.728915,1.376211,0.992082,0.583489,0.160689,-0.265818,-0.686279,-1.094035,-1.480050,-1.837423,-2.156565,-2.430557,-2.653540,-2.821917,-2.929957,-2.977284,-2.961370,-2.882409,-2.743714,-2.546452,-2.296896,-1.999010,-1.659371,-1.285425,-0.887050,-0.471557,-0.048688,0.372741,0.788681,1.186663,1.556032,1.890092,2.181864,2.422109,2.607334,2.735109,2.802249,2.805962,2.746707,2.627991,2.450450,2.217614,1.936044,1.610077,1.248889,0.857169,0.446788,0.022536,-0.403470,-0.823164,-1.224416,-1.602687,-1.946389,-2.251067,-2.508161,-2.713826,-2.862124,-2.950216,-2.977980,-2.942637,-2.844331,-2.686747,-2.473442,-2.207744,-1.893525,-1.540566,-1.156226,-0.747623,-0.325559,0.097318,0.517097,0.924925,1.311208,1.668886,1.988318,2.262731,2.486057,2.654756,2.763101,2.810722,2.795099,2.716430,2.578034,2.381085,2.131806,1.834149,1.494761,1.121071,0.722907,0.307424,-0.116183,-0.541240,-0.957862,-1.355773,-1.724873,-2.058629,-2.349953,-2.589827,-2.774704,-2.902152,-2.968979,-2.972386,-2.912827,-2.793803,-2.615943,-2.382772,-2.100905,-1.774687,-1.413244,-1.021312,-0.610922,-0.187406,0.234971,0.653982,1.057401,1.442084,1.800182,2.136062,2.459819,2.761254,3.036465,3.285280,3.511190,3.715846,3.904831,4.088340,4.278148,4.487919,4.694480,4.942961,5.275614,5.763564,6.560835,5.432058,3.985843,2.758120,1.654626,0.629803,-0.346291,-1.298069,-2.247731,-3.216565,-4.225649,
4.718169,3.348490,2.042041,0.773430,-0.481627,-1.746800,-3.045607,-4.402067,-5.841485,-7.391693,-9.087349,-9.414548,-7.506307,-5.766172,-4.198252,-2.794177,-1.551690,-0.476618,0.424984,1.166967,1.757736,2.200964,2.495778,2.648404,2.673122,2.566815,2.347612,2.053626,1.700311,1.314358,0.888266,0.451097,-0.009076,-0.465980,-0.920538,-1.346544,-1.756213,-2.120841,-2.449325,-2.722020,-2.942966,-3.099939,-3.190271,-3.220500,-3.180982,-3.071225,-2.899343,-2.669778,-2.384417,-2.041258,-1.660649,-1.247524,-0.804900,-0.346368,0.102101,0.552750,0.991513,1.404565,1.790265,2.132405,2.425969,2.662670,2.844365,2.956501,3.007315,2.988206,2.899474,2.750638,2.534417,2.266005,1.944057,1.577589,1.172436,0.745159,0.297851,-0.154908,-0.612543,-1.061949,-1.490758,-1.885077,-2.242247,-2.557511,-2.811379,-3.006375,-3.141594,-3.213045,-3.213662,-3.144753,-3.016786,-2.823831,-2.569435,-2.266597,-1.911891,-1.525562,-1.098991,-0.661045,-0.199238,0.246794,0.703113,1.129986,1.540201,1.905234,2.234203,2.507285,2.728584,2.885887,2.976534,3.007070,2.967857,2.858409,2.686848,2.457623,2.172574,1.829702,1.449445,1.036800,0.594951,0.138054,-0.321287,-0.770174,-1.208072,-1.620577,-2.005872,-2.347684,-2.640813,-2.877164,-3.058535,-3.170365,-3.220884,-3.201483,-3.112458,-2.963321,-2.746784,-2.478092,-2.155900,-1.789145,-1.383640,-0.955884,-0.507800,-0.053406,0.393357,0.844525,1.274200,1.669064,2.026640,2.342389,2.596644,2.791993,2.927542,2.999307,3.000231,2.931627,2.803970,2.611337,2.357280,2.054754,1.700335,1.314358,0.888266,0.451097,-0.009076,-0.465980,-0.920538,-1.346544,-1.756213,-2.120841,-2.449325,-2.722020,-2.942966,-3.099939,-3.190271,-3.220500,-3.180982,-3.071225,-2.899343,-2.669778,-2.384417,-2.041258,-1.660649,-1.247524,-0.804900,-0.346368,0.102101,0.552750,0.991513,1.404565,1.790265,2.132405,2.425969,2.662670,2.844365,2.956501,3.007315,2.988206,2.899474,2.750638,2.534417,2.266005,1.944057,1.577589,1.172436,0.745159,0.297851,-0.154908,-0.612543,-1.061949,-1.490758,-1.885077,-2.242247,-2.557511,-2.811379,-3.006375,-3.141594,-3.213045,-3.213662,-3.144753,-3.016786,-2.823831,-2.569435,-2.266597,-1.911891,-1.525562,-1.098991,-0.661045,-0.199238,0.246794,0.703113,1.130733,1.544425,1.919712,2.274130,2.608842,2.920798,3.199786,3.445802,3.668979,3.864048,4.035788,4.198360,4.363178,4.539182,4.688721,4.845048,4.988952,5.027624,5.085784,5.249603,3.985759,2.810239,1.717435,0.689670,-0.293414,-1.252918,-2.209991,-3.185674,-4.201067,
4.680347,3.302010,1.985720,0.705745,-0.562664,-1.843845,-3.162329,-4.543750,-6.016009,-7.610874,-9.367439,-9.134519,-7.282722,-5.575328,-4.027747,-2.637957,-1.405943,-0.338847,0.554562,1.288530,1.871543,2.306764,2.592257,2.734308,2.748253,2.629761,2.398173,2.094298,1.731381,1.336293,0.899350,0.452179,-0.019516,-0.487301,-0.953023,-1.388335,-1.807837,-2.180256,-2.516300,-2.794685,-3.020483,-3.180430,-3.271907,-3.302547,-3.261522,-3.148159,-2.971474,-2.736188,-2.443784,-2.091392,-1.701244,-1.278037,-0.824101,-0.353917,0.104240,0.565219,1.014265,1.436703,1.831566,2.181479,2.481486,2.723015,2.908665,3.022527,3.074085,3.053784,2.961956,2.809119,2.586795,2.311585,1.981439,1.605707,1.190223,0.752769,0.294833,-0.168237,-0.636803,-1.097162,-1.536256,-1.939424,-2.304669,-2.627452,-2.886427,-3.085039,-3.222822,-3.295542,-3.295286,-3.223607,-3.092199,-2.894073,-2.632789,-2.322421,-1.958546,-1.563061,-1.125533,-0.677362,-0.203785,0.251791,0.719541,1.155951,1.576110,1.948980,2.285528,2.564307,2.790460,2.950740,3.042532,3.073479,3.032759,2.919707,2.743345,2.508401,2.216316,1.864228,1.474477,1.051854,0.598918,0.130617,-0.339750,-0.798701,-1.246649,-1.668430,-2.062842,-2.412410,-2.711973,-2.953150,-3.138475,-3.252029,-3.303291,-3.282698,-3.190576,-3.037438,-2.814797,-2.539303,-2.208906,-1.832871,-1.416991,-0.978952,-0.520016,-0.055063,0.401293,0.863680,1.303873,1.707698,2.073393,2.396680,2.656049,2.855017,2.993131,3.066166,3.066218,2.994844,2.863747,2.665944,2.405003,2.094954,1.731381,1.336293,0.899350,0.452179,-0.019516,-0.487301,-0.953023,-1.388335,-1.807837,-2.180256,-2.516300,-2.794685,-3.020483,-3.180430,-3.271907,-3.302547,-3.261522,-3.148159,-2.971474,-2.736188,-2.443784,-2.091392,-1.701244,-1.278037,-0.824101,-0.353917,0.104240,0.565219,1.014265,1.436703,1.831566,2.181479,2.481486,2.723015,2.908665,3.022527,3.074085,3.053784,2.961956,2.809119,2.586795,2.311585,1.981439,1.605707,1.190223,0.752769,0.294833,-0.168237,-0.636803,-1.097162,-1.536256,-1.939424,-2.304669,-2.627452,-2.886427,-3.085039,-3.222822,-3.295542,-3.295286,-3.223607,-3.092199,-2.894073,-2.632789,-2.322421,-1.958546,-1.563061,-1.125533,-0.677362,-0.203785,0.251791,0.719541,1.155951,1.577196,1.956864,2.313778,2.649917,2.962383,3.239906,3.482513,3.701409,3.890088,4.053015,4.204941,4.356845,4.515677,4.639542,4.756907,4.837388,4.780989,4.612799,5.196379,4.017527,2.872509,1.782819,0.748877,-0.242461,-1.209997,-2.174345,-3.156554,-4.177864,
4.644926,3.258944,1.934143,0.644529,-0.635005,-1.929301,-3.263613,-4.664593,-6.161465,-7.787273,-9.580902,-8.889068,-7.080860,-5.412024,-3.895715,-2.530683,-1.319150,-0.269671,0.610036,1.332700,1.905951,2.332852,2.612071,2.749439,2.758901,2.637053,2.404480,2.102519,1.744098,1.353179,0.921658,0.478676,0.012446,-0.450644,-0.911368,-1.343404,-1.758824,-2.128809,-2.462119,-2.739027,-2.963471,-3.123153,-3.215356,-3.246561,-3.207109,-3.096509,-2.922896,-2.690736,-2.401984,-2.054713,-1.669353,-1.250946,-0.802621,-0.338103,0.116531,0.573376,1.018235,1.437146,1.828341,2.175493,2.473485,2.713934,2.898610,3.012899,3.064988,3.046253,2.956982,2.806703,2.588176,2.316637,1.990807,1.619785,1.209516,0.776661,0.323435,-0.135454,-0.599297,-1.054845,-1.489608,-1.889557,-2.251922,-2.571808,-2.829659,-3.027891,-3.165542,-3.238550,-3.239834,-3.170682,-3.041567,-2.846580,-2.589317,-2.282840,-1.923803,-1.532535,-1.100539,-0.656787,-0.188933,0.263287,0.725771,1.158669,1.574631,1.945020,2.278823,2.556119,2.780918,2.940934,3.033454,3.064970,3.025828,2.915541,2.742251,2.510434,2.221995,1.875008,1.489998,1.072065,0.624510,0.161616,-0.303887,-0.758974,-1.202970,-1.621338,-2.012130,-2.358956,-2.656504,-2.896602,-3.080951,-3.194929,-3.246718,-3.227688,-3.138120,-2.987536,-2.768690,-2.496869,-2.170796,-1.799490,-1.388872,-0.955542,-0.501545,-0.041033,0.411940,0.869248,1.304873,1.705365,2.068133,2.388512,2.646751,2.845339,2.983322,3.056649,3.058244,2.989401,2.860599,2.665936,2.409015,2.102850,1.744098,1.353179,0.921658,0.478676,0.012446,-0.450644,-0.911368,-1.343404,-1.758824,-2.128809,-2.462119,-2.739027,-2.963471,-3.123153,-3.215356,-3.246561,-3.207109,-3.096509,-2.922896,-2.690736,-2.401984,-2.054713,-1.669353,-1.250946,-0.802621,-0.338103,0.116531,0.573376,1.018235,1.437146,1.828341,2.175493,2.473485,2.713934,2.898610,3.012899,3.064988,3.046253,2.956982,2.806703,2.588176,2.316637,1.990807,1.619785,1.209516,0.776661,0.323435,-0.135454,-0.599297,-1.054845,-1.489608,-1.889557,-2.251922,-2.571808,-2.829659,-3.027891,-3.165542,-3.238550,-3.239834,-3.170682,-3.041567,-2.846580,-2.589317,-2.282840,-1.923803,-1.532535,-1.100539,-0.656787,-0.188933,0.263287,0.725771,1.158669,1.573553,1.947630,2.296558,2.625109,2.929621,3.199721,3.435362,3.646676,3.828429,3.985408,4.131692,4.278462,4.434322,4.561799,4.697721,4.840600,4.965710,4.997313,5.225341,4.115959,2.952353,1.840201,0.790434,-0.211248,-1.185633,-2.154725,-3.140449,-4.164601,
4.612574,3.219399,1.886449,0.587488,-0.702893,-2.009904,-3.359240,-4.778039,-6.295941,-7.946057,-9.766703,-8.717116,-6.952712,-5.339854,-3.874266,-2.551182,-1.377226,-0.363813,0.491368,1.194641,1.751849,2.166652,2.441817,2.582178,2.594585,2.482071,2.266402,1.983998,1.653840,1.287709,0.890561,0.474368,0.044058,-0.388134,-0.813994,-1.221276,-1.605297,-1.954357,-2.263861,-2.525168,-2.734331,-2.885339,-2.975300,-3.004041,-2.968764,-2.869615,-2.710299,-2.494401,-2.225311,-1.906980,-1.549271,-1.159647,-0.745344,-0.317294,0.111748,0.537724,0.951647,1.343789,1.706962,2.031407,2.310247,2.537322,2.709002,2.819499,2.868394,2.853146,2.773939,2.634100,2.434844,2.182438,1.880898,1.536957,1.158151,0.754409,0.333007,-0.096729,-0.527994,-0.950759,-1.354623,-1.729353,-2.068305,-2.364250,-2.608107,-2.796220,-2.926099,-2.994484,-2.998559,-2.938757,-2.818584,-2.638692,-2.402655,-2.117147,-1.786599,-1.420216,-1.022860,-0.606664,-0.177101,0.251464,0.676639,1.083990,1.468277,1.817638,2.127597,2.389277,2.598790,2.750128,2.840407,2.869457,2.834488,2.735651,2.576657,2.361095,2.092304,1.774221,1.416764,1.027348,0.613048,0.184251,-0.248418,-0.675079,-1.088933,-1.480810,-1.843681,-2.167837,-2.446248,-2.672978,-2.844333,-2.954521,-3.003118,-2.987575,-2.908071,-2.767929,-2.568358,-2.315674,-2.013905,-1.669716,-1.290658,-0.886708,-0.465303,-0.036314,0.391325,0.813404,1.217336,1.592332,1.931585,2.227987,2.472216,2.660679,2.790889,2.859591,2.863975,2.804481,2.684620,2.505049,2.269348,1.984140,1.653840,1.287709,0.890561,0.474368,0.044058,-0.388134,-0.813994,-1.221276,-1.605297,-1.954357,-2.263861,-2.525168,-2.734331,-2.885339,-2.975300,-3.004041,-2.968764,-2.869615,-2.710299,-2.494401,-2.225311,-1.906980,-1.549271,-1.159647,-0.745344,-0.317294,0.111748,0.537724,0.951647,1.343789,1.706962,2.031407,2.310247,2.537322,2.709002,2.819499,2.868394,2.853146,2.773939,2.634100,2.434844,2.182438,1.880898,1.536957,1.158151,0.754409,0.333007,-0.096729,-0.527994,-0.950759,-1.354623,-1.729353,-2.068305,-2.364250,-2.608107,-2.796220,-2.926099,-2.994484,-2.998559,-2.938757,-2.818584,-2.638692,-2.402655,-2.117147,-1.786599,-1.420216,-1.022860,-0.606664,-0.177101,0.251464,0.676639,1.083990,1.467885,1.821037,2.144828,2.456504,2.744442,3.004483,3.236318,3.443333,3.627085,3.792980,3.950830,4.111584,4.287275,4.451889,4.646816,4.913854,5.345454,6.120283,5.963944,4.415682,3.098683,1.924952,0.846666,-0.170498,-1.154691,-2.130784,-3.121892,-4.150359,
4.583592,3.184121,1.844095,0.537109,-0.762427,-2.079912,-3.441199,-4.873476,-6.406159,-8.071530,-9.905721,-8.582951,-6.839379,-5.252134,-3.811340,-2.510269,-1.356030,-0.360386,0.480630,1.172223,1.719626,2.126589,2.396597,2.534119,2.544668,2.432229,2.219731,1.943893,1.622793,1.265775,0.879477,0.473285,0.054497,-0.366813,-0.781509,-1.179486,-1.553674,-1.894943,-2.196886,-2.452503,-2.656814,-2.804847,-2.893664,-2.921994,-2.888225,-2.792681,-2.638168,-2.427991,-2.165944,-1.856846,-1.508675,-1.129135,-0.726143,-0.309746,0.109609,0.525255,0.928895,1.311651,1.665661,1.982332,2.254730,2.476977,2.644701,2.753473,2.801625,2.787568,2.711457,2.575618,2.382466,2.136858,1.843517,1.508839,1.140364,0.746798,0.336025,-0.083400,-0.503734,-0.915545,-1.309125,-1.675005,-2.005882,-2.294309,-2.533059,-2.717556,-2.844871,-2.911987,-2.916935,-2.859903,-2.743171,-2.568450,-2.339301,-2.061323,-1.739945,-1.382717,-0.996318,-0.590347,-0.172554,0.246467,0.660212,1.058025,1.432368,1.773892,2.076273,2.332255,2.536914,2.685276,2.774409,2.803048,2.769585,2.674353,2.520160,2.310317,2.048561,1.739694,1.391732,1.012293,0.609081,0.191689,-0.229955,-0.646552,-1.050356,-1.432957,-1.786712,-2.103112,-2.375087,-2.596992,-2.764393,-2.872857,-2.920710,-2.906360,-2.829953,-2.693812,-2.500346,-2.254463,-1.960899,-1.625990,-1.257307,-0.863640,-0.453087,-0.034657,0.383389,0.794248,1.187664,1.553699,1.884832,2.173696,2.412812,2.597656,2.725300,2.792732,2.797988,2.741263,2.624843,2.450442,2.221626,1.943941,1.622793,1.265775,0.879477,0.473285,0.054497,-0.366813,-0.781509,-1.179486,-1.553674,-1.894943,-2.196886,-2.452503,-2.656814,-2.804847,-2.893664,-2.921994,-2.888225,-2.792681,-2.638168,-2.427991,-2.165944,-1.856846,-1.508675,-1.129135,-0.726143,-0.309746,0.109609,0.525255,0.928895,1.311651,1.665661,1.982332,2.254730,2.476977,2.644701,2.753473,2.801625,2.787568,2.711457,2.575618,2.382466,2.136858,1.843517,1.508839,1.140364,0.746798,0.336025,-0.083400,-0.503734,-0.915545,-1.309125,-1.675005,-2.005882,-2.294309,-2.533059,-2.717556,-2.844871,-2.911987,-2.916935,-2.859903,-2.743171,-2.568450,-2.339301,-2.061323,-1.739945,-1.382717,-0.996318,-0.590347,-0.172554,0.246467,0.660212,1.058025,1.433089,1.778686,2.094321,2.399413,2.681573,2.937595,3.167043,3.372126,3.555514,3.722763,3.882846,4.046741,4.227756,4.402837,4.615953,4.916971,5.404628,6.270146,6.368593,4.612810,3.200243,1.985721,0.888477,-0.139204,-1.130394,-2.111730,-3.107000,-4.138852,
4.557243,3.151940,1.805293,0.490766,-0.817345,-2.144512,-3.516570,-4.960501,-6.505186,-8.181896,-10.025386,-8.493423,-6.757511,-5.175243,-3.739430,-2.443987,-1.295119,-0.304200,0.530941,1.216471,1.758054,2.159199,2.422495,2.552611,2.556214,2.436135,2.216402,1.936035,1.610077,1.248889,0.857169,0.446788,0.022536,-0.403470,-0.823164,-1.224416,-1.602687,-1.946389,-2.251067,-2.508161,-2.713826,-2.862124,-2.950216,-2.977980,-2.942637,-2.844331,-2.686747,-2.473442,-2.207744,-1.893525,-1.540566,-1.156226,-0.747623,-0.325559,0.097318,0.517097,0.924925,1.311208,1.668886,1.988318,2.262731,2.486057,2.654756,2.763101,2.810722,2.795099,2.716430,2.578034,2.381085,2.131806,1.834149,1.494761,1.121071,0.722907,0.307424,-0.116183,-0.541240,-0.957862,-1.355773,-1.724873,-2.058629,-2.349953,-2.589827,-2.774704,-2.902152,-2.968979,-2.972386,-2.912827,-2.793803,-2.615943,-2.382772,-2.100905,-1.774687,-1.413244,-1.021312,-0.610922,-0.187406,0.234971,0.653982,1.055307,1.433846,1.777852,2.082978,2.340443,2.546456,2.695081,2.783486,2.811556,2.776517,2.678519,2.521253,2.308284,2.042883,1.728915,1.376211,0.992082,0.583489,0.160689,-0.265818,-0.686279,-1.094035,-1.480050,-1.837423,-2.156565,-2.430557,-2.653540,-2.821917,-2.929957,-2.977284,-2.961370,-2.882409,-2.743714,-2.546452,-2.296896,-1.999010,-1.659371,-1.285425,-0.887050,-0.471557,-0.048688,0.372741,0.788681,1.186663,1.556032,1.890092,2.181864,2.422109,2.607334,2.735109,2.802249,2.805962,2.746707,2.627991,2.450450,2.217614,1.936044,1.610077,1.248889,0.857169,0.446788,0.022536,-0.403470,-0.823164,-1.224416,-1.602687,-1.946389,-2.251067,-2.508161,-2.713826,-2.862124,-2.950216,-2.977980,-2.942637,-2.844331,-2.686747,-2.473442,-2.207744,-1.893525,-1.540566,-1.156226,-0.747623,-0.325559,0.097318,0.517097,0.924925,1.311208,1.668886,1.988318,2.262731,2.486057,2.654756,2.763101,2.810722,2.795099,2.716430,2.578034,2.381085,2.131806,1.834149,1.494761,1.121071,0.722907,0.307424,-0.116183,-0.541240,-0.957862,-1.355773,-1.724873,-2.058629,-2.349953,-2.589827,-2.774704,-2.902152,-2.968979,-2.972386,-2.912827,-2.793803,-2.615943,-2.382772,-2.100905,-1.774687,-1.413244,-1.021312,-0.610922,-0.187406,0.234971,0.653982,1.055307,1.434885,1.783031,2.101785,2.409785,2.695143,2.953663,3.184904,3.392068,3.576465,3.743229,3.901897,4.063170,4.238812,4.402107,4.591505,4.836761,5.185553,5.738647,6.426342,4.621319,3.227394,2.025110,0.930597,-0.099644,-1.095719,-2.082712,-3.083650,-4.120800,
4.534153,3.124257,1.772635,0.452726,-0.861164,-2.194434,-3.572740,-5.022696,-6.572485,-8.252053,-10.093309,-8.406469,-6.656347,-5.047580,-3.588035,-2.274658,-1.109441,-0.101256,0.741666,1.431571,1.975622,2.376480,2.632408,2.748865,2.739420,2.600270,2.356522,2.054754,1.700335,1.314358,0.888266,0.451097,-0.009076,-0.465980,-0.920538,-1.346544,-1.756213,-2.120841,-2.449325,-2.722020,-2.942966,-3.099939,-3.190271,-3.220500,-3.180982,-3.071225,-2.899343,-2.669778,-2.384417,-2.041258,-1.660649,-1.247524,-0.804900,-0.346368,0.102101,0.552750,0.991513,1.404565,1.790265,2.132405,2.425969,2.662670,2.844365,2.956501,3.007315,2.988206,2.899474,2.750638,2.534417,2.266005,1.944057,1.577589,1.172436,0.745159,0.297851,-0.154908,-0.612543,-1.061949,-1.490758,-1.885077,-2.242247,-2.557511,-2.811379,-3.006375,-3.141594,-3.213045,-3.213662,-3.144753,-3.016786,-2.823831,-2.569435,-2.266597,-1.911891,-1.525562,-1.098991,-0.661045,-0.199238,0.246794,0.703113,1.129986,1.540201,1.905234,2.234203,2.507285,2.728584,2.885887,2.976534,3.007070,2.967857,2.858409,2.686848,2.457623,2.172574,1.829702,1.449445,1.036800,0.594951,0.138054,-0.321287,-0.770174,-1.208072,-1.620577,-2.005872,-2.347684,-2.640813,-2.877164,-3.058535,-3.170365,-3.220884,-3.201483,-3.112458,-2.963321,-2.746784,-2.478092,-2.155900,-1.789145,-1.383640,-0.955884,-0.507800,-0.053406,0.393357,0.844525,1.274200,1.669064,2.026640,2.342389,2.596644,2.791993,2.927542,2.999307,3.000231,2.931627,2.803970,2.611337,2.357280,2.054754,1.700335,1.314358,0.888266,0.451097,-0.009076,-0.465980,-0.920538,-1.346544,-1.756213,-2.120841,-2.449325,-2.722020,-2.942966,-3.099939,-3.190271,-3.220500,-3.180982,-3.071225,-2.899343,-2.669778,-2.384417,-2.041258,-1.660649,-1.247524,-0.804900,-0.346368,0.102101,0.552750,0.991513,1.404565,1.790265,2.132405,2.425969,2.662670,2.844365,2.956501,3.007315,2.988206,2.899474,2.750638,2.534417,2.266005,1.944057,1.577589,1.172436,0.745159,0.297851,-0.154908,-0.612543,-1.061949,-1.490758,-1.885077,-2.242247,-2.557511,-2.811379,-3.006375,-3.141594,-3.213045,-3.213662,-3.144753,-3.016786,-2.823831,-2.569435,-2.266597,-1.911891,-1.525562,-1.098991,-0.661045,-0.199238,0.246794,0.703113,1.129986,1.540545,1.907356,2.247199,2.568405,2.866543,3.131139,3.361941,3.568824,3.746237,3.898629,4.039786,4.180740,4.330275,4.451653,4.582874,4.721838,4.831338,4.777843,5.487601,4.327035,3.141292,2.009859,0.939313,-0.083705,-1.078662,-2.066771,-3.069631,-4.108988,
4.513873,3.100130,1.744428,0.420224,-0.898115,-2.235864,-3.618450,-5.072113,-6.624460,-8.304654,-10.143914,-8.345379,-6.590052,-4.973999,-3.508327,-2.190799,-1.022460,-0.011719,0.831487,1.520404,2.062663,2.460679,2.711845,2.821831,2.805388,2.657608,2.404578,2.094954,1.731381,1.336293,0.899350,0.452179,-0.019516,-0.487301,-0.953023,-1.388335,-1.807837,-2.180256,-2.516300,-2.794685,-3.020483,-3.180430,-3.271907,-3.302547,-3.261522,-3.148159,-2.971474,-2.736188,-2.443784,-2.091392,-1.701244,-1.278037,-0.824101,-0.353917,0.104240,0.565219,1.014265,1.436703,1.831566,2.181479,2.481486,2.723015,2.908665,3.022527,3.074085,3.053784,2.961956,2.809119,2.586795,2.311585,1.981439,1.605707,1.190223,0.752769,0.294833,-0.168237,-0.636803,-1.097162,-1.536256,-1.939424,-2.304669,-2.627452,-2.886427,-3.085039,-3.222822,-3.295542,-3.295286,-3.223607,-3.092199,-2.894073,-2.632789,-2.322421,-1.958546,-1.563061,-1.125533,-0.677362,-0.203785,0.251791,0.719541,1.155951,1.576110,1.948980,2.285528,2.564307,2.790460,2.950740,3.042532,3.073479,3.032759,2.919707,2.743345,2.508401,2.216316,1.864228,1.474477,1.051854,0.598918,0.130617,-0.339750,-0.798701,-1.246649,-1.668430,-2.062842,-2.412410,-2.711973,-2.953150,-3.138475,-3.252029,-3.303291,-3.282698,-3.190576,-3.037438,-2.814797,-2.539303,-2.208906,-1.832871,-1.416991,-0.978952,-0.520016,-0.055063,0.401293,0.863680,1.303873,1.707698,2.073393,2.396680,2.656049,2.855017,2.993131,3.066166,3.066218,2.994844,2.863747,2.665944,2.405003,2.094954,1.731381,1.336293,0.899350,0.452179,-0.019516,-0.487301,-0.953023,-1.388335,-1.807837,-2.180256,-2.516300,-2.794685,-3.020483,-3.180430,-3.271907,-3.302547,-3.261522,-3.148159,-2.971474,-2.736188,-2.443784,-2.091392,-1.701244,-1.278037,-0.824101,-0.353917,0.104240,0.565219,1.014265,1.436703,1.831566,2.181479,2.481486,2.723015,2.908665,3.022527,3.074085,3.053784,2.961956,2.809119,2.586795,2.311585,1.981439,1.605707,1.190223,0.752769,0.294833,-0.168237,-0.636803,-1.097162,-1.536256,-1.939424,-2.304669,-2.627452,-2.886427,-3.085039,-3.222822,-3.295542,-3.295286,-3.223607,-3.092199,-2.894073,-2.632789,-2.322421,-1.958546,-1.563061,-1.125533,-0.677362,-0.203785,0.251791,0.719541,1.155951,1.576110,1.948561,2.292828,2.617519,2.918220,3.183455,3.413047,3.617993,3.791582,3.938083,4.072107,4.204711,4.343588,4.449473,4.558595,4.661598,4.711959,4.595730,5.128091,4.186889,3.102199,2.008990,0.951295,-0.068276,-1.063184,-2.052491,-3.057037,-4.098295,
4.497882,3.081490,1.723196,0.396532,-0.924018,-2.263552,-3.647241,-5.100972,-6.651897,-8.328623,-10.161810,-8.291928,-6.535380,-4.924427,-3.465781,-2.155259,-0.994031,0.009506,0.847392,1.531956,2.070368,2.465216,2.714695,2.824170,2.807120,2.659666,2.408797,2.102850,1.744098,1.353179,0.921658,0.478676,0.012446,-0.450644,-0.911368,-1.343404,-1.758824,-2.128809,-2.462119,-2.739027,-2.963471,-3.123153,-3.215356,-3.246561,-3.207109,-3.096509,-2.922896,-2.690736,-2.401984,-2.054713,-1.669353,-1.250946,-0.802621,-0.338103,0.116531,0.573376,1.018235,1.437146,1.828341,2.175493,2.473485,2.713934,2.898610,3.012899,3.064988,3.046253,2.956982,2.806703,2.588176,2.316637,1.990807,1.619785,1.209516,0.776661,0.323435,-0.135454,-0.599297,-1.054845,-1.489608,-1.889557,-2.251922,-2.571808,-2.829659,-3.027891,-3.165542,-3.238550,-3.239834,-3.170682,-3.041567,-2.846580,-2.589317,-2.282840,-1.923803,-1.532535,-1.100539,-0.656787,-0.188933,0.263287,0.725771,1.158669,1.574631,1.945020,2.278823,2.556119,2.780918,2.940934,3.033454,3.064970,3.025828,2.915541,2.742251,2.510434,2.221995,1.875008,1.489998,1.072065,0.624510,0.161616,-0.303887,-0.758974,-1.202970,-1.621338,-2.012130,-2.358956,-2.656504,-2.896602,-3.080951,-3.194929,-3.246718,-3.227688,-3.138120,-2.987536,-2.768690,-2.496869,-2.170796,-1.799490,-1.388872,-0.955542,-0.501545,-0.041033,0.411940,0.869248,1.304873,1.705365,2.068133,2.388512,2.646751,2.845339,2.983322,3.056649,3.058244,2.989401,2.860599,2.665936,2.409015,2.102850,1.744098,1.353179,0.921658,0.478676,0.012446,-0.450644,-0.911368,-1.343404,-1.758824,-2.128809,-2.462119,-2.739027,-2.963471,-3.123153,-3.215356,-3.246561,-3.207109,-3.096509,-2.922896,-2.690736,-2.401984,-2.054713,-1.669353,-1.250946,-0.802621,-0.338103,0.116531,0.573376,1.018235,1.437146,1.828341,2.175493,2.473485,2.713934,2.898610,3.012899,3.064988,3.046253,2.956982,2.806703,2.588176,2.316637,1.990807,1.619785,1.209516,0.776661,0.323435,-0.135454,-0.599297,-1.054845,-1.489608,-1.889557,-2.251922,-2.571808,-2.829659,-3.027891,-3.165542,-3.238550,-3.239834,-3.170682,-3.041567,-2.846580,-2.589317,-2.282840,-1.923803,-1.532535,-1.100539,-0.656787,-0.188933,0.263287,0.725771,1.158669,1.574631,1.943247,2.280596,2.599620,2.894277,3.154058,3.378764,3.578374,3.747515,3.890861,4.022439,4.153521,4.293135,4.404983,4.528687,4.668981,4.815037,4.928338,5.286086,4.295587,3.150449,2.026131,0.955346,-0.068834,-1.064692,-2.053483,-3.057036,-4.097300,
4.484861,3.066080,1.705294,0.376080,-0.947002,-2.288913,-3.674624,-5.129733,-6.681026,-8.356695,-10.187043,-8.281626,-6.536529,-4.955645,-3.527484,-2.243205,-1.107255,-0.129977,0.691379,1.363220,1.891275,2.278979,2.528811,2.645283,2.634895,2.500304,2.269251,1.984140,1.653840,1.287709,0.890561,0.474368,0.044058,-0.388134,-0.813994,-1.221276,-1.605297,-1.954357,-2.263861,-2.525168,-2.734331,-2.885339,-2.975300,-3.004041,-2.968764,-2.869615,-2.710299,-2.494401,-2.225311,-1.906980,-1.549271,-1.159647,-0.745344,-0.317294,0.111748,0.537724,0.951647,1.343789,1.706962,2.031407,2.310247,2.537322,2.709002,2.819499,2.868394,2.853146,2.773939,2.634100,2.434844,2.182438,1.880898,1.536957,1.158151,0.754409,0.333007,-0.096729,-0.527994,-0.950759,-1.354623,-1.729353,-2.068305,-2.364250,-2.608107,-2.796220,-2.926099,-2.994484,-2.998559,-2.938757,-2.818584,-2.638692,-2.402655,-2.117147,-1.786599,-1.420216,-1.022860,-0.606664,-0.177101,0.251464,0.676639,1.083990,1.468277,1.817638,2.127597,2.389277,2.598790,2.750128,2.840407,2.869457,2.834488,2.735651,2.576657,2.361095,2.092304,1.774221,1.416764,1.027348,0.613048,0.184251,-0.248418,-0.675079,-1.088933,-1.480810,-1.843681,-2.167837,-2.446248,-2.672978,-2.844333,-2.954521,-3.003118,-2.987575,-2.908071,-2.767929,-2.568358,-2.315674,-2.013905,-1.669716,-1.290658,-0.886708,-0.465303,-0.036314,0.391325,0.813404,1.217336,1.592332,1.931585,2.227987,2.472216,2.660679,2.790889,2.859591,2.863975,2.804481,2.684620,2.505049,2.269348,1.984140,1.653840,1.287709,0.890561,0.474368,0.044058,-0.388134,-0.813994,-1.221276,-1.605297,-1.954357,-2.263861,-2.525168,-2.734331,-2.885339,-2.975300,-3.004041,-2.968764,-2.869615,-2.710299,-2.494401,-2.225311,-1.906980,-1.549271,-1.159647,-0.745344,-0.317294,0.111748,0.537724,0.951647,1.343789,1.706962,2.031407,2.310247,2.537322,2.709002,2.819499,2.868394,2.853146,2.773939,2.634100,2.434844,2.182438,1.880898,1.536957,1.158151,0.754409,0.333007,-0.096729,-0.527994,-0.950759,-1.354623,-1.729353,-2.068305,-2.364250,-2.608107,-2.796220,-2.926099,-2.994484,-2.998559,-2.938757,-2.818584,-2.638692,-2.402655,-2.117147,-1.786599,-1.420216,-1.022860,-0.606664,-0.177101,0.251464,0.676639,1.083990,1.468277,1.816953,2.129641,2.432810,2.712038,2.963069,3.185510,3.382672,3.556058,3.711040,3.857403,4.006026,4.168637,4.318058,4.491715,4.718636,5.050708,5.613040,6.515658,4.713964,3.304645,2.088410,0.984153,-0.052870,-1.054163,-2.045702,-3.051002,-4.092597,
4.474978,3.054417,1.691801,0.360750,-0.964098,-2.307580,-3.694485,-5.150161,-6.701067,-8.375008,-10.201816,-8.274581,-6.530821,-4.957468,-3.538646,-2.263577,-1.136821,-0.168621,0.645832,1.312159,1.835732,2.220274,2.469136,2.586591,2.577906,2.446776,2.221591,1.943941,1.622793,1.265775,0.879477,0.473285,0.054497,-0.366813,-0.781509,-1.179486,-1.553674,-1.894943,-2.196886,-2.452503,-2.656814,-2.804847,-2.893664,-2.921994,-2.888225,-2.792681,-2.638168,-2.427991,-2.165944,-1.856846,-1.508675,-1.129135,-0.726143,-0.309746,0.109609,0.525255,0.928895,1.311651,1.665661,1.982332,2.254730,2.476977,2.644701,2.753473,2.801625,2.787568,2.711457,2.575618,2.382466,2.136858,1.843517,1.508839,1.140364,0.746798,0.336025,-0.083400,-0.503734,-0.915545,-1.309125,-1.675005,-2.005882,-2.294309,-2.533059,-2.717556,-2.844871,-2.911987,-2.916935,-2.859903,-2.743171,-2.568450,-2.339301,-2.061323,-1.739945,-1.382717,-0.996318,-0.590347,-0.172554,0.246467,0.660212,1.058025,1.432368,1.773892,2.076273,2.332255,2.536914,2.685276,2.774409,2.803048,2.769585,2.674353,2.520160,2.310317,2.048561,1.739694,1.391732,1.012293,0.609081,0.191689,-0.229955,-0.646552,-1.050356,-1.432957,-1.786712,-2.103112,-2.375087,-2.596992,-2.764393,-2.872857,-2.920710,-2.906360,-2.829953,-2.693812,-2.500346,-2.254463,-1.960899,-1.625990,-1.257307,-0.863640,-0.453087,-0.034657,0.383389,0.794248,1.187664,1.553699,1.884832,2.173696,2.412812,2.597656,2.725300,2.792732,2.797988,2.741263,2.624843,2.450442,2.221626,1.943941,1.622793,1.265775,0.879477,0.473285,0.054497,-0.366813,-0.781509,-1.179486,-1.553674,-1.894943,-2.196886,-2.452503,-2.656814,-2.804847,-2.893664,-2.921994,-2.888225,-2.792681,-2.638168,-2.427991,-2.165944,-1.856846,-1.508675,-1.129135,-0.726143,-0.309746,0.109609,0.525255,0.928895,1.311651,1.665661,1.982332,2.254730,2.476977,2.644701,2.753473,2.801625,2.787568,2.711457,2.575618,2.382466,2.136858,1.843517,1.508839,1.140364,0.746798,0.336025,-0.083400,-0.503734,-0.915545,-1.309125,-1.675005,-2.005882,-2.294309,-2.533059,-2.717556,-2.844871,-2.911987,-2.916935,-2.859903,-2.743171,-2.568450,-2.339301,-2.061323,-1.739945,-1.382717,-0.996318,-0.590347,-0.172554,0.246467,0.660212,1.058025,1.432368,1.774384,2.079569,2.377092,2.651603,2.899842,3.121346,3.318325,3.493477,3.652411,3.804155,3.959643,4.131756,4.295843,4.491059,4.754124,5.150510,5.811481,6.861405,4.875103,3.369072,2.114130,0.995788,-0.046256,-1.049504,-2.042037,-3.048043,-4.090239,
4.467555,3.045355,1.680879,0.347752,-0.979357,-2.325215,-3.714485,-5.172313,-6.724858,-8.399569,-10.226087,-8.283440,-6.535680,-4.955539,-3.530751,-2.251589,-1.121755,-0.150982,0.663916,1.329695,1.852318,2.235398,2.481503,2.595200,2.582995,2.447497,2.217606,1.936044,1.610077,1.248889,0.857169,0.446788,0.022536,-0.403470,-0.823164,-1.224416,-1.602687,-1.946389,-2.251067,-2.508161,-2.713826,-2.862124,-2.950216,-2.977980,-2.942637,-2.844331,-2.686747,-2.473442,-2.207744,-1.893525,-1.540566,-1.156226,-0.747623,-0.325559,0.097318,0.517097,0.924925,1.311208,1.668886,1.988318,2.262731,2.486057,2.654756,2.763101,2.810722,2.795099,2.716430,2.578034,2.381085,2.131806,1.834149,1.494761,1.121071,0.722907,0.307424,-0.116183,-0.541240,-0.957862,-1.355773,-1.724873,-2.058629,-2.349953,-2.589827,-2.774704,-2.902152,-2.968979,-2.972386,-2.912827,-2.793803,-2.615943,-2.382772,-2.100905,-1.774687,-1.413244,-1.021312,-0.610922,-0.187406,0.234971,0.653982,1.055307,1.433846,1.777852,2.082978,2.340443,2.546456,2.695081,2.783486,2.811556,2.776517,2.678519,2.521253,2.308284,2.042883,1.728915,1.376211,0.992082,0.583489,0.160689,-0.265818,-0.686279,-1.094035,-1.480050,-1.837423,-2.156565,-2.430557,-2.653540,-2.821917,-2.929957,-2.977284,-2.961370,-2.882409,-2.743714,-2.546452,-2.296896,-1.999010,-1.659371,-1.285425,-0.887050,-0.471557,-0.048688,0.372741,0.788681,1.186663,1.556032,1.890092,2.181864,2.422109,2.607334,2.735109,2.802249,2.805962,2.746707,2.627991,2.450450,2.217614,1.936044,1.610077,1.248889,0.857169,0.446788,0.022536,-0.403470,-0.823164,-1.224416,-1.602687,-1.946389,-2.251067,-2.508161,-2.713826,-2.862124,-2.950216,-2.977980,-2.942637,-2.844331,-2.686747,-2.473442,-2.207744,-1.893525,-1.540566,-1.156226,-0.747623,-0.325559,0.097318,0.517097,0.924925,1.311208,1.668886,1.988318,2.262731,2.486057,2.654756,2.763101,2.810722,2.795099,2.716430,2.578034,2.381085,2.131806,1.834149,1.494761,1.121071,0.722907,0.307424,-0.116183,-0.541240,-0.957862,-1.355773,-1.724873,-2.058629,-2.349953,-2.589827,-2.774704,-2.902152,-2.968979,-2.972386,-2.912827,-2.793803,-2.615943,-2.382772,-2.100905,-1.774687,-1.413244,-1.021312,-0.610922,-0.187406,0.234971,0.653982,1.055307,1.433846,1.778910,2.088823,2.390389,2.669349,2.921461,3.146293,3.347101,3.525298,3.686178,3.839498,3.996222,4.168336,4.329117,4.516364,4.757833,5.096610,5.621129,6.556846,4.715371,3.308701,2.100736,1.001953,-0.033129,-1.035062,-2.028790,-3.037033,-4.081775,
4.463298,3.040363,1.675171,0.341381,-0.986280,-2.332494,-3.721802,-5.179163,-6.730438,-8.402511,-10.223691,-8.268947,-6.502249,-4.889035,-3.433496,-2.129558,-0.976982,0.016904,0.844890,1.519856,2.049329,2.436141,2.678604,2.782132,2.760190,2.608803,2.357280,2.054754,1.700335,1.314358,0.888266,0.451097,-0.009076,-0.465980,-0.920538,-1.346544,-1.756213,-2.120841,-2.449325,-2.722020,-2.942966,-3.099939,-3.190271,-3.220500,-3.180982,-3.071225,-2.899343,-2.669778,-2.384417,-2.041258,-1.660649,-1.247524,-0.804900,-0.346368,0.102101,0.552750,0.991513,1.404565,1.790265,2.132405,2.425969,2.662670,2.844365,2.956501,3.007315,2.988206,2.899474,2.750638,2.534417,2.266005,1.944057,1.577589,1.172436,0.745159,0.297851,-0.154908,-0.612543,-1.061949,-1.490758,-1.885077,-2.242247,-2.557511,-2.811379,-3.006375,-3.141594,-3.213045,-3.213662,-3.144753,-3.016786,-2.823831,-2.569435,-2.266597,-1.911891,-1.525562,-1.098991,-0.661045,-0.199238,0.246794,0.703113,1.129986,1.540201,1.905234,2.234203,2.507285,2.728584,2.885887,2.976534,3.007070,2.967857,2.858409,2.686848,2.457623,2.172574,1.829702,1.449445,1.036800,0.594951,0.138054,-0.321287,-0.770174,-1.208072,-1.620577,-2.005872,-2.347684,-2.640813,-2.877164,-3.058535,-3.170365,-3.220884,-3.201483,-3.112458,-2.963321,-2.746784,-2.478092,-2.155900,-1.789145,-1.383640,-0.955884,-0.507800,-0.053406,0.393357,0.844525,1.274200,1.669064,2.026640,2.342389,2.596644,2.791993,2.927542,2.999307,3.000231,2.931627,2.803970,2.611337,2.357280,2.054754,1.700335,1.314358,0.888266,0.451097,-0.009076,-0.465980,-0.920538,-1.346544,-1.756213,-2.120841,-2.449325,-2.722020,-2.942966,-3.099939,-3.190271,-3.220500,-3.180982,-3.071225,-2.899343,-2.669778,-2.384417,-2.041258,-1.660649,-1.247524,-0.804900,-0.346368,0.102101,0.552750,0.991513,1.404565,1.790265,2.132405,2.425969,2.662670,2.844365,2.956501,3.007315,2.988206,2.899474,2.750638,2.534417,2.266005,1.944057,1.577589,1.172436,0.745159,0.297851,-0.154908,-0.612543,-1.061949,-1.490758,-1.885077,-2.242247,-2.557511,-2.811379,-3.006375,-3.141594,-3.213045,-3.213662,-3.144753,-3.016786,-2.823831,-2.569435,-2.266597,-1.911891,-1.525562,-1.098991,-0.661045,-0.199238,0.246794,0.703113,1.129986,1.540201,1.905909,2.239185,2.555810,2.849403,3.109456,3.335738,3.538194,3.711410,3.860072,3.998350,4.137911,4.288614,4.415721,4.561466,4.734154,4.925675,5.092780,5.164199,4.228980,3.126793,2.029338,0.972862,-0.045279,-1.040094,-2.030656,-3.037404,-4.081417,
4.461477,3.038214,1.672706,0.338633,-0.989247,-2.335574,-3.724823,-5.181856,-6.732382,-8.403003,-10.221479,-8.261829,-6.487960,-4.864488,-3.398919,-2.086418,-0.926148,0.074814,0.907432,1.585539,2.117115,2.504760,2.745939,2.846310,2.820552,2.663607,2.405003,2.094954,1.731381,1.336293,0.899350,0.452179,-0.019516,-0.487301,-0.953023,-1.388335,-1.807837,-2.180256,-2.516300,-2.794685,-3.020483,-3.180430,-3.271907,-3.302547,-3.261522,-3.148159,-2.971474,-2.736188,-2.443784,-2.091392,-1.701244,-1.278037,-0.824101,-0.353917,0.104240,0.565219,1.014265,1.436703,1.831566,2.181479,2.481486,2.723015,2.908665,3.022527,3.074085,3.053784,2.961956,2.809119,2.586795,2.311585,1.981439,1.605707,1.190223,0.752769,0.294833,-0.168237,-0.636803,-1.097162,-1.536256,-1.939424,-2.304669,-2.627452,-2.886427,-3.085039,-3.222822,-3.295542,-3.295286,-3.223607,-3.092199,-2.894073,-2.632789,-2.322421,-1.958546,-1.563061,-1.125533,-0.677362,-0.203785,0.251791,0.719541,1.155951,1.576110,1.948980,2.285528,2.564307,2.790460,2.950740,3.042532,3.073479,3.032759,2.919707,2.743345,2.508401,2.216316,1.864228,1.474477,1.051854,0.598918,0.130617,-0.339750,-0.798701,-1.246649,-1.668430,-2.062842,-2.412410,-2.711973,-2.953150,-3.138475,-3.252029,-3.303291,-3.282698,-3.190576,-3.037438,-2.814797,-2.539303,-2.208906,-1.832871,-1.416991,-0.978952,-0.520016,-0.055063,0.401293,0.863680,1.303873,1.707698,2.073393,2.396680,2.656049,2.855017,2.993131,3.066166,3.066218,2.994844,2.863747,2.665944,2.405003,2.094954,1.731381,1.336293,0.899350,0.452179,-0.019516,-0.487301,-0.953023,-1.388335,-1.807837,-2.180256,-2.516300,-2.794685,-3.020483,-3.180430,-3.271907,-3.302547,-3.261522,-3.148159,-2.971474,-2.736188,-2.443784,-2.091392,-1.701244,-1.278037,-0.824101,-0.353917,0.104240,0.565219,1.014265,1.436703,1.831566,2.181479,2.481486,2.723015,2.908665,3.022527,3.074085,3.053784,2.961956,2.809119,2.586795,2.311585,1.981439,1.605707,1.190223,0.752769,0.294833,-0.168237,-0.636803,-1.097162,-1.536256,-1.939424,-2.304669,-2.627452,-2.886427,-3.085039,-3.222822,-3.295542,-3.295286,-3.223607,-3.092199,-2.894073,-2.632789,-2.322421,-1.958546,-1.563061,-1.125533,-0.677362,-0.203785,0.251791,0.719541,1.155951,1.576110,1.949151,2.289672,2.611575,2.909546,3.172049,3.398919,3.601218,3.772376,3.916922,4.049932,4.183280,4.326127,4.441945,4.572243,4.718213,4.854426,4.905941,4.804468,4.037583,3.041867,1.993107,0.957214,-0.052271,-1.043309,-2.032105,-3.037956,-4.081485,
4.462654,3.039859,1.675013,0.341833,-0.984890,-2.329762,-3.717236,-5.172177,-6.720345,-8.388487,-10.204740,-8.244012,-6.471883,-4.853764,-3.393714,-2.085625,-0.929259,0.067996,0.898880,1.576181,2.107357,2.495150,2.737824,2.840741,2.817335,2.663608,2.409005,2.102850,1.744098,1.353179,0.921658,0.478676,0.012446,-0.450644,-0.911368,-1.343404,-1.758824,-2.128809,-2.462119,-2.739027,-2.963471,-3.123153,-3.215356,-3.246561,-3.207109,-3.096509,-2.922896,-2.690736,-2.401984,-2.054713,-1.669353,-1.250946,-0.802621,-0.338103,0.116531,0.573376,1.018235,1.437146,1.828341,2.175493,2.473485,2.713934,2.898610,3.012899,3.064988,3.046253,2.956982,2.806703,2.588176,2.316637,1.990807,1.619785,1.209516,0.776661,0.323435,-0.135454,-0.599297,-1.054845,-1.489608,-1.889557,-2.251922,-2.571808,-2.829659,-3.027891,-3.165542,-3.238550,-3.239834,-3.170682,-3.041567,-2.846580,-2.589317,-2.282840,-1.923803,-1.532535,-1.100539,-0.656787,-0.188933,0.263287,0.725771,1.158669,1.574631,1.945020,2.278823,2.556119,2.780918,2.940934,3.033454,3.064970,3.025828,2.915541,2.742251,2.510434,2.221995,1.875008,1.489998,1.072065,0.624510,0.161616,-0.303887,-0.758974,-1.202970,-1.621338,-2.012130,-2.358956,-2.656504,-2.896602,-3.080951,-3.194929,-3.246718,-3.227688,-3.138120,-2.987536,-2.768690,-2.496869,-2.170796,-1.799490,-1.388872,-0.955542,-0.501545,-0.041033,0.411940,0.869248,1.304873,1.705365,2.068133,2.388512,2.646751,2.845339,2.983322,3.056649,3.058244,2.989401,2.860599,2.665936,2.409015,2.102850,1.744098,1.353179,0.921658,0.478676,0.012446,-0.450644,-0.911368,-1.343404,-1.758824,-2.128809,-2.462119,-2.739027,-2.963471,-3.123153,-3.215356,-3.246561,-3.207109,-3.096509,-2.922896,-2.690736,-2.401984,-2.054713,-1.669353,-1.250946,-0.802621,-0.338103,0.116531,0.573376,1.018235,1.437146,1.828341,2.175493,2.473485,2.713934,2.898610,3.012899,3.064988,3.046253,2.956982,2.806703,2.588176,2.316637,1.990807,1.619785,1.209516,0.776661,0.323435,-0.135454,-0.599297,-1.054845,-1.489608,-1.889557,-2.251922,-2.571808,-2.829659,-3.027891,-3.165542,-3.238550,-3.239834,-3.170682,-3.041567,-2.846580,-2.589317,-2.282840,-1.923803,-1.532535,-1.100539,-0.656787,-0.188933,0.263287,0.725771,1.158669,1.574631,1.944427,2.280123,2.597743,2.891016,3.149406,3.372727,3.571014,3.739013,3.881626,4.013295,4.146024,4.290128,4.411537,4.553592,4.726600,4.925808,5.111166,5.092651,4.178800,3.089541,1.999536,0.948034,-0.066051,-1.057128,-2.044127,-3.047541,-4.088555,
4.466045,3.043695,1.679243,0.346378,-0.980146,-2.324992,-3.712685,-5.168210,-6.717536,-8.387841,-10.208257,-8.256039,-6.501758,-4.916344,-3.487051,-2.203972,-1.070715,-0.097004,0.720347,1.388034,1.911967,2.295676,2.541682,2.654491,2.640565,2.502463,2.269309,1.984140,1.653840,1.287709,0.890561,0.474368,0.044058,-0.388134,-0.813994,-1.221276,-1.605297,-1.954357,-2.263861,-2.525168,-2.734331,-2.885339,-2.975300,-3.004041,-2.968764,-2.869615,-2.710299,-2.494401,-2.225311,-1.906980,-1.549271,-1.159647,-0.745344,-0.317294,0.111748,0.537724,0.951647,1.343789,1.706962,2.031407,2.310247,2.537322,2.709002,2.819499,2.868394,2.853146,2.773939,2.634100,2.434844,2.182438,1.880898,1.536957,1.158151,0.754409,0.333007,-0.096729,-0.527994,-0.950759,-1.354623,-1.729353,-2.068305,-2.364250,-2.608107,-2.796220,-2.926099,-2.994484,-2.998559,-2.938757,-2.818584,-2.638692,-2.402655,-2.117147,-1.786599,-1.420216,-1.022860,-0.606664,-0.177101,0.251464,0.676639,1.083990,1.468277,1.817638,2.127597,2.389277,2.598790,2.750128,2.840407,2.869457,2.834488,2.735651,2.576657,2.361095,2.092304,1.774221,1.416764,1.027348,0.613048,0.184251,-0.248418,-0.675079,-1.088933,-1.480810,-1.843681,-2.167837,-2.446248,-2.672978,-2.844333,-2.954521,-3.003118,-2.987575,-2.908071,-2.767929,-2.568358,-2.315674,-2.013905,-1.669716,-1.290658,-0.886708,-0.465303,-0.036314,0.391325,0.813404,1.217336,1.592332,1.931585,2.227987,2.472216,2.660679,2.790889,2.859591,2.863975,2.804481,2.684620,2.505049,2.269348,1.984140,1.653840,1.287709,0.890561,0.474368,0.044058,-0.388134,-0.813994,-1.221276,-1.605297,-1.954357,-2.263861,-2.525168,-2.734331,-2.885339,-2.975300,-3.004041,-2.968764,-2.869615,-2.710299,-2.494401,-2.225311,-1.906980,-1.549271,-1.159647,-0.745344,-0.317294,0.111748,0.537724,0.951647,1.343789,1.706962,2.031407,2.310247,2.537322,2.709002,2.819499,2.868394,2.853146,2.773939,2.634100,2.434844,2.182438,1.880898,1.536957,1.158151,0.754409,0.333007,-0.096729,-0.527994,-0.950759,-1.354623,-1.729353,-2.068305,-2.364250,-2.608107,-2.796220,-2.926099,-2.994484,-2.998559,-2.938757,-2.818584,-2.638692,-2.402655,-2.117147,-1.786599,-1.420216,-1.022860,-0.606664,-0.177101,0.251464,0.676639,1.083990,1.468277,1.816431,2.128914,2.431270,2.709727,2.960021,3.181774,3.378348,3.551332,3.706255,3.853166,4.003391,4.169408,4.325261,4.510197,4.755259,5.111508,5.686459,6.437162,4.650146,3.266465,2.069246,0.976725,-0.053675,-1.051534,-2.041539,-3.046412,-4.088213,
4.472207,3.050750,1.687136,0.355008,-0.970942,-2.315460,-3.703191,-5.159281,-6.709936,-8.382728,-10.207651,-8.264611,-6.519271,-4.945119,-3.526413,-2.252120,-1.126532,-0.159679,0.653395,1.318399,1.840756,2.224210,2.472108,2.588702,2.579224,2.447281,2.221528,1.943941,1.622793,1.265775,0.879477,0.473285,0.054497,-0.366813,-0.781509,-1.179486,-1.553674,-1.894943,-2.196886,-2.452503,-2.656814,-2.804847,-2.893664,-2.921994,-2.888225,-2.792681,-2.638168,-2.427991,-2.165944,-1.856846,-1.508675,-1.129135,-0.726143,-0.309746,0.109609,0.525255,0.928895,1.311651,1.665661,1.982332,2.254730,2.476977,2.644701,2.753473,2.801625,2.787568,2.711457,2.575618,2.382466,2.136858,1.843517,1.508839,1.140364,0.746798,0.336025,-0.083400,-0.503734,-0.915545,-1.309125,-1.675005,-2.005882,-2.294309,-2.533059,-2.717556,-2.844871,-2.911987,-2.916935,-2.859903,-2.743171,-2.568450,-2.339301,-2.061323,-1.739945,-1.382717,-0.996318,-0.590347,-0.172554,0.246467,0.660212,1.058025,1.432368,1.773892,2.076273,2.332255,2.536914,2.685276,2.774409,2.803048,2.769585,2.674353,2.520160,2.310317,2.048561,1.739694,1.391732,1.012293,0.609081,0.191689,-0.229955,-0.646552,-1.050356,-1.432957,-1.786712,-2.103112,-2.375087,-2.596992,-2.764393,-2.872857,-2.920710,-2.906360,-2.829953,-2.693812,-2.500346,-2.254463,-1.960899,-1.625990,-1.257307,-0.863640,-0.453087,-0.034657,0.383389,0.794248,1.187664,1.553699,1.884832,2.173696,2.412812,2.597656,2.725300,2.792732,2.797988,2.741263,2.624843,2.450442,2.221626,1.943941,1.622793,1.265775,0.879477,0.473285,0.054497,-0.366813,-0.781509,-1.179486,-1.553674,-1.894943,-2.196886,-2.452503,-2.656814,-2.804847,-2.893664,-2.921994,-2.888225,-2.792681,-2.638168,-2.427991,-2.165944,-1.856846,-1.508675,-1.129135,-0.726143,-0.309746,0.109609,0.525255,0.928895,1.311651,1.665661,1.982332,2.254730,2.476977,2.644701,2.753473,2.801625,2.787568,2.711457,2.575618,2.382466,2.136858,1.843517,1.508839,1.140364,0.746798,0.336025,-0.083400,-0.503734,-0.915545,-1.309125,-1.675005,-2.005882,-2.294309,-2.533059,-2.717556,-2.844871,-2.911987,-2.916935,-2.859903,-2.743171,-2.568450,-2.339301,-2.061323,-1.739945,-1.382717,-0.996318,-0.590347,-0.172554,0.246467,0.660212,1.058025,1.432368,1.772479,2.078349,2.375568,2.649817,2.897849,3.119222,3.316175,3.491441,3.650674,3.802952,3.959267,4.132559,4.298287,4.495965,4.763824,5.173418,5.878928,6.792170,4.851853,3.359534,2.109492,0.993518,-0.047086,-1.049415,-2.041410,-3.047169,-4.089334,
4.480815,3.060354,1.697488,0.365770,-0.960223,-2.305382,-3.694531,-5.153015,-6.707221,-8.384776,-10.215084,-8.290325,-6.546213,-4.968810,-3.545617,-2.267078,-1.137117,-0.165652,0.650352,1.317539,1.841784,2.226633,2.474606,2.590228,2.579965,2.446349,2.217419,1.936044,1.610077,1.248889,0.857169,0.446788,0.022536,-0.403470,-0.823164,-1.224416,-1.602687,-1.946389,-2.251067,-2.508161,-2.713826,-2.862124,-2.950216,-2.977980,-2.942637,-2.844331,-2.686747,-2.473442,-2.207744,-1.893525,-1.540566,-1.156226,-0.747623,-0.325559,0.097318,0.517097,0.924925,1.311208,1.668886,1.988318,2.262731,2.486057,2.654756,2.763101,2.810722,2.795099,2.716430,2.578034,2.381085,2.131806,1.834149,1.494761,1.121071,0.722907,0.307424,-0.116183,-0.541240,-0.957862,-1.355773,-1.724873,-2.058629,-2.349953,-2.589827,-2.774704,-2.902152,-2.968979,-2.972386,-2.912827,-2.793803,-2.615943,-2.382772,-2.100905,-1.774687,-1.413244,-1.021312,-0.610922,-0.187406,0.234971,0.653982,1.055307,1.433846,1.777852,2.082978,2.340443,2.546456,2.695081,2.783486,2.811556,2.776517,2.678519,2.521253,2.308284,2.042883,1.728915,1.376211,0.992082,0.583489,0.160689,-0.265818,-0.686279,-1.094035,-1.480050,-1.837423,-2.156565,-2.430557,-2.653540,-2.821917,-2.929957,-2.977284,-2.961370,-2.882409,-2.743714,-2.546452,-2.296896,-1.999010,-1.659371,-1.285425,-0.887050,-0.471557,-0.048688,0.372741,0.788681,1.186663,1.556032,1.890092,2.181864,2.422109,2.607334,2.735109,2.802249,2.805962,2.746707,2.627991,2.450450,2.217614,1.936044,1.610077,1.248889,0.857169,0.446788,0.022536,-0.403470,-0.823164,-1.224416,-1.602687,-1.946389,-2.251067,-2.508161,-2.713826,-2.862124,-2.950216,-2.977980,-2.942637,-2.844331,-2.686747,-2.473442,-2.207744,-1.893525,-1.540566,-1.156226,-0.747623,-0.325559,0.097318,0.517097,0.924925,1.311208,1.668886,1.988318,2.262731,2.486057,2.654756,2.763101,2.810722,2.795099,2.716430,2.578034,2.381085,2.131806,1.834149,1.494761,1.121071,0.722907,0.307424,-0.116183,-0.541240,-0.957862,-1.355773,-1.724873,-2.058629,-2.349953,-2.589827,-2.774704,-2.902152,-2.968979,-2.972386,-2.912827,-2.793803,-2.615943,-2.382772,-2.100905,-1.774687,-1.413244,-1.021312,-0.610922,-0.187406,0.234971,0.653982,1.055307,1.433964,1.778154,2.089850,2.392083,2.671776,2.924653,3.150273,3.351875,3.530834,3.692355,3.846022,4.002449,4.172961,4.329630,4.508295,4.734389,5.051949,5.570731,6.611314,4.763053,3.334306,2.110461,1.002838,-0.036485,-1.040094,-2.034170,-3.042108,-4.086240,
4.493048,3.074586,1.713723,0.383957,-0.940220,-2.283829,-3.671870,-5.129917,-6.684620,-8.363825,-10.196934,-8.291192,-6.535871,-4.929249,-3.476667,-2.173029,-1.018881,-0.022141,0.809539,1.488729,2.022737,2.414249,2.661480,2.769787,2.752594,2.605864,2.356933,2.054754,1.700335,1.314358,0.888266,0.451097,-0.009076,-0.465980,-0.920538,-1.346544,-1.756213,-2.120841,-2.449325,-2.722020,-2.942966,-3.099939,-3.190271,-3.220500,-3.180982,-3.071225,-2.899343,-2.669778,-2.384417,-2.041258,-1.660649,-1.247524,-0.804900,-0.346368,0.102101,0.552750,0.991513,1.404565,1.790265,2.132405,2.425969,2.662670,2.844365,2.956501,3.007315,2.988206,2.899474,2.750638,2.534417,2.266005,1.944057,1.577589,1.172436,0.745159,0.297851,-0.154908,-0.612543,-1.061949,-1.490758,-1.885077,-2.242247,-2.557511,-2.811379,-3.006375,-3.141594,-3.213045,-3.213662,-3.144753,-3.016786,-2.823831,-2.569435,-2.266597,-1.911891,-1.525562,-1.098991,-0.661045,-0.199238,0.246794,0.703113,1.129986,1.540201,1.905234,2.234203,2.507285,2.728584,2.885887,2.976534,3.007070,2.967857,2.858409,2.686848,2.457623,2.172574,1.829702,1.449445,1.036800,0.594951,0.138054,-0.321287,-0.770174,-1.208072,-1.620577,-2.005872,-2.347684,-2.640813,-2.877164,-3.058535,-3.170365,-3.220884,-3.201483,-3.112458,-2.963321,-2.746784,-2.478092,-2.155900,-1.789145,-1.383640,-0.955884,-0.507800,-0.053406,0.393357,0.844525,1.274200,1.669064,2.026640,2.342389,2.596644,2.791993,2.927542,2.999307,3.000231,2.931627,2.803970,2.611337,2.357280,2.054754,1.700335,1.314358,0.888266,0.451097,-0.009076,-0.465980,-0.920538,-1.346544,-1.756213,-2.120841,-2.449325,-2.722020,-2.942966,-3.099939,-3.190271,-3.220500,-3.180982,-3.071225,-2.899343,-2.669778,-2.384417,-2.041258,-1.660649,-1.247524,-0.804900,-0.346368,0.102101,0.552750,0.991513,1.404565,1.790265,2.132405,2.425969,2.662670,2.844365,2.956501,3.007315,2.988206,2.899474,2.750638,2.534417,2.266005,1.944057,1.577589,1.172436,0.745159,0.297851,-0.154908,-0.612543,-1.061949,-1.490758,-1.885077,-2.242247,-2.557511,-2.811379,-3.006375,-3.141594,-3.213045,-3.213662,-3.144753,-3.016786,-2.823831,-2.569435,-2.266597,-1.911891,-1.525562,-1.098991,-0.661045,-0.199238,0.246794,0.703113,1.129986,1.540484,1.907418,2.244563,2.563445,2.859326,3.121636,3.350096,3.554580,3.729559,3.879520,4.018287,4.156898,4.304028,4.422622,4.550221,4.685347,4.798789,4.799150,5.470672,4.362734,3.179942,2.044082,0.969420,-0.056913,-1.054839,-2.045857,-3.051643,-4.093924,
4.508727,3.092911,1.734733,0.407637,-0.913982,-2.255291,-3.641510,-5.098524,-6.653403,-8.334556,-10.172174,-8.305865,-6.550062,-4.936103,-3.474022,-2.160813,-0.996978,0.009424,0.848661,1.534077,2.073325,2.468794,2.717819,2.825987,2.807941,2.658584,2.404426,2.094954,1.731381,1.336293,0.899350,0.452179,-0.019516,-0.487301,-0.953023,-1.388335,-1.807837,-2.180256,-2.516300,-2.794685,-3.020483,-3.180430,-3.271907,-3.302547,-3.261522,-3.148159,-2.971474,-2.736188,-2.443784,-2.091392,-1.701244,-1.278037,-0.824101,-0.353917,0.104240,0.565219,1.014265,1.436703,1.831566,2.181479,2.481486,2.723015,2.908665,3.022527,3.074085,3.053784,2.961956,2.809119,2.586795,2.311585,1.981439,1.605707,1.190223,0.752769,0.294833,-0.168237,-0.636803,-1.097162,-1.536256,-1.939424,-2.304669,-2.627452,-2.886427,-3.085039,-3.222822,-3.295542,-3.295286,-3.223607,-3.092199,-2.894073,-2.632789,-2.322421,-1.958546,-1.563061,-1.125533,-0.677362,-0.203785,0.251791,0.719541,1.155951,1.576110,1.948980,2.285528,2.564307,2.790460,2.950740,3.042532,3.073479,3.032759,2.919707,2.743345,2.508401,2.216316,1.864228,1.474477,1.051854,0.598918,0.130617,-0.339750,-0.798701,-1.246649,-1.668430,-2.062842,-2.412410,-2.711973,-2.953150,-3.138475,-3.252029,-3.303291,-3.282698,-3.190576,-3.037438,-2.814797,-2.539303,-2.208906,-1.832871,-1.416991,-0.978952,-0.520016,-0.055063,0.401293,0.863680,1.303873,1.707698,2.073393,2.396680,2.656049,2.855017,2.993131,3.066166,3.066218,2.994844,2.863747,2.665944,2.405003,2.094954,1.731381,1.336293,0.899350,0.452179,-0.019516,-0.487301,-0.953023,-1.388335,-1.807837,-2.180256,-2.516300,-2.794685,-3.020483,-3.180430,-3.271907,-3.302547,-3.261522,-3.148159,-2.971474,-2.736188,-2.443784,-2.091392,-1.701244,-1.278037,-0.824101,-0.353917,0.104240,0.565219,1.014265,1.436703,1.831566,2.181479,2.481486,2.723015,2.908665,3.022527,3.074085,3.053784,2.961956,2.809119,2.586795,2.311585,1.981439,1.605707,1.190223,0.752769,0.294833,-0.168237,-0.636803,-1.097162,-1.536256,-1.939424,-2.304669,-2.627452,-2.886427,-3.085039,-3.222822,-3.295542,-3.295286,-3.223607,-3.092199,-2.894073,-2.632789,-2.322421,-1.958546,-1.563061,-1.125533,-0.677362,-0.203785,0.251791,0.719541,1.155951,1.576375,1.952939,2.299611,2.625480,2.927407,3.193782,3.424363,3.630107,3.804281,3.951166,4.085447,4.218349,4.357882,4.465278,4.577242,4.683736,4.731434,4.574499,5.150035,4.167899,3.081360,1.992845,0.939236,-0.077686,-1.070942,-2.059101,-3.062674,-4.102958,
4.527464,3.115306,1.761113,0.438321,-0.878725,-2.215308,-3.596861,-5.049625,-6.601235,-8.280936,-10.120233,-8.323272,-6.572317,-4.964111,-3.506181,-2.194911,-1.031877,-0.025764,0.815266,1.503394,2.045680,2.444624,2.698354,2.812169,2.799484,2.656287,2.408199,2.102839,1.744098,1.353179,0.921658,0.478676,0.012446,-0.450644,-0.911368,-1.343404,-1.758824,-2.128809,-2.462119,-2.739027,-2.963471,-3.123153,-3.215356,-3.246561,-3.207109,-3.096509,-2.922896,-2.690736,-2.401984,-2.054713,-1.669353,-1.250946,-0.802621,-0.338103,0.116531,0.573376,1.018235,1.437146,1.828341,2.175493,2.473485,2.713934,2.898610,3.012899,3.064988,3.046253,2.956982,2.806703,2.588176,2.316637,1.990807,1.619785,1.209516,0.776661,0.323435,-0.135454,-0.599297,-1.054845,-1.489608,-1.889557,-2.251922,-2.571808,-2.829659,-3.027891,-3.165542,-3.238550,-3.239834,-3.170682,-3.041567,-2.846580,-2.589317,-2.282840,-1.923803,-1.532535,-1.100539,-0.656787,-0.188933,0.263287,0.725771,1.158669,1.574631,1.945020,2.278823,2.556119,2.780918,2.940934,3.033454,3.064970,3.025828,2.915541,2.742251,2.510434,2.221995,1.875008,1.489998,1.072065,0.624510,0.161616,-0.303887,-0.758974,-1.202970,-1.621338,-2.012130,-2.358956,-2.656504,-2.896602,-3.080951,-3.194929,-3.246718,-3.227688,-3.138120,-2.987536,-2.768690,-2.496869,-2.170796,-1.799490,-1.388872,-0.955542,-0.501545,-0.041033,0.411940,0.869248,1.304873,1.705365,2.068133,2.388512,2.646751,2.845339,2.983322,3.056649,3.058244,2.989401,2.860599,2.665936,2.409015,2.102850,1.744098,1.353179,0.921658,0.478676,0.012446,-0.450644,-0.911368,-1.343404,-1.758824,-2.128809,-2.462119,-2.739027,-2.963471,-3.123153,-3.215356,-3.246561,-3.207109,-3.096509,-2.922896,-2.690736,-2.401984,-2.054713,-1.669353,-1.250946,-0.802621,-0.338103,0.116531,0.573376,1.018235,1.437146,1.828341,2.175493,2.473485,2.713934,2.898610,3.012899,3.064988,3.046253,2.956982,2.806703,2.588176,2.316637,1.990807,1.619785,1.209516,0.776661,0.323435,-0.135454,-0.599297,-1.054845,-1.489608,-1.889557,-2.251922,-2.571808,-2.829659,-3.027891,-3.165542,-3.238550,-3.239834,-3.170682,-3.041567,-2.846580,-2.589317,-2.282840,-1.923803,-1.532535,-1.100539,-0.656787,-0.188933,0.263287,0.725771,1.158669,1.574336,1.948095,2.292038,2.614875,2.913340,3.176862,3.405184,3.608237,3.780611,3.926984,4.061485,4.195698,4.339382,4.457726,4.592885,4.752438,4.922604,5.028098,5.180608,4.185147,3.067183,1.964854,0.907850,-0.107870,-1.097990,-2.082230,-3.081651,-4.117866,
4.548400,3.140157,1.790099,0.471640,-0.840940,-2.173057,-3.550380,-4.999548,-6.548829,-8.228407,-10.070932,-8.389146,-6.653939,-5.075343,-3.644164,-2.353421,-1.208882,-0.221783,0.610044,1.292639,1.831509,2.229957,2.490396,2.617309,2.617179,2.492597,2.268166,1.984085,1.653840,1.287709,0.890561,0.474368,0.044058,-0.388134,-0.813994,-1.221276,-1.605297,-1.954357,-2.263861,-2.525168,-2.734331,-2.885339,-2.975300,-3.004041,-2.968764,-2.869615,-2.710299,-2.494401,-2.225311,-1.906980,-1.549271,-1.159647,-0.745344,-0.317294,0.111748,0.537724,0.951647,1.343789,1.706962,2.031407,2.310247,2.537322,2.709002,2.819499,2.868394,2.853146,2.773939,2.634100,2.434844,2.182438,1.880898,1.536957,1.158151,0.754409,0.333007,-0.096729,-0.527994,-0.950759,-1.354623,-1.729353,-2.068305,-2.364250,-2.608107,-2.796220,-2.926099,-2.994484,-2.998559,-2.938757,-2.818584,-2.638692,-2.402655,-2.117147,-1.786599,-1.420216,-1.022860,-0.606664,-0.177101,0.251464,0.676639,1.083990,1.468277,1.817638,2.127597,2.389277,2.598790,2.750128,2.840407,2.869457,2.834488,2.735651,2.576657,2.361095,2.092304,1.774221,1.416764,1.027348,0.613048,0.184251,-0.248418,-0.675079,-1.088933,-1.480810,-1.843681,-2.167837,-2.446248,-2.672978,-2.844333,-2.954521,-3.003118,-2.987575,-2.908071,-2.767929,-2.568358,-2.315674,-2.013905,-1.669716,-1.290658,-0.886708,-0.465303,-0.036314,0.391325,0.813404,1.217336,1.592332,1.931585,2.227987,2.472216,2.660679,2.790889,2.859591,2.863975,2.804481,2.684620,2.505049,2.269348,1.984140,1.653840,1.287709,0.890561,0.474368,0.044058,-0.388134,-0.813994,-1.221276,-1.605297,-1.954357,-2.263861,-2.525168,-2.734331,-2.885339,-2.975300,-3.004041,-2.968764,-2.869615,-2.710299,-2.494401,-2.225311,-1.906980,-1.549271,-1.159647,-0.745344,-0.317294,0.111748,0.537724,0.951647,1.343789,1.706962,2.031407,2.310247,2.537322,2.709002,2.819499,2.868394,2.853146,2.773939,2.634100,2.434844,2.182438,1.880898,1.536957,1.158151,0.754409,0.333007,-0.096729,-0.527994,-0.950759,-1.354623,-1.729353,-2.068305,-2.364250,-2.608107,-2.796220,-2.926099,-2.994484,-2.998559,-2.938757,-2.818584,-2.638692,-2.402655,-2.117147,-1.786599,-1.420216,-1.022860,-0.606664,-0.177101,0.251464,0.676639,1.083965,1.467002,1.819496,2.140638,2.448846,2.733192,2.989405,3.217076,3.419497,3.598151,3.758408,3.910126,4.064476,4.234042,4.393853,4.586665,4.853931,5.276098,6.045592,6.065099,4.480537,3.167282,1.995287,0.912902,-0.111729,-1.104515,-2.089076,-3.087981,-4.123414,
4.572391,3.168862,1.823890,0.510910,-0.795807,-2.121748,-3.492755,-4.935815,-6.479833,-8.156158,-9.999825,-8.469868,-6.738737,-5.164715,-3.737018,-2.448167,-1.304889,-0.318821,0.513984,1.198632,1.740211,2.142313,2.408250,2.542315,2.549828,2.434496,2.219830,1.943795,1.622793,1.265775,0.879477,0.473285,0.054497,-0.366813,-0.781509,-1.179486,-1.553674,-1.894943,-2.196886,-2.452503,-2.656814,-2.804847,-2.893664,-2.921994,-2.888225,-2.792681,-2.638168,-2.427991,-2.165944,-1.856846,-1.508675,-1.129135,-0.726143,-0.309746,0.109609,0.525255,0.928895,1.311651,1.665661,1.982332,2.254730,2.476977,2.644701,2.753473,2.801625,2.787568,2.711457,2.575618,2.382466,2.136858,1.843517,1.508839,1.140364,0.746798,0.336025,-0.083400,-0.503734,-0.915545,-1.309125,-1.675005,-2.005882,-2.294309,-2.533059,-2.717556,-2.844871,-2.911987,-2.916935,-2.859903,-2.743171,-2.568450,-2.339301,-2.061323,-1.739945,-1.382717,-0.996318,-0.590347,-0.172554,0.246467,0.660212,1.058025,1.432368,1.773892,2.076273,2.332255,2.536914,2.685276,2.774409,2.803048,2.769585,2.674353,2.520160,2.310317,2.048561,1.739694,1.391732,1.012293,0.609081,0.191689,-0.229955,-0.646552,-1.050356,-1.432957,-1.786712,-2.103112,-2.375087,-2.596992,-2.764393,-2.872857,-2.920710,-2.906360,-2.829953,-2.693812,-2.500346,-2.254463,-1.960899,-1.625990,-1.257307,-0.863640,-0.453087,-0.034657,0.383389,0.794248,1.187664,1.553699,1.884832,2.173696,2.412812,2.597656,2.725300,2.792732,2.797988,2.741263,2.624843,2.450442,2.221626,1.943941,1.622793,1.265775,0.879477,0.473285,0.054497,-0.366813,-0.781509,-1.179486,-1.553674,-1.894943,-2.196886,-2.452503,-2.656814,-2.804847,-2.893664,-2.921994,-2.888225,-2.792681,-2.638168,-2.427991,-2.165944,-1.856846,-1.508675,-1.129135,-0.726143,-0.309746,0.109609,0.525255,0.928895,1.311651,1.665661,1.982332,2.254730,2.476977,2.644701,2.753473,2.801625,2.787568,2.711457,2.575618,2.382466,2.136858,1.843517,1.508839,1.140364,0.746798,0.336025,-0.083400,-0.503734,-0.915545,-1.309125,-1.675005,-2.005882,-2.294309,-2.533059,-2.717556,-2.844871,-2.911987,-2.916935,-2.859903,-2.743171,-2.568450,-2.339301,-2.061323,-1.739945,-1.382717,-0.996318,-0.590347,-0.172554,0.246467,0.660212,1.058002,1.430842,1.775428,2.090146,2.393903,2.674796,2.929610,3.157914,3.361927,3.544326,3.710660,3.869866,4.032827,4.212640,4.385865,4.595941,4.892820,5.380092,6.293026,6.356948,4.634609,3.226401,2.009620,0.909024,-0.121840,-1.115845,-2.099672,-3.097182,-4.131079,
4.599365,3.201045,1.861626,0.554588,-0.745767,-2.064928,-3.428809,-4.864601,-6.401633,-8.071966,-9.911238,-8.593331,-6.851749,-5.262712,-3.819609,-2.516842,-1.360816,-0.362929,0.479026,1.171268,1.719500,2.127254,2.397130,2.533792,2.543881,2.430117,2.214835,1.935742,1.610077,1.248889,0.857169,0.446788,0.022536,-0.403470,-0.823164,-1.224416,-1.602687,-1.946389,-2.251067,-2.508161,-2.713826,-2.862124,-2.950216,-2.977980,-2.942637,-2.844331,-2.686747,-2.473442,-2.207744,-1.893525,-1.540566,-1.156226,-0.747623,-0.325559,0.097318,0.517097,0.924925,1.311208,1.668886,1.988318,2.262731,2.486057,2.654756,2.763101,2.810722,2.795099,2.716430,2.578034,2.381085,2.131806,1.834149,1.494761,1.121071,0.722907,0.307424,-0.116183,-0.541240,-0.957862,-1.355773,-1.724873,-2.058629,-2.349953,-2.589827,-2.774704,-2.902152,-2.968979,-2.972386,-2.912827,-2.793803,-2.615943,-2.382772,-2.100905,-1.774687,-1.413244,-1.021312,-0.610922,-0.187406,0.234971,0.653982,1.055307,1.433846,1.777852,2.082978,2.340443,2.546456,2.695081,2.783486,2.811556,2.776517,2.678519,2.521253,2.308284,2.042883,1.728915,1.376211,0.992082,0.583489,0.160689,-0.265818,-0.686279,-1.094035,-1.480050,-1.837423,-2.156565,-2.430557,-2.653540,-2.821917,-2.929957,-2.977284,-2.961370,-2.882409,-2.743714,-2.546452,-2.296896,-1.999010,-1.659371,-1.285425,-0.887050,-0.471557,-0.048688,0.372741,0.788681,1.186663,1.556032,1.890092,2.181864,2.422109,2.607334,2.735109,2.802249,2.805962,2.746707,2.627991,2.450450,2.217614,1.936044,1.610077,1.248889,0.857169,0.446788,0.022536,-0.403470,-0.823164,-1.224416,-1.602687,-1.946389,-2.251067,-2.508161,-2.713826,-2.862124,-2.950216,-2.977980,-2.942637,-2.844331,-2.686747,-2.473442,-2.207744,-1.893525,-1.540566,-1.156226,-0.747623,-0.325559,0.097318,0.517097,0.924925,1.311208,1.668886,1.988318,2.262731,2.486057,2.654756,2.763101,2.810722,2.795099,2.716430,2.578034,2.381085,2.131806,1.834149,1.494761,1.121071,0.722907,0.307424,-0.116183,-0.541240,-0.957862,-1.355773,-1.724873,-2.058629,-2.349953,-2.589827,-2.774704,-2.902152,-2.968979,-2.972386,-2.912827,-2.793803,-2.615943,-2.382772,-2.100905,-1.774687,-1.413244,-1.021312,-0.610922,-0.187406,0.234971,0.653982,1.055318,1.434319,1.784003,2.105580,2.415838,2.703700,2.964926,3.199113,3.409510,3.597463,3.768089,3.930790,4.095877,4.274207,4.437241,4.620321,4.849701,5.176113,5.739645,6.420688,4.625334,3.212177,1.996740,0.897475,-0.132253,-1.125252,-2.108199,-3.104918,-4.138027,
4.630531,3.238806,1.906730,0.607938,-0.683095,-1.991674,-3.343557,-4.765864,-6.288088,-7.942953,-9.767811,-8.720376,-6.948172,-5.311940,-3.824121,-2.483598,-1.293020,-0.261325,0.603420,1.313697,1.876901,2.295905,2.569159,2.702287,2.708991,2.585517,2.353026,2.054209,1.700335,1.314358,0.888266,0.451097,-0.009076,-0.465980,-0.920538,-1.346544,-1.756213,-2.120841,-2.449325,-2.722020,-2.942966,-3.099939,-3.190271,-3.220500,-3.180982,-3.071225,-2.899343,-2.669778,-2.384417,-2.041258,-1.660649,-1.247524,-0.804900,-0.346368,0.102101,0.552750,0.991513,1.404565,1.790265,2.132405,2.425969,2.662670,2.844365,2.956501,3.007315,2.988206,2.899474,2.750638,2.534417,2.266005,1.944057,1.577589,1.172436,0.745159,0.297851,-0.154908,-0.612543,-1.061949,-1.490758,-1.885077,-2.242247,-2.557511,-2.811379,-3.006375,-3.141594,-3.213045,-3.213662,-3.144753,-3.016786,-2.823831,-2.569435,-2.266597,-1.911891,-1.525562,-1.098991,-0.661045,-0.199238,0.246794,0.703113,1.129986,1.540201,1.905234,2.234203,2.507285,2.728584,2.885887,2.976534,3.007070,2.967857,2.858409,2.686848,2.457623,2.172574,1.829702,1.449445,1.036800,0.594951,0.138054,-0.321287,-0.770174,-1.208072,-1.620577,-2.005872,-2.347684,-2.640813,-2.877164,-3.058535,-3.170365,-3.220884,-3.201483,-3.112458,-2.963321,-2.746784,-2.478092,-2.155900,-1.789145,-1.383640,-0.955884,-0.507800,-0.053406,0.393357,0.844525,1.274200,1.669064,2.026640,2.342389,2.596644,2.791993,2.927542,2.999307,3.000231,2.931627,2.803970,2.611337,2.357280,2.054754,1.700335,1.314358,0.888266,0.451097,-0.009076,-0.465980,-0.920538,-1.346544,-1.756213,-2.120841,-2.449325,-2.722020,-2.942966,-3.099939,-3.190271,-3.220500,-3.180982,-3.071225,-2.899343,-2.669778,-2.384417,-2.041258,-1.660649,-1.247524,-0.804900,-0.346368,0.102101,0.552750,0.991513,1.404565,1.790265,2.132405,2.425969,2.662670,2.844365,2.956501,3.007315,2.988206,2.899474,2.750638,2.534417,2.266005,1.944057,1.577589,1.172436,0.745159,0.297851,-0.154908,-0.612543,-1.061949,-1.490758,-1.885077,-2.242247,-2.557511,-2.811379,-3.006375,-3.141594,-3.213045,-3.213662,-3.144753,-3.016786,-2.823831,-2.569435,-2.266597,-1.911891,-1.525562,-1.098991,-0.661045,-0.199238,0.246794,0.703113,1.130052,1.542685,1.916084,2.265435,2.594313,2.900344,3.173028,3.412147,3.627621,3.813922,3.975473,4.125902,4.275764,4.432610,4.556779,4.679697,4.785307,4.808265,4.559237,5.690703,4.338435,3.072301,1.912594,0.837835,-0.178837,-1.163248,-2.139510,-3.130479,-4.158402,
4.664101,3.279742,1.955964,0.666641,-0.613464,-1.909297,-3.246185,-4.650788,-6.152240,-7.783342,-9.582457,-8.896473,-7.091199,-5.421503,-3.903774,-2.537854,-1.325226,-0.274052,0.606203,1.329287,1.903296,2.331061,2.610347,2.747161,2.756551,2.633822,2.398929,2.094178,1.731357,1.336293,0.899350,0.452179,-0.019516,-0.487301,-0.953023,-1.388335,-1.807837,-2.180256,-2.516300,-2.794685,-3.020483,-3.180430,-3.271907,-3.302547,-3.261522,-3.148159,-2.971474,-2.736188,-2.443784,-2.091392,-1.701244,-1.278037,-0.824101,-0.353917,0.104240,0.565219,1.014265,1.436703,1.831566,2.181479,2.481486,2.723015,2.908665,3.022527,3.074085,3.053784,2.961956,2.809119,2.586795,2.311585,1.981439,1.605707,1.190223,0.752769,0.294833,-0.168237,-0.636803,-1.097162,-1.536256,-1.939424,-2.304669,-2.627452,-2.886427,-3.085039,-3.222822,-3.295542,-3.295286,-3.223607,-3.092199,-2.894073,-2.632789,-2.322421,-1.958546,-1.563061,-1.125533,-0.677362,-0.203785,0.251791,0.719541,1.155951,1.576110,1.948980,2.285528,2.564307,2.790460,2.950740,3.042532,3.073479,3.032759,2.919707,2.743345,2.508401,2.216316,1.864228,1.474477,1.051854,0.598918,0.130617,-0.339750,-0.798701,-1.246649,-1.668430,-2.062842,-2.412410,-2.711973,-2.953150,-3.138475,-3.252029,-3.303291,-3.282698,-3.190576,-3.037438,-2.814797,-2.539303,-2.208906,-1.832871,-1.416991,-0.978952,-0.520016,-0.055063,0.401293,0.863680,1.303873,1.707698,2.073393,2.396680,2.656049,2.855017,2.993131,3.066166,3.066218,2.994844,2.863747,2.665944,2.405003,2.094954,1.731381,1.336293,0.899350,0.452179,-0.019516,-0.487301,-0.953023,-1.388335,-1.807837,-2.180256,-2.516300,-2.794685,-3.020483,-3.180430,-3.271907,-3.302547,-3.261522,-3.148159,-2.971474,-2.736188,-2.443784,-2.091392,-1.701244,-1.278037,-0.824101,-0.353917,0.104240,0.565219,1.014265,1.436703,1.831566,2.181479,2.481486,2.723015,2.908665,3.022527,3.074085,3.053784,2.961956,2.809119,2.586795,2.311585,1.981439,1.605707,1.190223,0.752769,0.294833,-0.168237,-0.636803,-1.097162,-1.536256,-1.939424,-2.304669,-2.627452,-2.886427,-3.085039,-3.222822,-3.295542,-3.295286,-3.223607,-3.092199,-2.894073,-2.632789,-2.322421,-1.958546,-1.563061,-1.125533,-0.677362,-0.203785,0.251791,0.719541,1.156153,1.580645,1.964672,2.325797,2.663653,2.977736,3.256549,3.499952,3.718992,3.907005,4.068302,4.217503,4.365526,4.519430,4.637808,4.750457,4.830107,4.783769,4.390087,5.291651,4.094772,2.926179,1.817056,0.769033,-0.231962,-1.205843,-2.174104,-3.158438,-4.180555,
4.700617,3.324774,2.010802,0.732914,-0.533694,-1.813397,-3.130750,-4.511398,-5.983253,-7.578124,-9.335330,-9.105976,-7.260401,-5.562677,-4.024574,-2.642623,-1.417281,-0.355909,0.534526,1.267214,1.850064,2.286304,2.574695,2.721118,2.739526,2.626421,2.400562,2.101674,1.744005,1.353179,0.921658,0.478676,0.012446,-0.450644,-0.911368,-1.343404,-1.758824,-2.128809,-2.462119,-2.739027,-2.963471,-3.123153,-3.215356,-3.246561,-3.207109,-3.096509,-2.922896,-2.690736,-2.401984,-2.054713,-1.669353,-1.250946,-0.802621,-0.338103,0.116531,0.573376,1.018235,1.437146,1.828341,2.175493,2.473485,2.713934,2.898610,3.012899,3.064988,3.046253,2.956982,2.806703,2.588176,2.316637,1.990807,1.619785,1.209516,0.776661,0.323435,-0.135454,-0.599297,-1.054845,-1.489608,-1.889557,-2.251922,-2.571808,-2.829659,-3.027891,-3.165542,-3.238550,-3.239834,-3.170682,-3.041567,-2.846580,-2.589317,-2.282840,-1.923803,-1.532535,-1.100539,-0.656787,-0.188933,0.263287,0.725771,1.158669,1.574631,1.945020,2.278823,2.556119,2.780918,2.940934,3.033454,3.064970,3.025828,2.915541,2.742251,2.510434,2.221995,1.875008,1.489998,1.072065,0.624510,0.161616,-0.303887,-0.758974,-1.202970,-1.621338,-2.012130,-2.358956,-2.656504,-2.896602,-3.080951,-3.194929,-3.246718,-3.227688,-3.138120,-2.987536,-2.768690,-2.496869,-2.170796,-1.799490,-1.388872,-0.955542,-0.501545,-0.041033,0.411940,0.869248,1.304873,1.705365,2.068133,2.388512,2.646751,2.845339,2.983322,3.056649,3.058244,2.989401,2.860599,2.665936,2.409015,2.102850,1.744098,1.353179,0.921658,0.478676,0.012446,-0.450644,-0.911368,-1.343404,-1.758824,-2.128809,-2.462119,-2.739027,-2.963471,-3.123153,-3.215356,-3.246561,-3.207109,-3.096509,-2.922896,-2.690736,-2.401984,-2.054713,-1.669353,-1.250946,-0.802621,-0.338103,0.116531,0.573376,1.018235,1.437146,1.828341,2.175493,2.473485,2.713934,2.898610,3.012899,3.064988,3.046253,2.956982,2.806703,2.588176,2.316637,1.990807,1.619785,1.209516,0.776661,0.323435,-0.135454,-0.599297,-1.054845,-1.489608,-1.889557,-2.251922,-2.571808,-2.829659,-3.027891,-3.165542,-3.238550,-3.239834,-3.170682,-3.041567,-2.846580,-2.589317,-2.282840,-1.923803,-1.532535,-1.100539,-0.656787,-0.188933,0.263287,0.725771,1.157731,1.577620,1.959201,2.318632,2.654594,2.966462,3.243860,3.486714,3.705138,3.893914,4.057927,4.211549,4.366633,4.533167,4.676174,4.835948,5.011894,5.159725,5.092409,5.017463,3.931457,2.803426,1.719357,0.690046,-0.296126,-1.257844,-2.215858,-3.191415,-4.205966,
4.739368,3.372351,2.068377,0.801989,-0.451160,-1.714789,-3.012455,-4.368212,-5.807433,-7.358140,-9.055626,-9.389992,-7.498611,-5.790593,-4.252929,-2.873240,-1.652971,-0.600250,0.289311,1.023373,1.608680,2.049528,2.349160,2.512785,2.547549,2.456667,2.257661,1.982226,1.653602,1.287709,0.890561,0.474368,0.044058,-0.388134,-0.813994,-1.221276,-1.605297,-1.954357,-2.263861,-2.525168,-2.734331,-2.885339,-2.975300,-3.004041,-2.968764,-2.869615,-2.710299,-2.494401,-2.225311,-1.906980,-1.549271,-1.159647,-0.745344,-0.317294,0.111748,0.537724,0.951647,1.343789,1.706962,2.031407,2.310247,2.537322,2.709002,2.819499,2.868394,2.853146,2.773939,2.634100,2.434844,2.182438,1.880898,1.536957,1.158151,0.754409,0.333007,-0.096729,-0.527994,-0.950759,-1.354623,-1.729353,-2.068305,-2.364250,-2.608107,-2.796220,-2.926099,-2.994484,-2.998559,-2.938757,-2.818584,-2.638692,-2.402655,-2.117147,-1.786599,-1.420216,-1.022860,-0.606664,-0.177101,0.251464,0.676639,1.083990,1.468277,1.817638,2.127597,2.389277,2.598790,2.750128,2.840407,2.869457,2.834488,2.735651,2.576657,2.361095,2.092304,1.774221,1.416764,1.027348,0.613048,0.184251,-0.248418,-0.675079,-1.088933,-1.480810,-1.843681,-2.167837,-2.446248,-2.672978,-2.844333,-2.954521,-3.003118,-2.987575,-2.908071,-2.767929,-2.568358,-2.315674,-2.013905,-1.669716,-1.290658,-0.886708,-0.465303,-0.036314,0.391325,0.813404,1.217336,1.592332,1.931585,2.227987,2.472216,2.660679,2.790889,2.859591,2.863975,2.804481,2.684620,2.505049,2.269348,1.984140,1.653840,1.287709,0.890561,0.474368,0.044058,-0.388134,-0.813994,-1.221276,-1.605297,-1.954357,-2.263861,-2.525168,-2.734331,-2.885339,-2.975300,-3.004041,-2.968764,-2.869615,-2.710299,-2.494401,-2.225311,-1.906980,-1.549271,-1.159647,-0.745344,-0.317294,0.111748,0.537724,0.951647,1.343789,1.706962,2.031407,2.310247,2.537322,2.709002,2.819499,2.868394,2.853146,2.773939,2.634100,2.434844,2.182438,1.880898,1.536957,1.158151,0.754409,0.333007,-0.096729,-0.527994,-0.950759,-1.354623,-1.729353,-2.068305,-2.364250,-2.608107,-2.796220,-2.926099,-2.994484,-2.998559,-2.938757,-2.818584,-2.638692,-2.402655,-2.117147,-1.786599,-1.420216,-1.022860,-0.606664,-0.177101,0.251464,0.676639,1.082377,1.470400,1.831242,2.168254,2.490656,2.789591,3.061052,3.304890,3.524672,3.722190,3.903203,4.078131,4.259079,4.460401,4.660754,4.910626,5.268144,5.850456,6.534563,5.329287,3.959324,2.760417,1.665190,0.641065,-0.336534,-1.290072,-2.241202,-3.211190,-4.221262,
4.781003,3.423544,2.130348,0.876290,-0.362528,-1.609171,-2.886153,-4.215690,-5.619536,-7.118055,-8.730317,-9.694168,-7.731129,-5.988943,-4.431718,-3.038238,-1.807468,-0.746387,0.151946,0.894706,1.488504,1.938123,2.247859,2.422858,2.469205,2.391326,2.205549,1.940796,1.622310,1.265775,0.879477,0.473285,0.054497,-0.366813,-0.781509,-1.179486,-1.553674,-1.894943,-2.196886,-2.452503,-2.656814,-2.804847,-2.893664,-2.921994,-2.888225,-2.792681,-2.638168,-2.427991,-2.165944,-1.856846,-1.508675,-1.129135,-0.726143,-0.309746,0.109609,0.525255,0.928895,1.311651,1.665661,1.982332,2.254730,2.476977,2.644701,2.753473,2.801625,2.787568,2.711457,2.575618,2.382466,2.136858,1.843517,1.508839,1.140364,0.746798,0.336025,-0.083400,-0.503734,-0.915545,-1.309125,-1.675005,-2.005882,-2.294309,-2.533059,-2.717556,-2.844871,-2.911987,-2.916935,-2.859903,-2.743171,-2.568450,-2.339301,-2.061323,-1.739945,-1.382717,-0.996318,-0.590347,-0.172554,0.246467,0.660212,1.058025,1.432368,1.773892,2.076273,2.332255,2.536914,2.685276,2.774409,2.803048,2.769585,2.674353,2.520160,2.310317,2.048561,1.739694,1.391732,1.012293,0.609081,0.191689,-0.229955,-0.646552,-1.050356,-1.432957,-1.786712,-2.103112,-2.375087,-2.596992,-2.764393,-2.872857,-2.920710,-2.906360,-2.829953,-2.693812,-2.500346,-2.254463,-1.960899,-1.625990,-1.257307,-0.863640,-0.453087,-0.034657,0.383389,0.794248,1.187664,1.553699,1.884832,2.173696,2.412812,2.597656,2.725300,2.792732,2.797988,2.741263,2.624843,2.450442,2.221626,1.943941,1.622793,1.265775,0.879477,0.473285,0.054497,-0.366813,-0.781509,-1.179486,-1.553674,-1.894943,-2.196886,-2.452503,-2.656814,-2.804847,-2.893664,-2.921994,-2.888225,-2.792681,-2.638168,-2.427991,-2.165944,-1.856846,-1.508675,-1.129135,-0.726143,-0.309746,0.109609,0.525255,0.928895,1.311651,1.665661,1.982332,2.254730,2.476977,2.644701,2.753473,2.801625,2.787568,2.711457,2.575618,2.382466,2.136858,1.843517,1.508839,1.140364,0.746798,0.336025,-0.083400,-0.503734,-0.915545,-1.309125,-1.675005,-2.005882,-2.294309,-2.533059,-2.717556,-2.844871,-2.911987,-2.916935,-2.859903,-2.743171,-2.568450,-2.339301,-2.061323,-1.739945,-1.382717,-0.996318,-0.590347,-0.172554,0.246467,0.660145,1.056542,1.434696,1.788352,2.119617,2.438753,2.735538,3.007076,3.253263,3.476662,3.680341,3.870331,4.056256,4.250155,4.467454,4.689972,4.973798,5.399710,6.144433,6.995176,5.388377,3.934619,2.704644,1.605600,0.587762,-0.381017,-1.326017,-2.269733,-3.233531,-4.238487,
4.823759,3.475935,2.193411,0.951326,-0.273878,-1.504813,-2.763330,-4.070491,-5.445538,-6.901694,-8.432475,-9.960277,-7.949983,-6.175345,-4.590416,-3.172661,-1.920005,-0.838995,0.075678,0.832407,1.438526,1.898873,2.217134,2.398924,2.451745,2.379123,2.196235,1.931321,1.609356,1.248857,0.857169,0.446788,0.022536,-0.403470,-0.823164,-1.224416,-1.602687,-1.946389,-2.251067,-2.508161,-2.713826,-2.862124,-2.950216,-2.977980,-2.942637,-2.844331,-2.686747,-2.473442,-2.207744,-1.893525,-1.540566,-1.156226,-0.747623,-0.325559,0.097318,0.517097,0.924925,1.311208,1.668886,1.988318,2.262731,2.486057,2.654756,2.763101,2.810722,2.795099,2.716430,2.578034,2.381085,2.131806,1.834149,1.494761,1.121071,0.722907,0.307424,-0.116183,-0.541240,-0.957862,-1.355773,-1.724873,-2.058629,-2.349953,-2.589827,-2.774704,-2.902152,-2.968979,-2.972386,-2.912827,-2.793803,-2.615943,-2.382772,-2.100905,-1.774687,-1.413244,-1.021312,-0.610922,-0.187406,0.234971,0.653982,1.055307,1.433846,1.777852,2.082978,2.340443,2.546456,2.695081,2.783486,2.811556,2.776517,2.678519,2.521253,2.308284,2.042883,1.728915,1.376211,0.992082,0.583489,0.160689,-0.265818,-0.686279,-1.094035,-1.480050,-1.837423,-2.156565,-2.430557,-2.653540,-2.821917,-2.929957,-2.977284,-2.961370,-2.882409,-2.743714,-2.546452,-2.296896,-1.999010,-1.659371,-1.285425,-0.887050,-0.471557,-0.048688,0.372741,0.788681,1.186663,1.556032,1.890092,2.181864,2.422109,2.607334,2.735109,2.802249,2.805962,2.746707,2.627991,2.450450,2.217614,1.936044,1.610077,1.248889,0.857169,0.446788,0.022536,-0.403470,-0.823164,-1.224416,-1.602687,-1.946389,-2.251067,-2.508161,-2.713826,-2.862124,-2.950216,-2.977980,-2.942637,-2.844331,-2.686747,-2.473442,-2.207744,-1.893525,-1.540566,-1.156226,-0.747623,-0.325559,0.097318,0.517097,0.924925,1.311208,1.668886,1.988318,2.262731,2.486057,2.654756,2.763101,2.810722,2.795099,2.716430,2.578034,2.381085,2.131806,1.834149,1.494761,1.121071,0.722907,0.307424,-0.116183,-0.541240,-0.957862,-1.355773,-1.724873,-2.058629,-2.349953,-2.589827,-2.774704,-2.902152,-2.968979,-2.972386,-2.912827,-2.793803,-2.615943,-2.382772,-2.100905,-1.774687,-1.413244,-1.021312,-0.610922,-0.187406,0.234971,0.654719,1.056910,1.442170,1.802400,2.142148,2.469634,2.775261,3.055131,3.309192,3.541069,3.752513,3.949100,4.140779,4.338585,4.554568,4.762794,5.005703,5.331116,5.858887,6.963542,5.208674,3.818621,2.620976,1.540905,0.536268,-0.422436,-1.359468,-2.296762,-3.255260,-4.255693,
4.868587,3.531308,2.260576,1.031790,-0.178341,-1.392187,-2.631496,-3.917681,-5.271792,-6.713949,-8.264509,-9.958112,-8.092969,-6.288953,-4.660735,-3.200729,-1.907052,-0.785388,0.158656,0.939499,1.566117,2.042713,2.368889,2.551292,2.604568,2.525854,2.329295,2.047825,1.699156,1.314223,0.888266,0.451097,-0.009076,-0.465980,-0.920538,-1.346544,-1.756213,-2.120841,-2.449325,-2.722020,-2.942966,-3.099939,-3.190271,-3.220500,-3.180982,-3.071225,-2.899343,-2.669778,-2.384417,-2.041258,-1.660649,-1.247524,-0.804900,-0.346368,0.102101,0.552750,0.991513,1.404565,1.790265,2.132405,2.425969,2.662670,2.844365,2.956501,3.007315,2.988206,2.899474,2.750638,2.534417,2.266005,1.944057,1.577589,1.172436,0.745159,0.297851,-0.154908,-0.612543,-1.061949,-1.490758,-1.885077,-2.242247,-2.557511,-2.811379,-3.006375,-3.141594,-3.213045,-3.213662,-3.144753,-3.016786,-2.823831,-2.569435,-2.266597,-1.911891,-1.525562,-1.098991,-0.661045,-0.199238,0.246794,0.703113,1.129986,1.540201,1.905234,2.234203,2.507285,2.728584,2.885887,2.976534,3.007070,2.967857,2.858409,2.686848,2.457623,2.172574,1.829702,1.449445,1.036800,0.594951,0.138054,-0.321287,-0.770174,-1.208072,-1.620577,-2.005872,-2.347684,-2.640813,-2.877164,-3.058535,-3.170365,-3.220884,-3.201483,-3.112458,-2.963321,-2.746784,-2.478092,-2.155900,-1.789145,-1.383640,-0.955884,-0.507800,-0.053406,0.393357,0.844525,1.274200,1.669064,2.026640,2.342389,2.596644,2.791993,2.927542,2.999307,3.000231,2.931627,2.803970,2.611337,2.357280,2.054754,1.700335,1.314358,0.888266,0.451097,-0.009076,-0.465980,-0.920538,-1.346544,-1.756213,-2.120841,-2.449325,-2.722020,-2.942966,-3.099939,-3.190271,-3.220500,-3.180982,-3.071225,-2.899343,-2.669778,-2.384417,-2.041258,-1.660649,-1.247524,-0.804900,-0.346368,0.102101,0.552750,0.991513,1.404565,1.790265,2.132405,2.425969,2.662670,2.844365,2.956501,3.007315,2.988206,2.899474,2.750638,2.534417,2.266005,1.944057,1.577589,1.172436,0.745159,0.297851,-0.154908,-0.612543,-1.061949,-1.490758,-1.885077,-2.242247,-2.557511,-2.811379,-3.006375,-3.141594,-3.213045,-3.213662,-3.144753,-3.016786,-2.823831,-2.569435,-2.266597,-1.911891,-1.525562,-1.098991,-0.661045,-0.199238,0.246794,0.705264,1.135277,1.555336,1.941024,2.310515,2.658591,2.984358,3.277675,3.538695,3.777724,3.989645,4.179292,4.360620,4.544205,4.736745,4.895523,5.043733,5.145148,5.084480,5.939754,4.784815,3.597290,2.478434,1.435022,0.451592,-0.492141,-1.417114,-2.343993,-3.293195,-4.285199,
4.915138,3.588909,2.330451,1.115381,-0.079399,-1.276170,-2.496865,-3.763783,-5.100534,-6.533578,-8.096703,-9.841432,-8.271383,-6.456329,-4.803297,-3.315592,-1.994671,-0.847431,0.118268,0.917763,1.560614,2.050969,2.387776,2.578123,2.638061,2.563851,2.368676,2.084880,1.729352,1.335965,0.899350,0.452179,-0.019516,-0.487301,-0.953023,-1.388335,-1.807837,-2.180256,-2.516300,-2.794685,-3.020483,-3.180430,-3.271907,-3.302547,-3.261522,-3.148159,-2.971474,-2.736188,-2.443784,-2.091392,-1.701244,-1.278037,-0.824101,-0.353917,0.104240,0.565219,1.014265,1.436703,1.831566,2.181479,2.481486,2.723015,2.908665,3.022527,3.074085,3.053784,2.961956,2.809119,2.586795,2.311585,1.981439,1.605707,1.190223,0.752769,0.294833,-0.168237,-0.636803,-1.097162,-1.536256,-1.939424,-2.304669,-2.627452,-2.886427,-3.085039,-3.222822,-3.295542,-3.295286,-3.223607,-3.092199,-2.894073,-2.632789,-2.322421,-1.958546,-1.563061,-1.125533,-0.677362,-0.203785,0.251791,0.719541,1.155951,1.576110,1.948980,2.285528,2.564307,2.790460,2.950740,3.042532,3.073479,3.032759,2.919707,2.743345,2.508401,2.216316,1.864228,1.474477,1.051854,0.598918,0.130617,-0.339750,-0.798701,-1.246649,-1.668430,-2.062842,-2.412410,-2.711973,-2.953150,-3.138475,-3.252029,-3.303291,-3.282698,-3.190576,-3.037438,-2.814797,-2.539303,-2.208906,-1.832871,-1.416991,-0.978952,-0.520016,-0.055063,0.401293,0.863680,1.303873,1.707698,2.073393,2.396680,2.656049,2.855017,2.993131,3.066166,3.066218,2.994844,2.863747,2.665944,2.405003,2.094954,1.731381,1.336293,0.899350,0.452179,-0.019516,-0.487301,-0.953023,-1.388335,-1.807837,-2.180256,-2.516300,-2.794685,-3.020483,-3.180430,-3.271907,-3.302547,-3.261522,-3.148159,-2.971474,-2.736188,-2.443784,-2.091392,-1.701244,-1.278037,-0.824101,-0.353917,0.104240,0.565219,1.014265,1.436703,1.831566,2.181479,2.481486,2.723015,2.908665,3.022527,3.074085,3.053784,2.961956,2.809119,2.586795,2.311585,1.981439,1.605707,1.190223,0.752769,0.294833,-0.168237,-0.636803,-1.097162,-1.536256,-1.939424,-2.304669,-2.627452,-2.886427,-3.085039,-3.222822,-3.295542,-3.295286,-3.223607,-3.092199,-2.894073,-2.632789,-2.322421,-1.958546,-1.563061,-1.125533,-0.677362,-0.203785,0.251791,0.723082,1.164973,1.598230,1.996437,2.379588,2.738548,3.074285,3.375673,3.642956,3.887598,4.103379,4.295063,4.477619,4.661846,4.853207,5.004487,5.128495,5.153379,4.882075,5.631420,4.534669,3.420762,2.348031,1.332646,0.368052,-0.561413,-1.474573,-2.391144,-3.331089,-4.314647,
4.963116,3.648724,2.403518,1.203371,0.025419,-1.152459,-2.352225,-3.596624,-4.910527,-6.322966,-7.871534,-9.608880,-8.504625,-6.667980,-4.993220,-3.484542,-2.144632,-0.980640,0.001603,0.816686,1.473919,1.977848,2.328457,2.532753,2.605750,2.544966,2.362731,2.088770,1.740895,1.352651,0.921655,0.478676,0.012446,-0.450644,-0.911368,-1.343404,-1.758824,-2.128809,-2.462119,-2.739027,-2.963471,-3.123153,-3.215356,-3.246561,-3.207109,-3.096509,-2.922896,-2.690736,-2.401984,-2.054713,-1.669353,-1.250946,-0.802621,-0.338103,0.116531,0.573376,1.018235,1.437146,1.828341,2.175493,2.473485,2.713934,2.898610,3.012899,3.064988,3.046253,2.956982,2.806703,2.588176,2.316637,1.990807,1.619785,1.209516,0.776661,0.323435,-0.135454,-0.599297,-1.054845,-1.489608,-1.889557,-2.251922,-2.571808,-2.829659,-3.027891,-3.165542,-3.238550,-3.239834,-3.170682,-3.041567,-2.846580,-2.589317,-2.282840,-1.923803,-1.532535,-1.100539,-0.656787,-0.188933,0.263287,0.725771,1.158669,1.574631,1.945020,2.278823,2.556119,2.780918,2.940934,3.033454,3.064970,3.025828,2.915541,2.742251,2.510434,2.221995,1.875008,1.489998,1.072065,0.624510,0.161616,-0.303887,-0.758974,-1.202970,-1.621338,-2.012130,-2.358956,-2.656504,-2.896602,-3.080951,-3.194929,-3.246718,-3.227688,-3.138120,-2.987536,-2.768690,-2.496869,-2.170796,-1.799490,-1.388872,-0.955542,-0.501545,-0.041033,0.411940,0.869248,1.304873,1.705365,2.068133,2.388512,2.646751,2.845339,2.983322,3.056649,3.058244,2.989401,2.860599,2.665936,2.409015,2.102850,1.744098,1.353179,0.921658,0.478676,0.012446,-0.450644,-0.911368,-1.343404,-1.758824,-2.128809,-2.462119,-2.739027,-2.963471,-3.123153,-3.215356,-3.246561,-3.207109,-3.096509,-2.922896,-2.690736,-2.401984,-2.054713,-1.669353,-1.250946,-0.802621,-0.338103,0.116531,0.573376,1.018235,1.437146,1.828341,2.175493,2.473485,2.713934,2.898610,3.012899,3.064988,3.046253,2.956982,2.806703,2.588176,2.316637,1.990807,1.619785,1.209516,0.776661,0.323435,-0.135454,-0.599297,-1.054845,-1.489608,-1.889557,-2.251922,-2.571808,-2.829659,-3.027891,-3.165542,-3.238550,-3.239834,-3.170682,-3.041567,-2.846580,-2.589317,-2.282840,-1.923803,-1.532535,-1.100539,-0.656787,-0.188933,0.262565,0.728508,1.166830,1.596308,1.993449,2.376364,2.734858,3.069941,3.371638,3.640304,3.886520,4.105598,4.303045,4.493950,4.690897,4.904180,5.097032,5.299984,5.474418,5.436425,5.537794,4.424089,3.300628,2.234319,1.231631,0.281012,-0.634973,-1.535674,-2.440923,-3.370669,-4.345058,
5.011203,3.708535,2.476276,1.290525,0.128674,-1.031136,-2.210585,-3.432078,-4.719951,-6.102187,-7.614458,-9.308265,-8.849167,-6.988755,-5.302168,-3.785595,-2.442026,-1.278904,-0.290496,0.532356,1.197856,1.711675,2.078334,2.304231,2.397637,2.362841,2.211373,1.965069,1.649052,1.286906,0.890506,0.474369,0.044058,-0.388134,-0.813994,-1.221276,-1.605297,-1.954357,-2.263861,-2.525168,-2.734331,-2.885339,-2.975300,-3.004041,-2.968764,-2.869615,-2.710299,-2.494401,-2.225311,-1.906980,-1.549271,-1.159647,-0.745344,-0.317294,0.111748,0.537724,0.951647,1.343789,1.706962,2.031407,2.310247,2.537322,2.709002,2.819499,2.868394,2.853146,2.773939,2.634100,2.434844,2.182438,1.880898,1.536957,1.158151,0.754409,0.333007,-0.096729,-0.527994,-0.950759,-1.354623,-1.729353,-2.068305,-2.364250,-2.608107,-2.796220,-2.926099,-2.994484,-2.998559,-2.938757,-2.818584,-2.638692,-2.402655,-2.117147,-1.786599,-1.420216,-1.022860,-0.606664,-0.177101,0.251464,0.676639,1.083990,1.468277,1.817638,2.127597,2.389277,2.598790,2.750128,2.840407,2.869457,2.834488,2.735651,2.576657,2.361095,2.092304,1.774221,1.416764,1.027348,0.613048,0.184251,-0.248418,-0.675079,-1.088933,-1.480810,-1.843681,-2.167837,-2.446248,-2.672978,-2.844333,-2.954521,-3.003118,-2.987575,-2.908071,-2.767929,-2.568358,-2.315674,-2.013905,-1.669716,-1.290658,-0.886708,-0.465303,-0.036314,0.391325,0.813404,1.217336,1.592332,1.931585,2.227987,2.472216,2.660679,2.790889,2.859591,2.863975,2.804481,2.684620,2.505049,2.269348,1.984140,1.653840,1.287709,0.890561,0.474368,0.044058,-0.388134,-0.813994,-1.221276,-1.605297,-1.954357,-2.263861,-2.525168,-2.734331,-2.885339,-2.975300,-3.004041,-2.968764,-2.869615,-2.710299,-2.494401,-2.225311,-1.906980,-1.549271,-1.159647,-0.745344,-0.317294,0.111748,0.537724,0.951647,1.343789,1.706962,2.031407,2.310247,2.537322,2.709002,2.819499,2.868394,2.853146,2.773939,2.634100,2.434844,2.182438,1.880898,1.536957,1.158151,0.754409,0.333007,-0.096729,-0.527994,-0.950759,-1.354623,-1.729353,-2.068305,-2.364250,-2.608107,-2.796220,-2.926099,-2.994484,-2.998559,-2.938757,-2.818584,-2.638692,-2.402655,-2.117147,-1.786599,-1.420216,-1.022860,-0.606664,-0.177101,0.249801,0.678398,1.091222,1.489601,1.867383,2.229791,2.576238,2.900056,3.197670,3.469388,3.719281,3.949737,4.167301,4.383567,4.612657,4.872793,5.150644,5.514137,6.062114,6.805094,5.944696,4.482892,3.258928,2.168537,1.166303,0.223471,-0.683291,-1.575287,-2.472884,-3.396053,-4.364787,
5.060112,3.769585,2.550751,1.379943,0.234872,-0.905913,-2.063501,-3.259284,-4.515586,-5.856051,-7.307091,-8.903214,-9.243979,-7.302733,-5.572275,-4.027068,-2.662168,-1.481817,-0.476959,0.361384,1.041442,1.569477,1.951149,2.192869,2.301917,2.283864,2.149544,1.918338,1.615629,1.264368,0.879274,0.473290,0.054497,-0.366813,-0.781509,-1.179486,-1.553674,-1.894943,-2.196886,-2.452503,-2.656814,-2.804847,-2.893664,-2.921994,-2.888225,-2.792681,-2.638168,-2.427991,-2.165944,-1.856846,-1.508675,-1.129135,-0.726143,-0.309746,0.109609,0.525255,0.928895,1.311651,1.665661,1.982332,2.254730,2.476977,2.644701,2.753473,2.801625,2.787568,2.711457,2.575618,2.382466,2.136858,1.843517,1.508839,1.140364,0.746798,0.336025,-0.083400,-0.503734,-0.915545,-1.309125,-1.675005,-2.005882,-2.294309,-2.533059,-2.717556,-2.844871,-2.911987,-2.916935,-2.859903,-2.743171,-2.568450,-2.339301,-2.061323,-1.739945,-1.382717,-0.996318,-0.590347,-0.172554,0.246467,0.660212,1.058025,1.432368,1.773892,2.076273,2.332255,2.536914,2.685276,2.774409,2.803048,2.769585,2.674353,2.520160,2.310317,2.048561,1.739694,1.391732,1.012293,0.609081,0.191689,-0.229955,-0.646552,-1.050356,-1.432957,-1.786712,-2.103112,-2.375087,-2.596992,-2.764393,-2.872857,-2.920710,-2.906360,-2.829953,-2.693812,-2.500346,-2.254463,-1.960899,-1.625990,-1.257307,-0.863640,-0.453087,-0.034657,0.383389,0.794248,1.187664,1.553699,1.884832,2.173696,2.412812,2.597656,2.725300,2.792732,2.797988,2.741263,2.624843,2.450442,2.221626,1.943941,1.622793,1.265775,0.879477,0.473285,0.054497,-0.366813,-0.781509,-1.179486,-1.553674,-1.894943,-2.196886,-2.452503,-2.656814,-2.804847,-2.893664,-2.921994,-2.888225,-2.792681,-2.638168,-2.427991,-2.165944,-1.856846,-1.508675,-1.129135,-0.726143,-0.309746,0.109609,0.525255,0.928895,1.311651,1.665661,1.982332,2.254730,2.476977,2.644701,2.753473,2.801625,2.787568,2.711457,2.575618,2.382466,2.136858,1.843517,1.508839,1.140364,0.746798,0.336025,-0.083400,-0.503734,-0.915545,-1.309125,-1.675005,-2.005882,-2.294309,-2.533059,-2.717556,-2.844871,-2.911987,-2.916935,-2.859903,-2.743171,-2.568450,-2.339301,-2.061323,-1.739945,-1.382717,-0.996318,-0.590347,-0.172563,0.244868,0.662221,1.065916,1.455388,1.827507,2.186222,2.530924,2.854242,3.153743,3.429787,3.685441,3.924356,4.153329,4.383199,4.628349,4.909446,5.221008,5.650348,6.351995,7.329301,5.935683,4.434625,3.186470,2.092209,1.096051,0.162720,-0.734109,-1.616904,-2.506377,-3.422507,-4.385198,
5.109629,3.831460,2.626040,1.469974,0.341279,-0.781070,-1.917527,-3.088376,-4.313733,-5.612136,-6.996033,-8.454615,-9.640926,-7.606546,-5.824936,-4.241575,-2.844162,-1.634916,-0.605900,0.253330,0.951893,1.496223,1.891470,2.144599,2.264375,2.255530,2.128272,1.901762,1.599333,1.246334,0.856694,0.446783,0.022536,-0.403470,-0.823164,-1.224416,-1.602687,-1.946389,-2.251067,-2.508161,-2.713826,-2.862124,-2.950216,-2.977980,-2.942637,-2.844331,-2.686747,-2.473442,-2.207744,-1.893525,-1.540566,-1.156226,-0.747623,-0.325559,0.097318,0.517097,0.924925,1.311208,1.668886,1.988318,2.262731,2.486057,2.654756,2.763101,2.810722,2.795099,2.716430,2.578034,2.381085,2.131806,1.834149,1.494761,1.121071,0.722907,0.307424,-0.116183,-0.541240,-0.957862,-1.355773,-1.724873,-2.058629,-2.349953,-2.589827,-2.774704,-2.902152,-2.968979,-2.972386,-2.912827,-2.793803,-2.615943,-2.382772,-2.100905,-1.774687,-1.413244,-1.021312,-0.610922,-0.187406,0.234971,0.653982,1.055307,1.433846,1.777852,2.082978,2.340443,2.546456,2.695081,2.783486,2.811556,2.776517,2.678519,2.521253,2.308284,2.042883,1.728915,1.376211,0.992082,0.583489,0.160689,-0.265818,-0.686279,-1.094035,-1.480050,-1.837423,-2.156565,-2.430557,-2.653540,-2.821917,-2.929957,-2.977284,-2.961370,-2.882409,-2.743714,-2.546452,-2.296896,-1.999010,-1.659371,-1.285425,-0.887050,-0.471557,-0.048688,0.372741,0.788681,1.186663,1.556032,1.890092,2.181864,2.422109,2.607334,2.735109,2.802249,2.805962,2.746707,2.627991,2.450450,2.217614,1.936044,1.610077,1.248889,0.857169,0.446788,0.022536,-0.403470,-0.823164,-1.224416,-1.602687,-1.946389,-2.251067,-2.508161,-2.713826,-2.862124,-2.950216,-2.977980,-2.942637,-2.844331,-2.686747,-2.473442,-2.207744,-1.893525,-1.540566,-1.156226,-0.747623,-0.325559,0.097318,0.517097,0.924925,1.311208,1.668886,1.988318,2.262731,2.486057,2.654756,2.763101,2.810722,2.795099,2.716430,2.578034,2.381085,2.131806,1.834149,1.494761,1.121071,0.722907,0.307424,-0.116183,-0.541240,-0.957862,-1.355773,-1.724873,-2.058629,-2.349953,-2.589827,-2.774704,-2.902152,-2.968979,-2.972386,-2.912827,-2.793803,-2.615943,-2.382772,-2.100905,-1.774687,-1.413244,-1.021312,-0.610922,-0.186952,0.236067,0.661481,1.072303,1.470867,1.852040,2.221700,2.576740,2.910853,3.220588,3.506322,3.772125,4.020217,4.256693,4.492142,4.738597,5.010362,5.288175,5.636217,6.174151,7.259653,5.690000,4.274298,3.071463,2.002613,1.023397,0.103014,-0.783207,-1.657023,-2.538736,-3.448047,-4.404672,
5.159110,3.894478,2.703466,1.563427,0.452730,-0.649224,-1.762357,-2.906318,-4.100568,-5.363579,-6.711252,-8.153401,-9.693076,-7.805877,-5.985203,-4.352218,-2.904238,-1.645150,-0.578492,0.312192,1.037775,1.604186,2.012598,2.271099,2.395677,2.384740,2.248012,2.009957,1.685002,1.310217,0.887451,0.451007,-0.009076,-0.465980,-0.920538,-1.346544,-1.756213,-2.120841,-2.449325,-2.722020,-2.942966,-3.099939,-3.190271,-3.220500,-3.180982,-3.071225,-2.899343,-2.669778,-2.384417,-2.041258,-1.660649,-1.247524,-0.804900,-0.346368,0.102101,0.552750,0.991513,1.404565,1.790265,2.132405,2.425969,2.662670,2.844365,2.956501,3.007315,2.988206,2.899474,2.750638,2.534417,2.266005,1.944057,1.577589,1.172436,0.745159,0.297851,-0.154908,-0.612543,-1.061949,-1.490758,-1.885077,-2.242247,-2.557511,-2.811379,-3.006375,-3.141594,-3.213045,-3.213662,-3.144753,-3.016786,-2.823831,-2.569435,-2.266597,-1.911891,-1.525562,-1.098991,-0.661045,-0.199238,0.246794,0.703113,1.129986,1.540201,1.905234,2.234203,2.507285,2.728584,2.885887,2.976534,3.007070,2.967857,2.858409,2.686848,2.457623,2.172574,1.829702,1.449445,1.036800,0.594951,0.138054,-0.321287,-0.770174,-1.208072,-1.620577,-2.005872,-2.347684,-2.640813,-2.877164,-3.058535,-3.170365,-3.220884,-3.201483,-3.112458,-2.963321,-2.746784,-2.478092,-2.155900,-1.789145,-1.383640,-0.955884,-0.507800,-0.053406,0.393357,0.844525,1.274200,1.669064,2.026640,2.342389,2.596644,2.791993,2.927542,2.999307,3.000231,2.931627,2.803970,2.611337,2.357280,2.054754,1.700335,1.314358,0.888266,0.451097,-0.009076,-0.465980,-0.920538,-1.346544,-1.756213,-2.120841,-2.449325,-2.722020,-2.942966,-3.099939,-3.190271,-3.220500,-3.180982,-3.071225,-2.899343,-2.669778,-2.384417,-2.041258,-1.660649,-1.247524,-0.804900,-0.346368,0.102101,0.552750,0.991513,1.404565,1.790265,2.132405,2.425969,2.662670,2.844365,2.956501,3.007315,2.988206,2.899474,2.750638,2.534417,2.266005,1.944057,1.577589,1.172436,0.745159,0.297851,-0.154908,-0.612543,-1.061949,-1.490758,-1.885077,-2.242247,-2.557511,-2.811379,-3.006375,-3.141594,-3.213045,-3.213662,-3.144753,-3.016786,-2.823831,-2.569435,-2.266597,-1.911891,-1.525562,-1.098991,-0.661045,-0.197701,0.251145,0.716876,1.157180,1.592726,2.001913,2.402807,2.780070,3.135953,3.460736,3.754981,4.029390,4.279210,4.509511,4.734102,4.962359,5.197159,5.385960,5.529778,5.548759,6.253015,5.173866,4.001633,2.893750,1.869555,0.916260,0.014172,-0.857252,-1.718162,-2.588206,-3.486808,-4.433582,
5.207943,3.957834,2.781621,1.657986,0.565631,-0.515673,-1.605479,-2.723189,-3.888562,-5.122145,-6.447195,-7.895329,-9.524338,-8.075266,-6.226918,-4.555769,-3.069369,-1.774590,-0.677436,0.239626,0.988240,1.574443,1.998884,2.270194,2.405852,2.403467,2.272343,2.037093,1.709886,1.329736,0.897834,0.451897,-0.019519,-0.487301,-0.953023,-1.388335,-1.807837,-2.180256,-2.516300,-2.794685,-3.020483,-3.180430,-3.271907,-3.302547,-3.261522,-3.148159,-2.971474,-2.736188,-2.443784,-2.091392,-1.701244,-1.278037,-0.824101,-0.353917,0.104240,0.565219,1.014265,1.436703,1.831566,2.181479,2.481486,2.723015,2.908665,3.022527,3.074085,3.053784,2.961956,2.809119,2.586795,2.311585,1.981439,1.605707,1.190223,0.752769,0.294833,-0.168237,-0.636803,-1.097162,-1.536256,-1.939424,-2.304669,-2.627452,-2.886427,-3.085039,-3.222822,-3.295542,-3.295286,-3.223607,-3.092199,-2.894073,-2.632789,-2.322421,-1.958546,-1.563061,-1.125533,-0.677362,-0.203785,0.251791,0.719541,1.155951,1.576110,1.948980,2.285528,2.564307,2.790460,2.950740,3.042532,3.073479,3.032759,2.919707,2.743345,2.508401,2.216316,1.864228,1.474477,1.051854,0.598918,0.130617,-0.339750,-0.798701,-1.246649,-1.668430,-2.062842,-2.412410,-2.711973,-2.953150,-3.138475,-3.252029,-3.303291,-3.282698,-3.190576,-3.037438,-2.814797,-2.539303,-2.208906,-1.832871,-1.416991,-0.978952,-0.520016,-0.055063,0.401293,0.863680,1.303873,1.707698,2.073393,2.396680,2.656049,2.855017,2.993131,3.066166,3.066218,2.994844,2.863747,2.665944,2.405003,2.094954,1.731381,1.336293,0.899350,0.452179,-0.019516,-0.487301,-0.953023,-1.388335,-1.807837,-2.180256,-2.516300,-2.794685,-3.020483,-3.180430,-3.271907,-3.302547,-3.261522,-3.148159,-2.971474,-2.736188,-2.443784,-2.091392,-1.701244,-1.278037,-0.824101,-0.353917,0.104240,0.565219,1.014265,1.436703,1.831566,2.181479,2.481486,2.723015,2.908665,3.022527,3.074085,3.053784,2.961956,2.809119,2.586795,2.311585,1.981439,1.605707,1.190223,0.752769,0.294833,-0.168237,-0.636803,-1.097162,-1.536256,-1.939424,-2.304669,-2.627452,-2.886427,-3.085039,-3.222822,-3.295542,-3.295286,-3.223607,-3.092199,-2.894073,-2.632789,-2.322421,-1.958546,-1.563061,-1.125533,-0.677362,-0.200987,0.259663,0.739997,1.194068,1.645274,2.069706,2.485816,2.875719,3.243337,3.577943,3.880174,4.161880,4.417198,4.651114,4.878329,5.107790,5.338355,5.502648,5.556027,5.316531,6.041981,4.901532,3.787925,2.730048,1.739541,0.809753,-0.074373,-0.930903,-1.778774,-2.637035,-3.524789,-4.461720,
5.255864,4.021051,2.860331,1.754047,0.681225,-0.377963,-1.442677,-2.532030,-3.665794,-4.865272,-6.156023,-7.574147,-9.180489,-8.435549,-6.535905,-4.822885,-3.302450,-1.979210,-0.855820,0.085136,0.855382,1.461549,1.905460,2.195777,2.349033,2.364172,2.250189,2.029906,1.715256,1.343659,0.919262,0.478244,0.012455,-0.450644,-0.911368,-1.343404,-1.758824,-2.128809,-2.462119,-2.739027,-2.963471,-3.123153,-3.215356,-3.246561,-3.207109,-3.096509,-2.922896,-2.690736,-2.401984,-2.054713,-1.669353,-1.250946,-0.802621,-0.338103,0.116531,0.573376,1.018235,1.437146,1.828341,2.175493,2.473485,2.713934,2.898610,3.012899,3.064988,3.046253,2.956982,2.806703,2.588176,2.316637,1.990807,1.619785,1.209516,0.776661,0.323435,-0.135454,-0.599297,-1.054845,-1.489608,-1.889557,-2.251922,-2.571808,-2.829659,-3.027891,-3.165542,-3.238550,-3.239834,-3.170682,-3.041567,-2.846580,-2.589317,-2.282840,-1.923803,-1.532535,-1.100539,-0.656787,-0.188933,0.263287,0.725771,1.158669,1.574631,1.945020,2.278823,2.556119,2.780918,2.940934,3.033454,3.064970,3.025828,2.915541,2.742251,2.510434,2.221995,1.875008,1.489998,1.072065,0.624510,0.161616,-0.303887,-0.758974,-1.202970,-1.621338,-2.012130,-2.358956,-2.656504,-2.896602,-3.080951,-3.194929,-3.246718,-3.227688,-3.138120,-2.987536,-2.768690,-2.496869,-2.170796,-1.799490,-1.388872,-0.955542,-0.501545,-0.041033,0.411940,0.869248,1.304873,1.705365,2.068133,2.388512,2.646751,2.845339,2.983322,3.056649,3.058244,2.989401,2.860599,2.665936,2.409015,2.102850,1.744098,1.353179,0.921658,0.478676,0.012446,-0.450644,-0.911368,-1.343404,-1.758824,-2.128809,-2.462119,-2.739027,-2.963471,-3.123153,-3.215356,-3.246561,-3.207109,-3.096509,-2.922896,-2.690736,-2.401984,-2.054713,-1.669353,-1.250946,-0.802621,-0.338103,0.116531,0.573376,1.018235,1.437146,1.828341,2.175493,2.473485,2.713934,2.898610,3.012899,3.064988,3.046253,2.956982,2.806703,2.588176,2.316637,1.990807,1.619785,1.209516,0.776661,0.323435,-0.135454,-0.599297,-1.054845,-1.489608,-1.889557,-2.251922,-2.571808,-2.829659,-3.027891,-3.165542,-3.238550,-3.239834,-3.170682,-3.041567,-2.846580,-2.589317,-2.282840,-1.923803,-1.532535,-1.100539,-0.657426,-0.186597,0.270852,0.746549,1.198389,1.647760,2.073298,2.490664,2.881760,3.250600,3.587616,3.893569,4.179457,4.441044,4.684380,4.925200,5.176637,5.448165,5.695688,5.917589,5.954596,5.858448,4.737549,3.628727,2.585649,1.613512,0.701799,-0.165697,-1.007170,-1.841419,-2.687303,-3.563749,-4.490548,
5.302148,4.082184,2.936742,1.846991,0.792585,-0.245942,-1.287326,-2.350174,-3.453555,-4.617428,-5.863945,-7.219928,-8.724830,-8.953924,-6.977378,-5.227679,-3.687033,-2.352594,-1.213074,-0.255728,0.530357,1.153104,1.618995,1.936187,2.114558,2.159911,2.080972,1.893535,1.616003,1.274352,0.886899,0.473708,0.044019,-0.388131,-0.813994,-1.221276,-1.605297,-1.954357,-2.263861,-2.525168,-2.734331,-2.885339,-2.975300,-3.004041,-2.968764,-2.869615,-2.710299,-2.494401,-2.225311,-1.906980,-1.549271,-1.159647,-0.745344,-0.317294,0.111748,0.537724,0.951647,1.343789,1.706962,2.031407,2.310247,2.537322,2.709002,2.819499,2.868394,2.853146,2.773939,2.634100,2.434844,2.182438,1.880898,1.536957,1.158151,0.754409,0.333007,-0.096729,-0.527994,-0.950759,-1.354623,-1.729353,-2.068305,-2.364250,-2.608107,-2.796220,-2.926099,-2.994484,-2.998559,-2.938757,-2.818584,-2.638692,-2.402655,-2.117147,-1.786599,-1.420216,-1.022860,-0.606664,-0.177101,0.251464,0.676639,1.083990,1.468277,1.817638,2.127597,2.389277,2.598790,2.750128,2.840407,2.869457,2.834488,2.735651,2.576657,2.361095,2.092304,1.774221,1.416764,1.027348,0.613048,0.184251,-0.248418,-0.675079,-1.088933,-1.480810,-1.843681,-2.167837,-2.446248,-2.672978,-2.844333,-2.954521,-3.003118,-2.987575,-2.908071,-2.767929,-2.568358,-2.315674,-2.013905,-1.669716,-1.290658,-0.886708,-0.465303,-0.036314,0.391325,0.813404,1.217336,1.592332,1.931585,2.227987,2.472216,2.660679,2.790889,2.859591,2.863975,2.804481,2.684620,2.505049,2.269348,1.984140,1.653840,1.287709,0.890561,0.474368,0.044058,-0.388134,-0.813994,-1.221276,-1.605297,-1.954357,-2.263861,-2.525168,-2.734331,-2.885339,-2.975300,-3.004041,-2.968764,-2.869615,-2.710299,-2.494401,-2.225311,-1.906980,-1.549271,-1.159647,-0.745344,-0.317294,0.111748,0.537724,0.951647,1.343789,1.706962,2.031407,2.310247,2.537322,2.709002,2.819499,2.868394,2.853146,2.773939,2.634100,2.434844,2.182438,1.880898,1.536957,1.158151,0.754409,0.333007,-0.096729,-0.527994,-0.950759,-1.354623,-1.729353,-2.068305,-2.364250,-2.608107,-2.796220,-2.926099,-2.994484,-2.998559,-2.938757,-2.818584,-2.638692,-2.402655,-2.117147,-1.786599,-1.420216,-1.022860,-0.607940,-0.175179,0.258942,0.698167,1.126091,1.546596,1.955131,2.354602,2.735872,3.095884,3.431479,3.743369,4.036029,4.312350,4.579703,4.851459,5.145946,5.491439,5.898167,6.489861,7.451456,6.099299,4.725905,3.545426,2.489345,1.523686,0.624057,-0.230727,-1.060509,-1.884484,-2.721451,-3.589979,-4.509891,
5.346937,4.141848,3.012705,1.939676,0.903967,-0.113601,-1.131290,-2.167082,-3.239056,-4.365135,-5.562119,-6.839954,-8.176750,-9.415953,-7.359339,-5.567847,-3.995260,-2.633348,-1.467772,-0.486222,0.322195,0.966045,1.453045,1.791465,1.990288,2.056684,1.999218,1.832073,1.573422,1.247033,0.873723,0.472034,0.054299,-0.366794,-0.781509,-1.179486,-1.553674,-1.894943,-2.196886,-2.452503,-2.656814,-2.804847,-2.893664,-2.921994,-2.888225,-2.792681,-2.638168,-2.427991,-2.165944,-1.856846,-1.508675,-1.129135,-0.726143,-0.309746,0.109609,0.525255,0.928895,1.311651,1.665661,1.982332,2.254730,2.476977,2.644701,2.753473,2.801625,2.787568,2.711457,2.575618,2.382466,2.136858,1.843517,1.508839,1.140364,0.746798,0.336025,-0.083400,-0.503734,-0.915545,-1.309125,-1.675005,-2.005882,-2.294309,-2.533059,-2.717556,-2.844871,-2.911987,-2.916935,-2.859903,-2.743171,-2.568450,-2.339301,-2.061323,-1.739945,-1.382717,-0.996318,-0.590347,-0.172554,0.246467,0.660212,1.058025,1.432368,1.773892,2.076273,2.332255,2.536914,2.685276,2.774409,2.803048,2.769585,2.674353,2.520160,2.310317,2.048561,1.739694,1.391732,1.012293,0.609081,0.191689,-0.229955,-0.646552,-1.050356,-1.432957,-1.786712,-2.103112,-2.375087,-2.596992,-2.764393,-2.872857,-2.920710,-2.906360,-2.829953,-2.693812,-2.500346,-2.254463,-1.960899,-1.625990,-1.257307,-0.863640,-0.453087,-0.034657,0.383389,0.794248,1.187664,1.553699,1.884832,2.173696,2.412812,2.597656,2.725300,2.792732,2.797988,2.741263,2.624843,2.450442,2.221626,1.943941,1.622793,1.265775,0.879477,0.473285,0.054497,-0.366813,-0.781509,-1.179486,-1.553674,-1.894943,-2.196886,-2.452503,-2.656814,-2.804847,-2.893664,-2.921994,-2.888225,-2.792681,-2.638168,-2.427991,-2.165944,-1.856846,-1.508675,-1.129135,-0.726143,-0.309746,0.109609,0.525255,0.928895,1.311651,1.665661,1.982332,2.254730,2.476977,2.644701,2.753473,2.801625,2.787568,2.711457,2.575618,2.382466,2.136858,1.843517,1.508839,1.140364,0.746798,0.336025,-0.083400,-0.503734,-0.915545,-1.309125,-1.675005,-2.005882,-2.294309,-2.533059,-2.717556,-2.844871,-2.911987,-2.916935,-2.859903,-2.743171,-2.568450,-2.339301,-2.061323,-1.739945,-1.382717,-0.996360,-0.591268,-0.169817,0.255453,0.684541,1.105139,1.519130,1.924385,2.322596,2.704338,3.066311,3.406517,3.725701,4.027263,4.315182,4.596792,4.884401,5.196953,5.568587,6.030107,6.753933,7.926018,6.104162,4.658584,3.448080,2.388703,1.431614,0.544537,-0.297246,-1.114961,-1.928218,-2.755854,-3.616042,-4.528840,
5.389919,4.199688,3.087149,2.030772,1.013095,0.015499,-0.979875,-1.990493,-3.033823,-4.127283,-5.288419,-6.535034,-7.888470,-9.404754,-7.681601,-5.874889,-4.267213,-2.867641,-1.668364,-0.657042,0.177802,0.844938,1.351679,1.706965,1.921372,2.001327,1.955318,1.798073,1.545579,1.222422,0.847977,0.444294,0.022015,-0.403503,-0.823164,-1.224416,-1.602687,-1.946389,-2.251067,-2.508161,-2.713826,-2.862124,-2.950216,-2.977980,-2.942637,-2.844331,-2.686747,-2.473442,-2.207744,-1.893525,-1.540566,-1.156226,-0.747623,-0.325559,0.097318,0.517097,0.924925,1.311208,1.668886,1.988318,2.262731,2.486057,2.654756,2.763101,2.810722,2.795099,2.716430,2.578034,2.381085,2.131806,1.834149,1.494761,1.121071,0.722907,0.307424,-0.116183,-0.541240,-0.957862,-1.355773,-1.724873,-2.058629,-2.349953,-2.589827,-2.774704,-2.902152,-2.968979,-2.972386,-2.912827,-2.793803,-2.615943,-2.382772,-2.100905,-1.774687,-1.413244,-1.021312,-0.610922,-0.187406,0.234971,0.653982,1.055307,1.433846,1.777852,2.082978,2.340443,2.546456,2.695081,2.783486,2.811556,2.776517,2.678519,2.521253,2.308284,2.042883,1.728915,1.376211,0.992082,0.583489,0.160689,-0.265818,-0.686279,-1.094035,-1.480050,-1.837423,-2.156565,-2.430557,-2.653540,-2.821917,-2.929957,-2.977284,-2.961370,-2.882409,-2.743714,-2.546452,-2.296896,-1.999010,-1.659371,-1.285425,-0.887050,-0.471557,-0.048688,0.372741,0.788681,1.186663,1.556032,1.890092,2.181864,2.422109,2.607334,2.735109,2.802249,2.805962,2.746707,2.627991,2.450450,2.217614,1.936044,1.610077,1.248889,0.857169,0.446788,0.022536,-0.403470,-0.823164,-1.224416,-1.602687,-1.946389,-2.251067,-2.508161,-2.713826,-2.862124,-2.950216,-2.977980,-2.942637,-2.844331,-2.686747,-2.473442,-2.207744,-1.893525,-1.540566,-1.156226,-0.747623,-0.325559,0.097318,0.517097,0.924925,1.311208,1.668886,1.988318,2.262731,2.486057,2.654756,2.763101,2.810722,2.795099,2.716430,2.578034,2.381085,2.131806,1.834149,1.494761,1.121071,0.722907,0.307424,-0.116183,-0.541240,-0.957862,-1.355773,-1.724873,-2.058629,-2.349953,-2.589827,-2.774704,-2.902152,-2.968979,-2.972386,-2.912827,-2.793803,-2.615943,-2.382772,-2.100905,-1.774687,-1.413244,-1.020745,-0.609008,-0.179016,0.253240,0.692452,1.122973,1.549284,1.966570,2.378312,2.772814,3.148076,3.501100,3.832634,4.146979,4.446345,4.736414,5.026881,5.329071,5.660648,6.026105,6.598966,7.706346,5.908408,4.499032,3.314240,2.275257,1.335993,0.464842,-0.362806,-1.168077,-1.970422,-2.788458,-3.640243,-4.545882,
5.431221,4.256213,3.160823,2.122955,1.124766,0.148906,-0.822044,-1.805085,-2.817246,-3.875815,-4.999422,-6.210697,-7.544257,-9.070785,-7.965479,-6.099878,-4.427574,-2.965165,-1.717015,-0.664603,0.205569,0.901995,1.428208,1.794426,2.018571,2.100854,2.049858,1.886265,1.617336,1.277898,0.874279,0.446645,-0.010189,-0.466202,-0.920543,-1.346544,-1.756213,-2.120841,-2.449325,-2.722020,-2.942966,-3.099939,-3.190271,-3.220500,-3.180982,-3.071225,-2.899343,-2.669778,-2.384417,-2.041258,-1.660649,-1.247524,-0.804900,-0.346368,0.102101,0.552750,0.991513,1.404565,1.790265,2.132405,2.425969,2.662670,2.844365,2.956501,3.007315,2.988206,2.899474,2.750638,2.534417,2.266005,1.944057,1.577589,1.172436,0.745159,0.297851,-0.154908,-0.612543,-1.061949,-1.490758,-1.885077,-2.242247,-2.557511,-2.811379,-3.006375,-3.141594,-3.213045,-3.213662,-3.144753,-3.016786,-2.823831,-2.569435,-2.266597,-1.911891,-1.525562,-1.098991,-0.661045,-0.199238,0.246794,0.703113,1.129986,1.540201,1.905234,2.234203,2.507285,2.728584,2.885887,2.976534,3.007070,2.967857,2.858409,2.686848,2.457623,2.172574,1.829702,1.449445,1.036800,0.594951,0.138054,-0.321287,-0.770174,-1.208072,-1.620577,-2.005872,-2.347684,-2.640813,-2.877164,-3.058535,-3.170365,-3.220884,-3.201483,-3.112458,-2.963321,-2.746784,-2.478092,-2.155900,-1.789145,-1.383640,-0.955884,-0.507800,-0.053406,0.393357,0.844525,1.274200,1.669064,2.026640,2.342389,2.596644,2.791993,2.927542,2.999307,3.000231,2.931627,2.803970,2.611337,2.357280,2.054754,1.700335,1.314358,0.888266,0.451097,-0.009076,-0.465980,-0.920538,-1.346544,-1.756213,-2.120841,-2.449325,-2.722020,-2.942966,-3.099939,-3.190271,-3.220500,-3.180982,-3.071225,-2.899343,-2.669778,-2.384417,-2.041258,-1.660649,-1.247524,-0.804900,-0.346368,0.102101,0.552750,0.991513,1.404565,1.790265,2.132405,2.425969,2.662670,2.844365,2.956501,3.007315,2.988206,2.899474,2.750638,2.534417,2.266005,1.944057,1.577589,1.172436,0.745159,0.297851,-0.154908,-0.612543,-1.061949,-1.490758,-1.885077,-2.242247,-2.557511,-2.811379,-3.006375,-3.141594,-3.213045,-3.213662,-3.144753,-3.016786,-2.823831,-2.569435,-2.266597,-1.911891,-1.525453,-1.096895,-0.655315,-0.183915,0.276025,0.757884,1.220940,1.687608,2.135693,2.580240,2.999076,3.398348,3.768856,4.111602,4.437566,4.741831,5.028202,5.306590,5.576536,5.818014,5.925449,5.760578,6.833591,5.467956,4.223536,3.113808,2.116290,1.204834,0.355318,-0.453940,-1.242867,-2.030385,-2.834914,-3.674813,-4.570024,
5.470061,4.310138,3.231792,2.213226,1.234830,0.280841,-0.665602,-1.621034,-2.601944,-3.624953,-4.707595,-5.869613,-7.135915,-8.547383,-8.424303,-6.447022,-4.704421,-3.187982,-1.896226,-0.807002,0.094901,0.818549,1.367228,1.751893,1.992102,2.087374,2.046518,1.890860,1.625857,1.287002,0.878777,0.444753,-0.021709,-0.487838,-0.953057,-1.388335,-1.807837,-2.180256,-2.516300,-2.794685,-3.020483,-3.180430,-3.271907,-3.302547,-3.261522,-3.148159,-2.971474,-2.736188,-2.443784,-2.091392,-1.701244,-1.278037,-0.824101,-0.353917,0.104240,0.565219,1.014265,1.436703,1.831566,2.181479,2.481486,2.723015,2.908665,3.022527,3.074085,3.053784,2.961956,2.809119,2.586795,2.311585,1.981439,1.605707,1.190223,0.752769,0.294833,-0.168237,-0.636803,-1.097162,-1.536256,-1.939424,-2.304669,-2.627452,-2.886427,-3.085039,-3.222822,-3.295542,-3.295286,-3.223607,-3.092199,-2.894073,-2.632789,-2.322421,-1.958546,-1.563061,-1.125533,-0.677362,-0.203785,0.251791,0.719541,1.155951,1.576110,1.948980,2.285528,2.564307,2.790460,2.950740,3.042532,3.073479,3.032759,2.919707,2.743345,2.508401,2.216316,1.864228,1.474477,1.051854,0.598918,0.130617,-0.339750,-0.798701,-1.246649,-1.668430,-2.062842,-2.412410,-2.711973,-2.953150,-3.138475,-3.252029,-3.303291,-3.282698,-3.190576,-3.037438,-2.814797,-2.539303,-2.208906,-1.832871,-1.416991,-0.978952,-0.520016,-0.055063,0.401293,0.863680,1.303873,1.707698,2.073393,2.396680,2.656049,2.855017,2.993131,3.066166,3.066218,2.994844,2.863747,2.665944,2.405003,2.094954,1.731381,1.336293,0.899350,0.452179,-0.019516,-0.487301,-0.953023,-1.388335,-1.807837,-2.180256,-2.516300,-2.794685,-3.020483,-3.180430,-3.271907,-3.302547,-3.261522,-3.148159,-2.971474,-2.736188,-2.443784,-2.091392,-1.701244,-1.278037,-0.824101,-0.353917,0.104240,0.565219,1.014265,1.436703,1.831566,2.181479,2.481486,2.723015,2.908665,3.022527,3.074085,3.053784,2.961956,2.809119,2.586795,2.311585,1.981439,1.605707,1.190223,0.752769,0.294833,-0.168237,-0.636803,-1.097162,-1.536256,-1.939424,-2.304669,-2.627452,-2.886427,-3.085039,-3.222822,-3.295542,-3.295286,-3.223607,-3.092199,-2.894073,-2.632789,-2.322421,-1.958546,-1.562887,-1.121344,-0.667042,-0.180463,0.293471,0.792625,1.272830,1.758737,2.224830,2.686228,3.119951,3.533360,3.916354,4.270206,4.607373,4.922353,5.219515,5.509890,5.790381,6.027227,6.077854,5.771420,6.241954,5.062794,3.941666,2.904196,1.951380,1.070722,0.244805,-0.544886,-1.316756,-2.088986,-2.879870,-3.707888,-4.592733,
5.506310,4.361281,3.299854,2.300351,1.342364,0.411091,-0.509707,-1.436029,-2.383733,-3.368505,-4.405938,-5.510142,-6.686473,-7.901545,-8.923852,-6.852062,-5.052586,-3.491187,-2.159659,-1.035179,-0.101988,0.649916,1.225234,1.635125,1.898328,2.015804,1.996736,1.861032,1.614574,1.290292,0.894294,0.468361,0.009338,-0.451293,-0.911414,-1.343404,-1.758824,-2.128809,-2.462119,-2.739027,-2.963471,-3.123153,-3.215356,-3.246561,-3.207109,-3.096509,-2.922896,-2.690736,-2.401984,-2.054713,-1.669353,-1.250946,-0.802621,-0.338103,0.116531,0.573376,1.018235,1.437146,1.828341,2.175493,2.473485,2.713934,2.898610,3.012899,3.064988,3.046253,2.956982,2.806703,2.588176,2.316637,1.990807,1.619785,1.209516,0.776661,0.323435,-0.135454,-0.599297,-1.054845,-1.489608,-1.889557,-2.251922,-2.571808,-2.829659,-3.027891,-3.165542,-3.238550,-3.239834,-3.170682,-3.041567,-2.846580,-2.589317,-2.282840,-1.923803,-1.532535,-1.100539,-0.656787,-0.188933,0.263287,0.725771,1.158669,1.574631,1.945020,2.278823,2.556119,2.780918,2.940934,3.033454,3.064970,3.025828,2.915541,2.742251,2.510434,2.221995,1.875008,1.489998,1.072065,0.624510,0.161616,-0.303887,-0.758974,-1.202970,-1.621338,-2.012130,-2.358956,-2.656504,-2.896602,-3.080951,-3.194929,-3.246718,-3.227688,-3.138120,-2.987536,-2.768690,-2.496869,-2.170796,-1.799490,-1.388872,-0.955542,-0.501545,-0.041033,0.411940,0.869248,1.304873,1.705365,2.068133,2.388512,2.646751,2.845339,2.983322,3.056649,3.058244,2.989401,2.860599,2.665936,2.409015,2.102850,1.744098,1.353179,0.921658,0.478676,0.012446,-0.450644,-0.911368,-1.343404,-1.758824,-2.128809,-2.462119,-2.739027,-2.963471,-3.123153,-3.215356,-3.246561,-3.207109,-3.096509,-2.922896,-2.690736,-2.401984,-2.054713,-1.669353,-1.250946,-0.802621,-0.338103,0.116531,0.573376,1.018235,1.437146,1.828341,2.175493,2.473485,2.713934,2.898610,3.012899,3.064988,3.046253,2.956982,2.806703,2.588176,2.316637,1.990807,1.619785,1.209516,0.776661,0.323435,-0.135454,-0.599297,-1.054845,-1.489608,-1.889557,-2.251922,-2.571808,-2.829659,-3.027891,-3.165542,-3.238550,-3.239834,-3.170682,-3.041567,-2.846580,-2.589317,-2.282840,-1.923853,-1.532849,-1.096416,-0.645898,-0.163959,0.308354,0.805008,1.285851,1.773007,2.242913,2.706475,3.143710,3.561102,3.949837,4.311568,4.658452,4.987834,5.307788,5.635772,5.982509,6.336443,6.563424,6.447619,5.769595,4.742952,3.694636,2.705330,1.788402,0.936080,0.133525,-0.636234,-1.390641,-2.147253,-2.924443,-3.740455,-4.614852,
5.540369,4.409613,3.364326,2.382800,1.444755,0.534313,-0.363024,-1.262982,-2.180918,-3.132022,-4.131686,-5.195600,-6.339761,-7.585719,-8.999720,-7.359051,-5.549605,-3.966304,-2.606104,-1.454059,-0.495360,0.281532,0.886185,1.329397,1.623368,1.776001,1.796818,1.699001,1.495717,1.207799,0.854122,0.459781,0.039270,-0.389254,-0.814161,-1.221243,-1.605297,-1.954357,-2.263861,-2.525168,-2.734331,-2.885339,-2.975300,-3.004041,-2.968764,-2.869615,-2.710299,-2.494401,-2.225311,-1.906980,-1.549271,-1.159647,-0.745344,-0.317294,0.111748,0.537724,0.951647,1.343789,1.706962,2.031407,2.310247,2.537322,2.709002,2.819499,2.868394,2.853146,2.773939,2.634100,2.434844,2.182438,1.880898,1.536957,1.158151,0.754409,0.333007,-0.096729,-0.527994,-0.950759,-1.354623,-1.729353,-2.068305,-2.364250,-2.608107,-2.796220,-2.926099,-2.994484,-2.998559,-2.938757,-2.818584,-2.638692,-2.402655,-2.117147,-1.786599,-1.420216,-1.022860,-0.606664,-0.177101,0.251464,0.676639,1.083990,1.468277,1.817638,2.127597,2.389277,2.598790,2.750128,2.840407,2.869457,2.834488,2.735651,2.576657,2.361095,2.092304,1.774221,1.416764,1.027348,0.613048,0.184251,-0.248418,-0.675079,-1.088933,-1.480810,-1.843681,-2.167837,-2.446248,-2.672978,-2.844333,-2.954521,-3.003118,-2.987575,-2.908071,-2.767929,-2.568358,-2.315674,-2.013905,-1.669716,-1.290658,-0.886708,-0.465303,-0.036314,0.391325,0.813404,1.217336,1.592332,1.931585,2.227987,2.472216,2.660679,2.790889,2.859591,2.863975,2.804481,2.684620,2.505049,2.269348,1.984140,1.653840,1.287709,0.890561,0.474368,0.044058,-0.388134,-0.813994,-1.221276,-1.605297,-1.954357,-2.263861,-2.525168,-2.734331,-2.885339,-2.975300,-3.004041,-2.968764,-2.869615,-2.710299,-2.494401,-2.225311,-1.906980,-1.549271,-1.159647,-0.745344,-0.317294,0.111748,0.537724,0.951647,1.343789,1.706962,2.031407,2.310247,2.537322,2.709002,2.819499,2.868394,2.853146,2.773939,2.634100,2.434844,2.182438,1.880898,1.536957,1.158151,0.754409,0.333007,-0.096729,-0.527994,-0.950759,-1.354623,-1.729353,-2.068305,-2.364250,-2.608107,-2.796220,-2.926099,-2.994484,-2.998559,-2.938757,-2.818584,-2.638692,-2.402655,-2.117147,-1.786821,-1.420055,-1.017520,-0.593525,-0.148298,0.302735,0.765572,1.225776,1.687396,2.143929,2.591534,3.021848,3.433620,3.824502,4.196241,4.554897,4.906160,5.262853,5.649301,6.105423,6.699759,7.514651,7.357514,5.826706,4.605962,3.528993,2.553783,1.660105,0.830706,0.048359,-0.704161,-1.443985,-2.188058,-2.954827,-3.762032,-4.628993,
5.572430,4.455662,3.426325,2.462600,1.544377,0.654551,-0.219661,-1.093701,-1.982473,-2.900814,-3.864212,-4.889996,-6.000324,-7.232989,-8.673088,-7.881783,-5.993005,-4.357387,-2.955538,-1.767342,-0.776122,0.030869,0.664600,1.136064,1.456635,1.635656,1.683002,1.610532,1.432058,1.165913,0.832115,0.453432,0.047585,-0.368534,-0.781713,-1.179429,-1.553674,-1.894943,-2.196886,-2.452503,-2.656814,-2.804847,-2.893664,-2.921994,-2.888225,-2.792681,-2.638168,-2.427991,-2.165944,-1.856846,-1.508675,-1.129135,-0.726143,-0.309746,0.109609,0.525255,0.928895,1.311651,1.665661,1.982332,2.254730,2.476977,2.644701,2.753473,2.801625,2.787568,2.711457,2.575618,2.382466,2.136858,1.843517,1.508839,1.140364,0.746798,0.336025,-0.083400,-0.503734,-0.915545,-1.309125,-1.675005,-2.005882,-2.294309,-2.533059,-2.717556,-2.844871,-2.911987,-2.916935,-2.859903,-2.743171,-2.568450,-2.339301,-2.061323,-1.739945,-1.382717,-0.996318,-0.590347,-0.172554,0.246467,0.660212,1.058025,1.432368,1.773892,2.076273,2.332255,2.536914,2.685276,2.774409,2.803048,2.769585,2.674353,2.520160,2.310317,2.048561,1.739694,1.391732,1.012293,0.609081,0.191689,-0.229955,-0.646552,-1.050356,-1.432957,-1.786712,-2.103112,-2.375087,-2.596992,-2.764393,-2.872857,-2.920710,-2.906360,-2.829953,-2.693812,-2.500346,-2.254463,-1.960899,-1.625990,-1.257307,-0.863640,-0.453087,-0.034657,0.383389,0.794248,1.187664,1.553699,1.884832,2.173696,2.412812,2.597656,2.725300,2.792732,2.797988,2.741263,2.624843,2.450442,2.221626,1.943941,1.622793,1.265775,0.879477,0.473285,0.054497,-0.366813,-0.781509,-1.179486,-1.553674,-1.894943,-2.196886,-2.452503,-2.656814,-2.804847,-2.893664,-2.921994,-2.888225,-2.792681,-2.638168,-2.427991,-2.165944,-1.856846,-1.508675,-1.129135,-0.726143,-0.309746,0.109609,0.525255,0.928895,1.311651,1.665661,1.982332,2.254730,2.476977,2.644701,2.753473,2.801625,2.787568,2.711457,2.575618,2.382466,2.136858,1.843517,1.508839,1.140364,0.746798,0.336025,-0.083400,-0.503734,-0.915545,-1.309125,-1.675005,-2.005882,-2.294309,-2.533059,-2.717556,-2.844871,-2.911987,-2.916935,-2.859903,-2.743171,-2.568450,-2.339301,-2.061323,-1.740301,-1.381927,-0.989397,-0.574360,-0.138992,0.305354,0.760821,1.216984,1.675343,2.132392,2.580905,3.014830,3.431999,3.831156,4.213949,4.585136,4.951336,5.326006,5.736708,6.240333,6.960262,8.108398,7.319437,5.738185,4.462357,3.374010,2.410394,1.536235,0.727391,-0.035953,-0.771736,-1.497011,-2.228602,-2.984806,-3.783061,-4.642516,
5.602187,4.499008,3.485339,2.539175,1.640461,0.771927,-0.080323,-0.930024,-1.791645,-2.679509,-3.608434,-4.594512,-5.656091,-6.815877,-8.100447,-8.411492,-6.397275,-4.698786,-3.251022,-2.023250,-0.996559,-0.157980,0.502957,0.997914,1.339923,1.537670,1.601393,1.543822,1.377412,1.121340,0.792939,0.417436,0.010711,-0.407442,-0.824204,-1.224676,-1.602694,-1.946389,-2.251067,-2.508161,-2.713826,-2.862124,-2.950216,-2.977980,-2.942637,-2.844331,-2.686747,-2.473442,-2.207744,-1.893525,-1.540566,-1.156226,-0.747623,-0.325559,0.097318,0.517097,0.924925,1.311208,1.668886,1.988318,2.262731,2.486057,2.654756,2.763101,2.810722,2.795099,2.716430,2.578034,2.381085,2.131806,1.834149,1.494761,1.121071,0.722907,0.307424,-0.116183,-0.541240,-0.957862,-1.355773,-1.724873,-2.058629,-2.349953,-2.589827,-2.774704,-2.902152,-2.968979,-2.972386,-2.912827,-2.793803,-2.615943,-2.382772,-2.100905,-1.774687,-1.413244,-1.021312,-0.610922,-0.187406,0.234971,0.653982,1.055307,1.433846,1.777852,2.082978,2.340443,2.546456,2.695081,2.783486,2.811556,2.776517,2.678519,2.521253,2.308284,2.042883,1.728915,1.376211,0.992082,0.583489,0.160689,-0.265818,-0.686279,-1.094035,-1.480050,-1.837423,-2.156565,-2.430557,-2.653540,-2.821917,-2.929957,-2.977284,-2.961370,-2.882409,-2.743714,-2.546452,-2.296896,-1.999010,-1.659371,-1.285425,-0.887050,-0.471557,-0.048688,0.372741,0.788681,1.186663,1.556032,1.890092,2.181864,2.422109,2.607334,2.735109,2.802249,2.805962,2.746707,2.627991,2.450450,2.217614,1.936044,1.610077,1.248889,0.857169,0.446788,0.022536,-0.403470,-0.823164,-1.224416,-1.602687,-1.946389,-2.251067,-2.508161,-2.713826,-2.862124,-2.950216,-2.977980,-2.942637,-2.844331,-2.686747,-2.473442,-2.207744,-1.893525,-1.540566,-1.156226,-0.747623,-0.325559,0.097318,0.517097,0.924925,1.311208,1.668886,1.988318,2.262731,2.486057,2.654756,2.763101,2.810722,2.795099,2.716430,2.578034,2.381085,2.131806,1.834149,1.494761,1.121071,0.722907,0.307424,-0.116183,-0.541240,-0.957862,-1.355773,-1.724873,-2.058629,-2.349953,-2.589827,-2.774704,-2.902152,-2.968979,-2.972386,-2.912827,-2.793803,-2.615943,-2.382772,-2.100846,-1.773219,-1.408213,-1.006908,-0.583316,-0.136850,0.317778,0.787124,1.257168,1.731468,2.204105,2.668918,3.118577,3.552004,3.966804,4.364248,4.749044,5.123817,5.495604,5.880506,6.316406,6.920197,8.054231,7.046197,5.509105,4.267074,3.204871,2.265435,1.414214,0.626505,-0.117899,-0.837034,-1.547688,-2.266898,-3.012583,-3.802009,-4.654190,
5.629874,4.540217,3.542501,2.614530,1.736262,0.890742,0.062879,-0.760205,-1.591971,-2.446094,-3.336363,-4.276818,-5.280679,-6.356150,-7.486843,-8.557819,-6.628865,-4.892953,-3.396922,-2.120831,-1.049717,-0.172972,0.515455,1.028406,1.386334,1.591819,1.655545,1.596644,1.419556,1.154025,0.803320,0.409588,-0.027509,-0.473192,-0.922896,-1.347225,-1.756318,-2.120841,-2.449325,-2.722020,-2.942966,-3.099939,-3.190271,-3.220500,-3.180982,-3.071225,-2.899343,-2.669778,-2.384417,-2.041258,-1.660649,-1.247524,-0.804900,-0.346368,0.102101,0.552750,0.991513,1.404565,1.790265,2.132405,2.425969,2.662670,2.844365,2.956501,3.007315,2.988206,2.899474,2.750638,2.534417,2.266005,1.944057,1.577589,1.172436,0.745159,0.297851,-0.154908,-0.612543,-1.061949,-1.490758,-1.885077,-2.242247,-2.557511,-2.811379,-3.006375,-3.141594,-3.213045,-3.213662,-3.144753,-3.016786,-2.823831,-2.569435,-2.266597,-1.911891,-1.525562,-1.098991,-0.661045,-0.199238,0.246794,0.703113,1.129986,1.540201,1.905234,2.234203,2.507285,2.728584,2.885887,2.976534,3.007070,2.967857,2.858409,2.686848,2.457623,2.172574,1.829702,1.449445,1.036800,0.594951,0.138054,-0.321287,-0.770174,-1.208072,-1.620577,-2.005872,-2.347684,-2.640813,-2.877164,-3.058535,-3.170365,-3.220884,-3.201483,-3.112458,-2.963321,-2.746784,-2.478092,-2.155900,-1.789145,-1.383640,-0.955884,-0.507800,-0.053406,0.393357,0.844525,1.274200,1.669064,2.026640,2.342389,2.596644,2.791993,2.927542,2.999307,3.000231,2.931627,2.803970,2.611337,2.357280,2.054754,1.700335,1.314358,0.888266,0.451097,-0.009076,-0.465980,-0.920538,-1.346544,-1.756213,-2.120841,-2.449325,-2.722020,-2.942966,-3.099939,-3.190271,-3.220500,-3.180982,-3.071225,-2.899343,-2.669778,-2.384417,-2.041258,-1.660649,-1.247524,-0.804900,-0.346368,0.102101,0.552750,0.991513,1.404565,1.790265,2.132405,2.425969,2.662670,2.844365,2.956501,3.007315,2.988206,2.899474,2.750638,2.534417,2.266005,1.944057,1.577589,1.172436,0.745159,0.297851,-0.154908,-0.612543,-1.061949,-1.490758,-1.885077,-2.242247,-2.557511,-2.811379,-3.006375,-3.141594,-3.213045,-3.213662,-3.144753,-3.016786,-2.823831,-2.569426,-2.266004,-1.907795,-1.515234,-1.075711,-0.619978,-0.129298,0.356577,0.872528,1.379101,1.897217,2.402484,2.902352,3.378900,3.839021,4.274058,4.685241,5.082933,5.459505,5.811318,6.130956,6.381410,6.468580,7.450637,6.346676,5.124368,3.999583,2.993650,2.089776,1.266121,0.502132,-0.220993,-0.920710,-1.613925,-2.317679,-3.049725,-3.827429,-4.669867,
5.654758,4.578011,3.595778,2.685624,1.827451,1.004480,0.201566,-0.595087,-1.397325,-2.218178,-3.070665,-3.967919,-4.922816,-5.948274,-7.060584,-8.311496,-7.010863,-5.229143,-3.685758,-2.361926,-1.247510,-0.333155,0.386668,0.925693,1.306231,1.530359,1.609253,1.563321,1.395744,1.137487,0.789245,0.395323,-0.046691,-0.499089,-0.957463,-1.389759,-1.808176,-2.180266,-2.516300,-2.794685,-3.020483,-3.180430,-3.271907,-3.302547,-3.261522,-3.148159,-2.971474,-2.736188,-2.443784,-2.091392,-1.701244,-1.278037,-0.824101,-0.353917,0.104240,0.565219,1.014265,1.436703,1.831566,2.181479,2.481486,2.723015,2.908665,3.022527,3.074085,3.053784,2.961956,2.809119,2.586795,2.311585,1.981439,1.605707,1.190223,0.752769,0.294833,-0.168237,-0.636803,-1.097162,-1.536256,-1.939424,-2.304669,-2.627452,-2.886427,-3.085039,-3.222822,-3.295542,-3.295286,-3.223607,-3.092199,-2.894073,-2.632789,-2.322421,-1.958546,-1.563061,-1.125533,-0.677362,-0.203785,0.251791,0.719541,1.155951,1.576110,1.948980,2.285528,2.564307,2.790460,2.950740,3.042532,3.073479,3.032759,2.919707,2.743345,2.508401,2.216316,1.864228,1.474477,1.051854,0.598918,0.130617,-0.339750,-0.798701,-1.246649,-1.668430,-2.062842,-2.412410,-2.711973,-2.953150,-3.138475,-3.252029,-3.303291,-3.282698,-3.190576,-3.037438,-2.814797,-2.539303,-2.208906,-1.832871,-1.416991,-0.978952,-0.520016,-0.055063,0.401293,0.863680,1.303873,1.707698,2.073393,2.396680,2.656049,2.855017,2.993131,3.066166,3.066218,2.994844,2.863747,2.665944,2.405003,2.094954,1.731381,1.336293,0.899350,0.452179,-0.019516,-0.487301,-0.953023,-1.388335,-1.807837,-2.180256,-2.516300,-2.794685,-3.020483,-3.180430,-3.271907,-3.302547,-3.261522,-3.148159,-2.971474,-2.736188,-2.443784,-2.091392,-1.701244,-1.278037,-0.824101,-0.353917,0.104240,0.565219,1.014265,1.436703,1.831566,2.181479,2.481486,2.723015,2.908665,3.022527,3.074085,3.053784,2.961956,2.809119,2.586795,2.311585,1.981439,1.605707,1.190223,0.752769,0.294833,-0.168237,-0.636803,-1.097162,-1.536256,-1.939424,-2.304669,-2.627452,-2.886427,-3.085039,-3.222822,-3.295542,-3.295286,-3.223607,-3.092199,-2.894073,-2.632781,-2.320475,-1.950835,-1.546111,-1.091631,-0.620538,-0.111498,0.392285,0.929749,1.457546,1.998294,2.523247,3.042437,3.536610,4.013889,4.464890,4.891376,5.305397,5.698211,6.062935,6.378508,6.559676,6.383751,7.199255,5.942776,4.791622,3.737447,2.781827,1.914661,1.120059,0.380679,-0.320731,-1.000906,-1.676896,-2.365399,-3.084074,-3.850437,-4.683626,
5.676580,4.612034,3.644718,2.751940,1.913483,1.112660,0.334718,-0.435021,-1.206709,-1.993045,-2.806439,-3.659539,-4.565227,-5.537745,-6.595281,-7.770796,-7.598581,-5.697930,-4.085423,-2.704158,-1.541436,-0.585425,0.171960,0.745372,1.156717,1.409750,1.516169,1.495761,1.352504,1.115463,0.786579,0.407169,-0.022507,-0.466051,-0.917132,-1.345070,-1.759074,-2.128758,-2.462119,-2.739027,-2.963471,-3.123153,-3.215356,-3.246561,-3.207109,-3.096509,-2.922896,-2.690736,-2.401984,-2.054713,-1.669353,-1.250946,-0.802621,-0.338103,0.116531,0.573376,1.018235,1.437146,1.828341,2.175493,2.473485,2.713934,2.898610,3.012899,3.064988,3.046253,2.956982,2.806703,2.588176,2.316637,1.990807,1.619785,1.209516,0.776661,0.323435,-0.135454,-0.599297,-1.054845,-1.489608,-1.889557,-2.251922,-2.571808,-2.829659,-3.027891,-3.165542,-3.238550,-3.239834,-3.170682,-3.041567,-2.846580,-2.589317,-2.282840,-1.923803,-1.532535,-1.100539,-0.656787,-0.188933,0.263287,0.725771,1.158669,1.574631,1.945020,2.278823,2.556119,2.780918,2.940934,3.033454,3.064970,3.025828,2.915541,2.742251,2.510434,2.221995,1.875008,1.489998,1.072065,0.624510,0.161616,-0.303887,-0.758974,-1.202970,-1.621338,-2.012130,-2.358956,-2.656504,-2.896602,-3.080951,-3.194929,-3.246718,-3.227688,-3.138120,-2.987536,-2.768690,-2.496869,-2.170796,-1.799490,-1.388872,-0.955542,-0.501545,-0.041033,0.411940,0.869248,1.304873,1.705365,2.068133,2.388512,2.646751,2.845339,2.983322,3.056649,3.058244,2.989401,2.860599,2.665936,2.409015,2.102850,1.744098,1.353179,0.921658,0.478676,0.012446,-0.450644,-0.911368,-1.343404,-1.758824,-2.128809,-2.462119,-2.739027,-2.963471,-3.123153,-3.215356,-3.246561,-3.207109,-3.096509,-2.922896,-2.690736,-2.401984,-2.054713,-1.669353,-1.250946,-0.802621,-0.338103,0.116531,0.573376,1.018235,1.437146,1.828341,2.175493,2.473485,2.713934,2.898610,3.012899,3.064988,3.046253,2.956982,2.806703,2.588176,2.316637,1.990807,1.619785,1.209516,0.776661,0.323435,-0.135454,-0.599297,-1.054845,-1.489608,-1.889557,-2.251922,-2.571808,-2.829659,-3.027891,-3.165542,-3.238550,-3.239834,-3.170682,-3.041567,-2.846588,-2.589547,-2.280130,-1.914168,-1.512109,-1.060960,-0.591254,-0.083785,0.422237,0.961384,1.493855,2.039495,2.569882,3.094357,3.595561,4.080878,4.542582,4.983724,5.418148,5.844463,6.268194,6.688412,7.043107,7.087757,6.741242,5.599230,4.502381,3.493820,2.577189,1.742888,0.976338,0.261432,-0.418188,-1.078949,-1.737843,-2.411209,-3.116673,-3.871959,-4.696274,
5.696065,4.642632,3.689027,2.812249,1.991858,1.211144,0.455575,-0.289841,-1.034625,-1.790665,-2.569873,-3.384388,-4.246542,-5.169061,-6.162100,-7.218416,-8.249873,-6.376936,-4.686792,-3.246782,-2.038075,-1.042390,-0.244129,0.372225,0.822568,1.117841,1.270204,1.293489,1.199197,1.005039,0.725658,0.384634,-0.001096,-0.408692,-0.822005,-1.223713,-1.605696,-1.954363,-2.263857,-2.525168,-2.734331,-2.885339,-2.975300,-3.004041,-2.968764,-2.869615,-2.710299,-2.494401,-2.225311,-1.906980,-1.549271,-1.159647,-0.745344,-0.317294,0.111748,0.537724,0.951647,1.343789,1.706962,2.031407,2.310247,2.537322,2.709002,2.819499,2.868394,2.853146,2.773939,2.634100,2.434844,2.182438,1.880898,1.536957,1.158151,0.754409,0.333007,-0.096729,-0.527994,-0.950759,-1.354623,-1.729353,-2.068305,-2.364250,-2.608107,-2.796220,-2.926099,-2.994484,-2.998559,-2.938757,-2.818584,-2.638692,-2.402655,-2.117147,-1.786599,-1.420216,-1.022860,-0.606664,-0.177101,0.251464,0.676639,1.083990,1.468277,1.817638,2.127597,2.389277,2.598790,2.750128,2.840407,2.869457,2.834488,2.735651,2.576657,2.361095,2.092304,1.774221,1.416764,1.027348,0.613048,0.184251,-0.248418,-0.675079,-1.088933,-1.480810,-1.843681,-2.167837,-2.446248,-2.672978,-2.844333,-2.954521,-3.003118,-2.987575,-2.908071,-2.767929,-2.568358,-2.315674,-2.013905,-1.669716,-1.290658,-0.886708,-0.465303,-0.036314,0.391325,0.813404,1.217336,1.592332,1.931585,2.227987,2.472216,2.660679,2.790889,2.859591,2.863975,2.804481,2.684620,2.505049,2.269348,1.984140,1.653840,1.287709,0.890561,0.474368,0.044058,-0.388134,-0.813994,-1.221276,-1.605297,-1.954357,-2.263861,-2.525168,-2.734331,-2.885339,-2.975300,-3.004041,-2.968764,-2.869615,-2.710299,-2.494401,-2.225311,-1.906980,-1.549271,-1.159647,-0.745344,-0.317294,0.111748,0.537724,0.951647,1.343789,1.706962,2.031407,2.310247,2.537322,2.709002,2.819499,2.868394,2.853146,2.773939,2.634100,2.434844,2.182438,1.880898,1.536957,1.158151,0.754409,0.333007,-0.096729,-0.527994,-0.950759,-1.354623,-1.729353,-2.068305,-2.364250,-2.608107,-2.796220,-2.926099,-2.994484,-2.998559,-2.938757,-2.818584,-2.638708,-2.402318,-2.112699,-1.773675,-1.394513,-0.975245,-0.529353,-0.055196,0.433654,0.943309,1.459201,1.983536,2.503732,3.016164,3.514694,3.999043,4.468226,4.926320,5.383893,5.855758,6.372777,6.992507,7.811139,8.151152,6.643298,5.384343,4.278785,3.292999,2.406405,1.601360,0.860958,0.168752,-0.491207,-1.135359,-1.780205,-2.441689,-3.137251,-3.884704,-4.703145,
5.713772,4.670735,3.730206,2.868901,2.066112,1.305038,0.571291,-0.149752,-0.868835,-1.595481,-2.341622,-3.118935,-3.939615,-4.817598,-5.770516,-6.829888,-8.101446,-6.986923,-5.195575,-3.685909,-2.425447,-1.386203,-0.547805,0.106498,0.592032,0.921236,1.106662,1.161468,1.098001,0.932172,0.679995,0.361870,-0.003095,-0.393791,-0.792372,-1.182891,-1.554189,-1.894873,-2.196778,-2.452503,-2.656814,-2.804847,-2.893664,-2.921994,-2.888225,-2.792681,-2.638168,-2.427991,-2.165944,-1.856846,-1.508675,-1.129135,-0.726143,-0.309746,0.109609,0.525255,0.928895,1.311651,1.665661,1.982332,2.254730,2.476977,2.644701,2.753473,2.801625,2.787568,2.711457,2.575618,2.382466,2.136858,1.843517,1.508839,1.140364,0.746798,0.336025,-0.083400,-0.503734,-0.915545,-1.309125,-1.675005,-2.005882,-2.294309,-2.533059,-2.717556,-2.844871,-2.911987,-2.916935,-2.859903,-2.743171,-2.568450,-2.339301,-2.061323,-1.739945,-1.382717,-0.996318,-0.590347,-0.172554,0.246467,0.660212,1.058025,1.432368,1.773892,2.076273,2.332255,2.536914,2.685276,2.774409,2.803048,2.769585,2.674353,2.520160,2.310317,2.048561,1.739694,1.391732,1.012293,0.609081,0.191689,-0.229955,-0.646552,-1.050356,-1.432957,-1.786712,-2.103112,-2.375087,-2.596992,-2.764393,-2.872857,-2.920710,-2.906360,-2.829953,-2.693812,-2.500346,-2.254463,-1.960899,-1.625990,-1.257307,-0.863640,-0.453087,-0.034657,0.383389,0.794248,1.187664,1.553699,1.884832,2.173696,2.412812,2.597656,2.725300,2.792732,2.797988,2.741263,2.624843,2.450442,2.221626,1.943941,1.622793,1.265775,0.879477,0.473285,0.054497,-0.366813,-0.781509,-1.179486,-1.553674,-1.894943,-2.196886,-2.452503,-2.656814,-2.804847,-2.893664,-2.921994,-2.888225,-2.792681,-2.638168,-2.427991,-2.165944,-1.856846,-1.508675,-1.129135,-0.726143,-0.309746,0.109609,0.525255,0.928895,1.311651,1.665661,1.982332,2.254730,2.476977,2.644701,2.753473,2.801625,2.787568,2.711457,2.575618,2.382466,2.136858,1.843517,1.508839,1.140364,0.746798,0.336025,-0.083400,-0.503734,-0.915545,-1.309125,-1.675005,-2.005882,-2.294309,-2.533059,-2.717556,-2.844871,-2.911987,-2.916935,-2.859903,-2.743171,-2.568490,-2.337709,-2.054189,-1.722428,-1.349972,-0.938318,-0.498165,-0.029957,0.456700,0.963569,1.479666,2.005628,2.529735,3.047277,3.553818,4.048008,4.529703,5.002652,5.476613,5.971071,6.532177,7.265189,8.385211,8.115141,6.480085,5.171755,4.065987,3.100771,2.241123,1.463174,0.747689,0.077588,-0.563082,-1.190816,-1.821664,-2.471287,-3.157012,-3.896801,-4.709636,
5.729473,4.696027,3.767819,2.921335,2.135577,1.393599,0.681088,-0.016356,-0.709572,-1.408972,-2.124702,-2.867841,-3.649897,-4.483883,-5.385725,-6.379921,-7.527112,-7.547449,-5.624216,-4.050861,-2.745955,-1.667138,-0.793114,-0.107065,0.407472,0.762071,0.969638,1.044791,0.998826,0.849099,0.609404,0.302002,-0.056922,-0.444058,-0.842056,-1.232251,-1.605384,-1.947222,-2.251328,-2.508177,-2.713826,-2.862124,-2.950216,-2.977980,-2.942637,-2.844331,-2.686747,-2.473442,-2.207744,-1.893525,-1.540566,-1.156226,-0.747623,-0.325559,0.097318,0.517097,0.924925,1.311208,1.668886,1.988318,2.262731,2.486057,2.654756,2.763101,2.810722,2.795099,2.716430,2.578034,2.381085,2.131806,1.834149,1.494761,1.121071,0.722907,0.307424,-0.116183,-0.541240,-0.957862,-1.355773,-1.724873,-2.058629,-2.349953,-2.589827,-2.774704,-2.902152,-2.968979,-2.972386,-2.912827,-2.793803,-2.615943,-2.382772,-2.100905,-1.774687,-1.413244,-1.021312,-0.610922,-0.187406,0.234971,0.653982,1.055307,1.433846,1.777852,2.082978,2.340443,2.546456,2.695081,2.783486,2.811556,2.776517,2.678519,2.521253,2.308284,2.042883,1.728915,1.376211,0.992082,0.583489,0.160689,-0.265818,-0.686279,-1.094035,-1.480050,-1.837423,-2.156565,-2.430557,-2.653540,-2.821917,-2.929957,-2.977284,-2.961370,-2.882409,-2.743714,-2.546452,-2.296896,-1.999010,-1.659371,-1.285425,-0.887050,-0.471557,-0.048688,0.372741,0.788681,1.186663,1.556032,1.890092,2.181864,2.422109,2.607334,2.735109,2.802249,2.805962,2.746707,2.627991,2.450450,2.217614,1.936044,1.610077,1.248889,0.857169,0.446788,0.022536,-0.403470,-0.823164,-1.224416,-1.602687,-1.946389,-2.251067,-2.508161,-2.713826,-2.862124,-2.950216,-2.977980,-2.942637,-2.844331,-2.686747,-2.473442,-2.207744,-1.893525,-1.540566,-1.156226,-0.747623,-0.325559,0.097318,0.517097,0.924925,1.311208,1.668886,1.988318,2.262731,2.486057,2.654756,2.763101,2.810722,2.795099,2.716430,2.578034,2.381085,2.131806,1.834149,1.494761,1.121071,0.722907,0.307424,-0.116183,-0.541240,-0.957862,-1.355773,-1.724873,-2.058629,-2.349953,-2.589827,-2.774704,-2.902152,-2.968979,-2.972386,-2.912827,-2.793786,-2.614389,-2.377246,-2.086733,-1.746105,-1.364337,-0.940618,-0.487815,-0.003858,0.498045,1.023577,1.557774,2.103869,2.646986,3.184636,3.710767,4.224798,4.724594,5.211507,5.690935,6.170484,6.680077,7.323801,8.462392,7.740198,6.169279,4.907032,3.838421,2.906900,2.078392,1.328748,0.638490,-0.009320,-0.630910,-1.242343,-1.859366,-2.497413,-3.173726,-3.906435,-4.714363,
5.743350,4.719051,3.802960,2.971459,2.203311,1.481420,0.791530,0.119402,-0.545374,-1.214090,-1.896302,-2.601692,-3.340643,-4.123801,-4.960757,-5.855702,-6.797989,-7.650000,-5.793215,-4.233804,-2.898604,-1.779032,-0.869512,-0.156501,0.382260,0.751798,0.965462,1.044784,0.993584,0.840217,0.585039,0.266942,-0.115097,-0.523638,-0.949881,-1.360415,-1.762074,-2.123077,-2.450099,-2.722168,-2.942966,-3.099939,-3.190271,-3.220500,-3.180982,-3.071225,-2.899343,-2.669778,-2.384417,-2.041258,-1.660649,-1.247524,-0.804900,-0.346368,0.102101,0.552750,0.991513,1.404565,1.790265,2.132405,2.425969,2.662670,2.844365,2.956501,3.007315,2.988206,2.899474,2.750638,2.534417,2.266005,1.944057,1.577589,1.172436,0.745159,0.297851,-0.154908,-0.612543,-1.061949,-1.490758,-1.885077,-2.242247,-2.557511,-2.811379,-3.006375,-3.141594,-3.213045,-3.213662,-3.144753,-3.016786,-2.823831,-2.569435,-2.266597,-1.911891,-1.525562,-1.098991,-0.661045,-0.199238,0.246794,0.703113,1.129986,1.540201,1.905234,2.234203,2.507285,2.728584,2.885887,2.976534,3.007070,2.967857,2.858409,2.686848,2.457623,2.172574,1.829702,1.449445,1.036800,0.594951,0.138054,-0.321287,-0.770174,-1.208072,-1.620577,-2.005872,-2.347684,-2.640813,-2.877164,-3.058535,-3.170365,-3.220884,-3.201483,-3.112458,-2.963321,-2.746784,-2.478092,-2.155900,-1.789145,-1.383640,-0.955884,-0.507800,-0.053406,0.393357,0.844525,1.274200,1.669064,2.026640,2.342389,2.596644,2.791993,2.927542,2.999307,3.000231,2.931627,2.803970,2.611337,2.357280,2.054754,1.700335,1.314358,0.888266,0.451097,-0.009076,-0.465980,-0.920538,-1.346544,-1.756213,-2.120841,-2.449325,-2.722020,-2.942966,-3.099939,-3.190271,-3.220500,-3.180982,-3.071225,-2.899343,-2.669778,-2.384417,-2.041258,-1.660649,-1.247524,-0.804900,-0.346368,0.102101,0.552750,0.991513,1.404565,1.790265,2.132405,2.425969,2.662670,2.844365,2.956501,3.007315,2.988206,2.899474,2.750638,2.534417,2.266005,1.944057,1.577589,1.172436,0.745159,0.297851,-0.154908,-0.612543,-1.061949,-1.490758,-1.885077,-2.242247,-2.557511,-2.811379,-3.006375,-3.141594,-3.213045,-3.213662,-3.144753,-3.016284,-2.819693,-2.558678,-2.243703,-1.870063,-1.457692,-0.992063,-0.502618,0.030551,0.568839,1.145831,1.720818,2.312976,2.891536,3.467736,4.024564,4.569216,5.092447,5.592799,6.073390,6.510278,6.866424,7.065371,8.063817,6.953079,5.711603,4.577926,3.575297,2.687664,1.893828,1.174007,0.510382,-0.113630,-0.714109,-1.306758,-1.907278,-2.531112,-3.195618,-3.919258,-4.720777,
5.754697,4.738617,3.833692,3.016298,2.264988,1.562491,0.894557,0.247035,-0.390172,-1.027983,-1.677254,-2.345838,-3.043116,-3.778512,-4.560390,-5.395636,-6.305270,-7.347860,-6.190225,-4.586843,-3.214304,-2.048505,-1.095317,-0.344690,0.226386,0.622485,0.857764,0.955557,0.919296,0.778847,0.532659,0.221798,-0.157649,-0.566269,-0.995907,-1.410402,-1.818303,-2.184782,-2.518011,-2.795144,-3.020510,-3.180430,-3.271907,-3.302547,-3.261522,-3.148159,-2.971474,-2.736188,-2.443784,-2.091392,-1.701244,-1.278037,-0.824101,-0.353917,0.104240,0.565219,1.014265,1.436703,1.831566,2.181479,2.481486,2.723015,2.908665,3.022527,3.074085,3.053784,2.961956,2.809119,2.586795,2.311585,1.981439,1.605707,1.190223,0.752769,0.294833,-0.168237,-0.636803,-1.097162,-1.536256,-1.939424,-2.304669,-2.627452,-2.886427,-3.085039,-3.222822,-3.295542,-3.295286,-3.223607,-3.092199,-2.894073,-2.632789,-2.322421,-1.958546,-1.563061,-1.125533,-0.677362,-0.203785,0.251791,0.719541,1.155951,1.576110,1.948980,2.285528,2.564307,2.790460,2.950740,3.042532,3.073479,3.032759,2.919707,2.743345,2.508401,2.216316,1.864228,1.474477,1.051854,0.598918,0.130617,-0.339750,-0.798701,-1.246649,-1.668430,-2.062842,-2.412410,-2.711973,-2.953150,-3.138475,-3.252029,-3.303291,-3.282698,-3.190576,-3.037438,-2.814797,-2.539303,-2.208906,-1.832871,-1.416991,-0.978952,-0.520016,-0.055063,0.401293,0.863680,1.303873,1.707698,2.073393,2.396680,2.656049,2.855017,2.993131,3.066166,3.066218,2.994844,2.863747,2.665944,2.405003,2.094954,1.731381,1.336293,0.899350,0.452179,-0.019516,-0.487301,-0.953023,-1.388335,-1.807837,-2.180256,-2.516300,-2.794685,-3.020483,-3.180430,-3.271907,-3.302547,-3.261522,-3.148159,-2.971474,-2.736188,-2.443784,-2.091392,-1.701244,-1.278037,-0.824101,-0.353917,0.104240,0.565219,1.014265,1.436703,1.831566,2.181479,2.481486,2.723015,2.908665,3.022527,3.074085,3.053784,2.961956,2.809119,2.586795,2.311585,1.981439,1.605707,1.190223,0.752769,0.294833,-0.168237,-0.636803,-1.097162,-1.536256,-1.939424,-2.304669,-2.627452,-2.886427,-3.085039,-3.222822,-3.295542,-3.295286,-3.223607,-3.089986,-2.885883,-2.614871,-2.288343,-1.900356,-1.472321,-0.987562,-0.477809,0.079053,0.640530,1.243927,1.844422,2.461456,3.063085,3.662642,4.241870,4.809568,5.356131,5.880264,6.383202,6.826236,7.130567,7.129198,7.750409,6.473284,5.309043,4.255695,3.312863,2.470309,1.712729,1.023691,0.387107,-0.213287,-0.792885,-1.367062,-1.951494,-2.561652,-3.214998,-3.930279,-4.726093,
5.765088,4.756535,3.861986,3.057912,2.322707,1.638913,0.992227,0.368511,-0.242097,-0.850083,-1.466813,-2.098448,-2.754185,-3.442917,-4.172950,-4.952118,-5.799985,-6.729044,-6.880899,-5.112282,-3.673588,-2.438872,-1.425069,-0.622414,-0.006925,0.428957,0.700724,0.831554,0.826590,0.714035,0.494231,0.205536,-0.153877,-0.546845,-0.963912,-1.370305,-1.771275,-2.133823,-2.463690,-2.739198,-2.963389,-3.123153,-3.215356,-3.246561,-3.207109,-3.096509,-2.922896,-2.690736,-2.401984,-2.054713,-1.669353,-1.250946,-0.802621,-0.338103,0.116531,0.573376,1.018235,1.437146,1.828341,2.175493,2.473485,2.713934,2.898610,3.012899,3.064988,3.046253,2.956982,2.806703,2.588176,2.316637,1.990807,1.619785,1.209516,0.776661,0.323435,-0.135454,-0.599297,-1.054845,-1.489608,-1.889557,-2.251922,-2.571808,-2.829659,-3.027891,-3.165542,-3.238550,-3.239834,-3.170682,-3.041567,-2.846580,-2.589317,-2.282840,-1.923803,-1.532535,-1.100539,-0.656787,-0.188933,0.263287,0.725771,1.158669,1.574631,1.945020,2.278823,2.556119,2.780918,2.940934,3.033454,3.064970,3.025828,2.915541,2.742251,2.510434,2.221995,1.875008,1.489998,1.072065,0.624510,0.161616,-0.303887,-0.758974,-1.202970,-1.621338,-2.012130,-2.358956,-2.656504,-2.896602,-3.080951,-3.194929,-3.246718,-3.227688,-3.138120,-2.987536,-2.768690,-2.496869,-2.170796,-1.799490,-1.388872,-0.955542,-0.501545,-0.041033,0.411940,0.869248,1.304873,1.705365,2.068133,2.388512,2.646751,2.845339,2.983322,3.056649,3.058244,2.989401,2.860599,2.665936,2.409015,2.102850,1.744098,1.353179,0.921658,0.478676,0.012446,-0.450644,-0.911368,-1.343404,-1.758824,-2.128809,-2.462119,-2.739027,-2.963471,-3.123153,-3.215356,-3.246561,-3.207109,-3.096509,-2.922896,-2.690736,-2.401984,-2.054713,-1.669353,-1.250946,-0.802621,-0.338103,0.116531,0.573376,1.018235,1.437146,1.828341,2.175493,2.473485,2.713934,2.898610,3.012899,3.064988,3.046253,2.956982,2.806703,2.588176,2.316637,1.990807,1.619785,1.209516,0.776661,0.323435,-0.135454,-0.599297,-1.054845,-1.489608,-1.889557,-2.251922,-2.571808,-2.829659,-3.027891,-3.165542,-3.238550,-3.239834,-3.170422,-3.037577,-2.834732,-2.565353,-2.239649,-1.852509,-1.423591,-0.937871,-0.424420,0.136340,0.705436,1.315586,1.925312,2.549894,3.161260,3.771194,4.363706,4.947905,5.518089,6.078690,6.640255,7.179919,7.623475,7.797364,7.192863,6.046026,4.949864,3.954111,3.060336,2.259035,1.536543,0.878016,0.268073,-0.308982,-0.867965,-1.423975,-1.992715,-2.589715,-3.232515,-3.940071,-4.730768,
5.773876,4.771703,3.886024,3.093464,2.372287,1.704818,1.076625,0.473489,-0.114290,-0.696862,-1.285092,-1.885875,-2.506568,-3.156301,-3.843895,-4.579501,-5.389602,-6.309976,-7.376583,-5.969097,-4.385526,-3.052553,-1.964212,-1.097999,-0.429269,0.059870,0.386681,0.568889,0.620011,0.557115,0.393764,0.151042,-0.156536,-0.506248,-0.879582,-1.255321,-1.621242,-1.960803,-2.265846,-2.525313,-2.734220,-2.885257,-2.975300,-3.004041,-2.968764,-2.869615,-2.710299,-2.494401,-2.225311,-1.906980,-1.549271,-1.159647,-0.745344,-0.317294,0.111748,0.537724,0.951647,1.343789,1.706962,2.031407,2.310247,2.537322,2.709002,2.819499,2.868394,2.853146,2.773939,2.634100,2.434844,2.182438,1.880898,1.536957,1.158151,0.754409,0.333007,-0.096729,-0.527994,-0.950759,-1.354623,-1.729353,-2.068305,-2.364250,-2.608107,-2.796220,-2.926099,-2.994484,-2.998559,-2.938757,-2.818584,-2.638692,-2.402655,-2.117147,-1.786599,-1.420216,-1.022860,-0.606664,-0.177101,0.251464,0.676639,1.083990,1.468277,1.817638,2.127597,2.389277,2.598790,2.750128,2.840407,2.869457,2.834488,2.735651,2.576657,2.361095,2.092304,1.774221,1.416764,1.027348,0.613048,0.184251,-0.248418,-0.675079,-1.088933,-1.480810,-1.843681,-2.167837,-2.446248,-2.672978,-2.844333,-2.954521,-3.003118,-2.987575,-2.908071,-2.767929,-2.568358,-2.315674,-2.013905,-1.669716,-1.290658,-0.886708,-0.465303,-0.036314,0.391325,0.813404,1.217336,1.592332,1.931585,2.227987,2.472216,2.660679,2.790889,2.859591,2.863975,2.804481,2.684620,2.505049,2.269348,1.984140,1.653840,1.287709,0.890561,0.474368,0.044058,-0.388134,-0.813994,-1.221276,-1.605297,-1.954357,-2.263861,-2.525168,-2.734331,-2.885339,-2.975300,-3.004041,-2.968764,-2.869615,-2.710299,-2.494401,-2.225311,-1.906980,-1.549271,-1.159647,-0.745344,-0.317294,0.111748,0.537724,0.951647,1.343789,1.706962,2.031407,2.310247,2.537322,2.709002,2.819499,2.868394,2.853146,2.773939,2.634100,2.434844,2.182438,1.880898,1.536957,1.158151,0.754409,0.333007,-0.096729,-0.527994,-0.950759,-1.354623,-1.729353,-2.068305,-2.364250,-2.608107,-2.796220,-2.926099,-2.994484,-2.998592,-2.936805,-2.811043,-2.620860,-2.369686,-2.061135,-1.697597,-1.287425,-0.828728,-0.333573,0.199609,0.757002,1.342753,1.941780,2.549749,3.156314,3.760092,4.356693,4.948691,5.540324,6.145490,6.792303,7.522043,8.388218,8.493048,6.961492,5.731009,4.648263,3.690827,2.838876,2.076326,1.387912,0.758920,0.173926,-0.381947,-0.922960,-1.463817,-2.020113,-2.607278,-3.242721,-3.945358,-4.733182,
5.781111,4.784557,3.906831,3.124809,2.416721,1.764719,1.154218,0.570863,0.005058,-0.553082,-1.114095,-1.685529,-2.272903,-2.885522,-3.532320,-4.224557,-4.992629,-5.885706,-6.986107,-6.749595,-5.003010,-3.550684,-2.389023,-1.467408,-0.751322,-0.218038,0.150897,0.372611,0.461978,0.434529,0.305461,0.093238,-0.185542,-0.510638,-0.862665,-1.222158,-1.573857,-1.903111,-2.199326,-2.452538,-2.656498,-2.804696,-2.893664,-2.921994,-2.888225,-2.792681,-2.638168,-2.427991,-2.165944,-1.856846,-1.508675,-1.129135,-0.726143,-0.309746,0.109609,0.525255,0.928895,1.311651,1.665661,1.982332,2.254730,2.476977,2.644701,2.753473,2.801625,2.787568,2.711457,2.575618,2.382466,2.136858,1.843517,1.508839,1.140364,0.746798,0.336025,-0.083400,-0.503734,-0.915545,-1.309125,-1.675005,-2.005882,-2.294309,-2.533059,-2.717556,-2.844871,-2.911987,-2.916935,-2.859903,-2.743171,-2.568450,-2.339301,-2.061323,-1.739945,-1.382717,-0.996318,-0.590347,-0.172554,0.246467,0.660212,1.058025,1.432368,1.773892,2.076273,2.332255,2.536914,2.685276,2.774409,2.803048,2.769585,2.674353,2.520160,2.310317,2.048561,1.739694,1.391732,1.012293,0.609081,0.191689,-0.229955,-0.646552,-1.050356,-1.432957,-1.786712,-2.103112,-2.375087,-2.596992,-2.764393,-2.872857,-2.920710,-2.906360,-2.829953,-2.693812,-2.500346,-2.254463,-1.960899,-1.625990,-1.257307,-0.863640,-0.453087,-0.034657,0.383389,0.794248,1.187664,1.553699,1.884832,2.173696,2.412812,2.597656,2.725300,2.792732,2.797988,2.741263,2.624843,2.450442,2.221626,1.943941,1.622793,1.265775,0.879477,0.473285,0.054497,-0.366813,-0.781509,-1.179486,-1.553674,-1.894943,-2.196886,-2.452503,-2.656814,-2.804847,-2.893664,-2.921994,-2.888225,-2.792681,-2.638168,-2.427991,-2.165944,-1.856846,-1.508675,-1.129135,-0.726143,-0.309746,0.109609,0.525255,0.928895,1.311651,1.665661,1.982332,2.254730,2.476977,2.644701,2.753473,2.801625,2.787568,2.711457,2.575618,2.382466,2.136858,1.843517,1.508839,1.140364,0.746798,0.336025,-0.083400,-0.503734,-0.915545,-1.309125,-1.675005,-2.005882,-2.294309,-2.533059,-2.717556,-2.844871,-2.911995,-2.916261,-2.855510,-2.730960,-2.543121,-2.295316,-1.989847,-1.629796,-1.221679,-0.765270,-0.270000,0.263178,0.823974,1.412192,2.017236,2.631228,3.246994,3.861319,4.471316,5.078440,5.688836,6.321584,7.023922,7.902963,8.987262,8.193154,6.646199,5.417201,4.360639,3.440141,2.626945,1.900855,1.245256,0.644738,0.084172,-0.450848,-0.974178,-1.500214,-2.044509,-2.622418,-3.251163,-3.949495,-4.734969,
5.786390,4.794662,3.923911,3.151356,2.455299,1.817786,1.224077,0.659644,0.114941,-0.419700,-0.954571,-1.496718,-2.053084,-2.631455,-3.239579,-3.886892,-4.598131,-5.401433,-6.292062,-7.158209,-5.460653,-3.930967,-2.728524,-1.772698,-1.022721,-0.457591,-0.059898,0.188137,0.300458,0.294568,0.183581,-0.011588,-0.277062,-0.590950,-0.935205,-1.288219,-1.636859,-1.963489,-2.258926,-2.511169,-2.714934,-2.862620,-2.950311,-2.977980,-2.942637,-2.844331,-2.686747,-2.473442,-2.207744,-1.893525,-1.540566,-1.156226,-0.747623,-0.325559,0.097318,0.517097,0.924925,1.311208,1.668886,1.988318,2.262731,2.486057,2.654756,2.763101,2.810722,2.795099,2.716430,2.578034,2.381085,2.131806,1.834149,1.494761,1.121071,0.722907,0.307424,-0.116183,-0.541240,-0.957862,-1.355773,-1.724873,-2.058629,-2.349953,-2.589827,-2.774704,-2.902152,-2.968979,-2.972386,-2.912827,-2.793803,-2.615943,-2.382772,-2.100905,-1.774687,-1.413244,-1.021312,-0.610922,-0.187406,0.234971,0.653982,1.055307,1.433846,1.777852,2.082978,2.340443,2.546456,2.695081,2.783486,2.811556,2.776517,2.678519,2.521253,2.308284,2.042883,1.728915,1.376211,0.992082,0.583489,0.160689,-0.265818,-0.686279,-1.094035,-1.480050,-1.837423,-2.156565,-2.430557,-2.653540,-2.821917,-2.929957,-2.977284,-2.961370,-2.882409,-2.743714,-2.546452,-2.296896,-1.999010,-1.659371,-1.285425,-0.887050,-0.471557,-0.048688,0.372741,0.788681,1.186663,1.556032,1.890092,2.181864,2.422109,2.607334,2.735109,2.802249,2.805962,2.746707,2.627991,2.450450,2.217614,1.936044,1.610077,1.248889,0.857169,0.446788,0.022536,-0.403470,-0.823164,-1.224416,-1.602687,-1.946389,-2.251067,-2.508161,-2.713826,-2.862124,-2.950216,-2.977980,-2.942637,-2.844331,-2.686747,-2.473442,-2.207744,-1.893525,-1.540566,-1.156226,-0.747623,-0.325559,0.097318,0.517097,0.924925,1.311208,1.668886,1.988318,2.262731,2.486057,2.654756,2.763101,2.810722,2.795099,2.716430,2.578034,2.381085,2.131806,1.834149,1.494761,1.121071,0.722907,0.307424,-0.116183,-0.541240,-0.957862,-1.355773,-1.724873,-2.058629,-2.349953,-2.589827,-2.774704,-2.902152,-2.968751,-2.969352,-2.903531,-2.773303,-2.577968,-2.320669,-2.004444,-1.630965,-1.208132,-0.733732,-0.219618,0.335364,0.916949,1.529077,2.157164,2.795930,3.435748,4.075039,4.708348,5.335735,5.957017,6.581638,7.245180,8.059213,9.185593,7.597308,6.221682,5.071613,4.068871,3.194045,2.421848,1.732530,1.109456,0.536965,0.000488,-0.514007,-1.020047,-1.531771,-2.064726,-2.634184,-3.257101,-3.951916,-4.735709,
5.791511,4.804531,3.940693,3.177649,2.493918,1.871554,1.295707,0.751669,0.229899,-0.279107,-0.785484,-1.295925,-1.816994,-2.357603,-2.923226,-3.521214,-4.172535,-4.899968,-5.706314,-6.612065,-5.522043,-4.069770,-2.882973,-1.915713,-1.140521,-0.553605,-0.142002,0.117188,0.230228,0.226303,0.105294,-0.094635,-0.376367,-0.704183,-1.069333,-1.436141,-1.807956,-2.149547,-2.464528,-2.729304,-2.946283,-3.101387,-3.190705,-3.220529,-3.180982,-3.071225,-2.899343,-2.669778,-2.384417,-2.041258,-1.660649,-1.247524,-0.804900,-0.346368,0.102101,0.552750,0.991513,1.404565,1.790265,2.132405,2.425969,2.662670,2.844365,2.956501,3.007315,2.988206,2.899474,2.750638,2.534417,2.266005,1.944057,1.577589,1.172436,0.745159,0.297851,-0.154908,-0.612543,-1.061949,-1.490758,-1.885077,-2.242247,-2.557511,-2.811379,-3.006375,-3.141594,-3.213045,-3.213662,-3.144753,-3.016786,-2.823831,-2.569435,-2.266597,-1.911891,-1.525562,-1.098991,-0.661045,-0.199238,0.246794,0.703113,1.129986,1.540201,1.905234,2.234203,2.507285,2.728584,2.885887,2.976534,3.007070,2.967857,2.858409,2.686848,2.457623,2.172574,1.829702,1.449445,1.036800,0.594951,0.138054,-0.321287,-0.770174,-1.208072,-1.620577,-2.005872,-2.347684,-2.640813,-2.877164,-3.058535,-3.170365,-3.220884,-3.201483,-3.112458,-2.963321,-2.746784,-2.478092,-2.155900,-1.789145,-1.383640,-0.955884,-0.507800,-0.053406,0.393357,0.844525,1.274200,1.669064,2.026640,2.342389,2.596644,2.791993,2.927542,2.999307,3.000231,2.931627,2.803970,2.611337,2.357280,2.054754,1.700335,1.314358,0.888266,0.451097,-0.009076,-0.465980,-0.920538,-1.346544,-1.756213,-2.120841,-2.449325,-2.722020,-2.942966,-3.099939,-3.190271,-3.220500,-3.180982,-3.071225,-2.899343,-2.669778,-2.384417,-2.041258,-1.660649,-1.247524,-0.804900,-0.346368,0.102101,0.552750,0.991513,1.404565,1.790265,2.132405,2.425969,2.662670,2.844365,2.956501,3.007315,2.988206,2.899474,2.750638,2.534417,2.266005,1.944057,1.577589,1.172436,0.745159,0.297851,-0.154908,-0.612543,-1.061949,-1.490758,-1.885077,-2.242247,-2.557511,-2.811379,-3.006375,-3.141594,-3.211276,-3.206802,-3.128594,-2.985509,-2.770087,-2.485321,-2.140353,-1.728765,-1.269417,-0.746788,-0.189635,0.420691,1.044269,1.712434,2.384340,3.073546,3.753765,4.436733,5.104930,5.762829,6.394055,6.982292,7.502736,7.961159,8.497790,7.022009,5.769432,4.704657,3.762864,2.936134,2.204745,1.551425,0.960024,0.415610,-0.095954,-0.588508,-1.075467,-1.570940,-2.090661,-2.649970,-3.265623,-3.955729,-4.736983,
5.795759,4.812996,3.955318,3.200849,2.528408,1.920139,1.361117,0.836444,0.336548,-0.147959,-0.627116,-1.107332,-1.594647,-2.098122,-2.623244,-3.174979,-3.772010,-4.432928,-5.148956,-5.880275,-6.053131,-4.362246,-3.208578,-2.218300,-1.402861,-0.776964,-0.332647,-0.046283,0.088311,0.103010,-0.003643,-0.190752,-0.463477,-0.784166,-1.145311,-1.509210,-1.881465,-2.223871,-2.541311,-2.808032,-3.027245,-3.183600,-3.273009,-3.302795,-3.261528,-3.148159,-2.971474,-2.736188,-2.443784,-2.091392,-1.701244,-1.278037,-0.824101,-0.353917,0.104240,0.565219,1.014265,1.436703,1.831566,2.181479,2.481486,2.723015,2.908665,3.022527,3.074085,3.053784,2.961956,2.809119,2.586795,2.311585,1.981439,1.605707,1.190223,0.752769,0.294833,-0.168237,-0.636803,-1.097162,-1.536256,-1.939424,-2.304669,-2.627452,-2.886427,-3.085039,-3.222822,-3.295542,-3.295286,-3.223607,-3.092199,-2.894073,-2.632789,-2.322421,-1.958546,-1.563061,-1.125533,-0.677362,-0.203785,0.251791,0.719541,1.155951,1.576110,1.948980,2.285528,2.564307,2.790460,2.950740,3.042532,3.073479,3.032759,2.919707,2.743345,2.508401,2.216316,1.864228,1.474477,1.051854,0.598918,0.130617,-0.339750,-0.798701,-1.246649,-1.668430,-2.062842,-2.412410,-2.711973,-2.953150,-3.138475,-3.252029,-3.303291,-3.282698,-3.190576,-3.037438,-2.814797,-2.539303,-2.208906,-1.832871,-1.416991,-0.978952,-0.520016,-0.055063,0.401293,0.863680,1.303873,1.707698,2.073393,2.396680,2.656049,2.855017,2.993131,3.066166,3.066218,2.994844,2.863747,2.665944,2.405003,2.094954,1.731381,1.336293,0.899350,0.452179,-0.019516,-0.487301,-0.953023,-1.388335,-1.807837,-2.180256,-2.516300,-2.794685,-3.020483,-3.180430,-3.271907,-3.302547,-3.261522,-3.148159,-2.971474,-2.736188,-2.443784,-2.091392,-1.701244,-1.278037,-0.824101,-0.353917,0.104240,0.565219,1.014265,1.436703,1.831566,2.181479,2.481486,2.723015,2.908665,3.022527,3.074085,3.053784,2.961956,2.809119,2.586795,2.311585,1.981439,1.605707,1.190223,0.752769,0.294833,-0.168237,-0.636803,-1.097162,-1.536256,-1.939424,-2.304669,-2.627452,-2.886427,-3.085039,-3.222200,-3.291027,-3.282987,-3.198494,-3.047473,-2.821171,-2.522401,-2.161099,-1.729564,-1.248189,-0.699776,-0.115748,0.524502,1.177026,1.875792,2.576550,3.295846,4.005327,4.719169,5.418730,6.108846,6.766851,7.358638,7.820956,8.381842,7.663339,6.441432,5.320709,4.341588,3.462481,2.685517,1.995974,1.378727,0.818743,0.302001,-0.185176,-0.656431,-1.125087,-1.605221,-2.112718,-2.662924,-3.272291,-3.958463,-4.737743,
5.798779,4.819674,3.967393,3.220539,2.558308,1.963027,1.419745,0.913398,0.434360,-0.026692,-0.479767,-0.931071,-1.386242,-1.853821,-2.339767,-2.847409,-3.396081,-4.006669,-4.680341,-5.417536,-6.236082,-4.879801,-3.738747,-2.669833,-1.775539,-1.083991,-0.585328,-0.253188,-0.077607,-0.026670,-0.099119,-0.256485,-0.501306,-0.798068,-1.138405,-1.486712,-1.845915,-2.179798,-2.490625,-2.753536,-2.970206,-3.125842,-3.215879,-3.246418,-3.206974,-3.096505,-2.922896,-2.690736,-2.401984,-2.054713,-1.669353,-1.250946,-0.802621,-0.338103,0.116531,0.573376,1.018235,1.437146,1.828341,2.175493,2.473485,2.713934,2.898610,3.012899,3.064988,3.046253,2.956982,2.806703,2.588176,2.316637,1.990807,1.619785,1.209516,0.776661,0.323435,-0.135454,-0.599297,-1.054845,-1.489608,-1.889557,-2.251922,-2.571808,-2.829659,-3.027891,-3.165542,-3.238550,-3.239834,-3.170682,-3.041567,-2.846580,-2.589317,-2.282840,-1.923803,-1.532535,-1.100539,-0.656787,-0.188933,0.263287,0.725771,1.158669,1.574631,1.945020,2.278823,2.556119,2.780918,2.940934,3.033454,3.064970,3.025828,2.915541,2.742251,2.510434,2.221995,1.875008,1.489998,1.072065,0.624510,0.161616,-0.303887,-0.758974,-1.202970,-1.621338,-2.012130,-2.358956,-2.656504,-2.896602,-3.080951,-3.194929,-3.246718,-3.227688,-3.138120,-2.987536,-2.768690,-2.496869,-2.170796,-1.799490,-1.388872,-0.955542,-0.501545,-0.041033,0.411940,0.869248,1.304873,1.705365,2.068133,2.388512,2.646751,2.845339,2.983322,3.056649,3.058244,2.989401,2.860599,2.665936,2.409015,2.102850,1.744098,1.353179,0.921658,0.478676,0.012446,-0.450644,-0.911368,-1.343404,-1.758824,-2.128809,-2.462119,-2.739027,-2.963471,-3.123153,-3.215356,-3.246561,-3.207109,-3.096509,-2.922896,-2.690736,-2.401984,-2.054713,-1.669353,-1.250946,-0.802621,-0.338103,0.116531,0.573376,1.018235,1.437146,1.828341,2.175493,2.473485,2.713934,2.898610,3.012899,3.064988,3.046253,2.956982,2.806703,2.588176,2.316637,1.990807,1.619785,1.209516,0.776661,0.323435,-0.135454,-0.599297,-1.054845,-1.489608,-1.889557,-2.251922,-2.571808,-2.829659,-3.027782,-3.162796,-3.229639,-3.220191,-3.134564,-2.981294,-2.752492,-2.450833,-2.085008,-1.648188,-1.159137,-0.602810,-0.008366,0.642117,1.308175,2.018123,2.731980,3.464727,4.191300,4.925582,5.653674,6.384880,7.104882,7.778683,8.278291,8.481355,7.156220,5.966337,4.912828,3.998037,3.174346,2.444619,1.795817,1.213670,0.684382,0.194648,-0.268805,-0.719467,-1.170602,-1.636256,-2.132415,-2.674354,-3.278144,-3.960849,-4.738393,
5.800707,4.824465,3.976356,3.235409,2.581203,1.996279,1.465687,0.974208,0.512150,0.070211,-0.361634,-0.789416,-1.218404,-1.656781,-2.110926,-2.583291,-3.094197,-3.667891,-4.314586,-5.057080,-5.956850,-6.155815,-4.670698,-3.378640,-2.354448,-1.572216,-0.998570,-0.602441,-0.361299,-0.252413,-0.260413,-0.364078,-0.549200,-0.794437,-1.082626,-1.392365,-1.709798,-2.015458,-2.297649,-2.541956,-2.741717,-2.887957,-2.975482,-3.003581,-2.968537,-2.869587,-2.710299,-2.494401,-2.225311,-1.906980,-1.549271,-1.159647,-0.745344,-0.317294,0.111748,0.537724,0.951647,1.343789,1.706962,2.031407,2.310247,2.537322,2.709002,2.819499,2.868394,2.853146,2.773939,2.634100,2.434844,2.182438,1.880898,1.536957,1.158151,0.754409,0.333007,-0.096729,-0.527994,-0.950759,-1.354623,-1.729353,-2.068305,-2.364250,-2.608107,-2.796220,-2.926099,-2.994484,-2.998559,-2.938757,-2.818584,-2.638692,-2.402655,-2.117147,-1.786599,-1.420216,-1.022860,-0.606664,-0.177101,0.251464,0.676639,1.083990,1.468277,1.817638,2.127597,2.389277,2.598790,2.750128,2.840407,2.869457,2.834488,2.735651,2.576657,2.361095,2.092304,1.774221,1.416764,1.027348,0.613048,0.184251,-0.248418,-0.675079,-1.088933,-1.480810,-1.843681,-2.167837,-2.446248,-2.672978,-2.844333,-2.954521,-3.003118,-2.987575,-2.908071,-2.767929,-2.568358,-2.315674,-2.013905,-1.669716,-1.290658,-0.886708,-0.465303,-0.036314,0.391325,0.813404,1.217336,1.592332,1.931585,2.227987,2.472216,2.660679,2.790889,2.859591,2.863975,2.804481,2.684620,2.505049,2.269348,1.984140,1.653840,1.287709,0.890561,0.474368,0.044058,-0.388134,-0.813994,-1.221276,-1.605297,-1.954357,-2.263861,-2.525168,-2.734331,-2.885339,-2.975300,-3.004041,-2.968764,-2.869615,-2.710299,-2.494401,-2.225311,-1.906980,-1.549271,-1.159647,-0.745344,-0.317294,0.111748,0.537724,0.951647,1.343789,1.706962,2.031407,2.310247,2.537322,2.709002,2.819499,2.868394,2.853146,2.773939,2.634100,2.434844,2.182438,1.880898,1.536957,1.158151,0.754409,0.333007,-0.096729,-0.527994,-0.950759,-1.354623,-1.729353,-2.068305,-2.364250,-2.608098,-2.794808,-2.919912,-2.979359,-2.969223,-2.888651,-2.739008,-2.518722,-2.230260,-1.875728,-1.455927,-0.978498,-0.442028,0.140960,0.770341,1.431589,2.123517,2.832394,3.555694,4.285902,5.025338,5.776053,6.551796,7.374274,8.278438,9.216076,8.144932,6.731383,5.552417,4.545989,3.685882,2.914206,2.231033,1.622477,1.074894,0.575224,0.110782,-0.331265,-0.764150,-1.200929,-1.655437,-2.143510,-2.680120,-3.280760,-3.961741,-4.738537,
5.802313,4.828670,3.984282,3.248582,2.601552,2.026012,1.507071,1.029417,0.583293,0.159378,-0.252429,-0.658051,-1.062447,-1.473540,-1.897433,-2.337879,-2.813378,-3.349874,-3.958581,-4.658487,-5.477951,-6.432347,-5.499572,-3.962784,-2.814825,-1.960697,-1.332872,-0.888858,-0.601586,-0.449337,-0.414905,-0.480019,-0.628262,-0.840438,-1.098603,-1.383639,-1.679360,-1.968605,-2.237343,-2.472198,-2.664986,-2.807238,-2.893199,-2.920872,-2.887639,-2.792453,-2.638156,-2.427991,-2.165944,-1.856846,-1.508675,-1.129135,-0.726143,-0.309746,0.109609,0.525255,0.928895,1.311651,1.665661,1.982332,2.254730,2.476977,2.644701,2.753473,2.801625,2.787568,2.711457,2.575618,2.382466,2.136858,1.843517,1.508839,1.140364,0.746798,0.336025,-0.083400,-0.503734,-0.915545,-1.309125,-1.675005,-2.005882,-2.294309,-2.533059,-2.717556,-2.844871,-2.911987,-2.916935,-2.859903,-2.743171,-2.568450,-2.339301,-2.061323,-1.739945,-1.382717,-0.996318,-0.590347,-0.172554,0.246467,0.660212,1.058025,1.432368,1.773892,2.076273,2.332255,2.536914,2.685276,2.774409,2.803048,2.769585,2.674353,2.520160,2.310317,2.048561,1.739694,1.391732,1.012293,0.609081,0.191689,-0.229955,-0.646552,-1.050356,-1.432957,-1.786712,-2.103112,-2.375087,-2.596992,-2.764393,-2.872857,-2.920710,-2.906360,-2.829953,-2.693812,-2.500346,-2.254463,-1.960899,-1.625990,-1.257307,-0.863640,-0.453087,-0.034657,0.383389,0.794248,1.187664,1.553699,1.884832,2.173696,2.412812,2.597656,2.725300,2.792732,2.797988,2.741263,2.624843,2.450442,2.221626,1.943941,1.622793,1.265775,0.879477,0.473285,0.054497,-0.366813,-0.781509,-1.179486,-1.553674,-1.894943,-2.196886,-2.452503,-2.656814,-2.804847,-2.893664,-2.921994,-2.888225,-2.792681,-2.638168,-2.427991,-2.165944,-1.856846,-1.508675,-1.129135,-0.726143,-0.309746,0.109609,0.525255,0.928895,1.311651,1.665661,1.982332,2.254730,2.476977,2.644701,2.753473,2.801625,2.787568,2.711457,2.575618,2.382466,2.136858,1.843517,1.508839,1.140364,0.746798,0.336025,-0.083400,-0.503734,-0.915545,-1.309125,-1.675005,-2.005882,-2.294309,-2.532472,-2.713466,-2.833442,-2.888328,-2.874965,-2.792116,-2.639697,-2.416933,-2.126099,-1.768071,-1.344587,-0.861687,-0.320089,0.270009,0.906030,1.578142,2.279280,3.000394,3.736688,4.483126,5.240521,6.014919,6.828540,7.734106,8.825375,9.266948,7.638100,6.284878,5.153647,4.198562,3.390243,2.667309,2.027934,1.457628,0.943202,0.472087,0.032059,-0.389375,-0.805264,-1.228497,-1.672679,-2.153412,-2.685283,-3.283181,-3.962639,-4.738713,
5.803153,4.831730,3.990521,3.259326,2.618540,2.051305,1.542858,1.077869,0.646544,0.239515,-0.153430,-0.538153,-0.919334,-1.304664,-1.700005,-2.108668,-2.550528,-3.049756,-3.614912,-4.259358,-5.003324,-5.888385,-6.034202,-4.335282,-3.140535,-2.270124,-1.623039,-1.154081,-0.840705,-0.662275,-0.604671,-0.647562,-0.777288,-0.972486,-1.216308,-1.487772,-1.773420,-2.053609,-2.316001,-2.545319,-2.734173,-2.872728,-2.954917,-2.979802,-2.943568,-2.844818,-2.686850,-2.473444,-2.207744,-1.893525,-1.540566,-1.156226,-0.747623,-0.325559,0.097318,0.517097,0.924925,1.311208,1.668886,1.988318,2.262731,2.486057,2.654756,2.763101,2.810722,2.795099,2.716430,2.578034,2.381085,2.131806,1.834149,1.494761,1.121071,0.722907,0.307424,-0.116183,-0.541240,-0.957862,-1.355773,-1.724873,-2.058629,-2.349953,-2.589827,-2.774704,-2.902152,-2.968979,-2.972386,-2.912827,-2.793803,-2.615943,-2.382772,-2.100905,-1.774687,-1.413244,-1.021312,-0.610922,-0.187406,0.234971,0.653982,1.055307,1.433846,1.777852,2.082978,2.340443,2.546456,2.695081,2.783486,2.811556,2.776517,2.678519,2.521253,2.308284,2.042883,1.728915,1.376211,0.992082,0.583489,0.160689,-0.265818,-0.686279,-1.094035,-1.480050,-1.837423,-2.156565,-2.430557,-2.653540,-2.821917,-2.929957,-2.977284,-2.961370,-2.882409,-2.743714,-2.546452,-2.296896,-1.999010,-1.659371,-1.285425,-0.887050,-0.471557,-0.048688,0.372741,0.788681,1.186663,1.556032,1.890092,2.181864,2.422109,2.607334,2.735109,2.802249,2.805962,2.746707,2.627991,2.450450,2.217614,1.936044,1.610077,1.248889,0.857169,0.446788,0.022536,-0.403470,-0.823164,-1.224416,-1.602687,-1.946389,-2.251067,-2.508161,-2.713826,-2.862124,-2.950216,-2.977980,-2.942637,-2.844331,-2.686747,-2.473442,-2.207744,-1.893525,-1.540566,-1.156226,-0.747623,-0.325559,0.097318,0.517097,0.924925,1.311208,1.668886,1.988318,2.262731,2.486057,2.654756,2.763101,2.810722,2.795099,2.716430,2.578034,2.381085,2.131806,1.834149,1.494761,1.121071,0.722907,0.307424,-0.116183,-0.541240,-0.957862,-1.355773,-1.724873,-2.058629,-2.349785,-2.586948,-2.765839,-2.882667,-2.933091,-2.912965,-2.821109,-2.658384,-2.422639,-2.115909,-1.739974,-1.295493,-0.790169,-0.223113,0.392841,1.057429,1.757138,2.488902,3.240143,4.008030,4.783789,5.567273,6.357690,7.171863,8.068247,9.255085,8.627450,7.083944,5.816568,4.755317,3.860828,3.106800,2.432579,1.835987,1.303038,0.820994,0.377714,-0.038640,-0.440292,-0.840139,-1.250901,-1.685904,-2.160387,-2.688460,-3.284391,-3.962936,-4.738758,
5.803153,4.833833,3.995815,3.269234,2.634935,2.076459,1.579270,1.128136,0.713272,0.325256,-0.046280,-0.407218,-0.762047,-1.118335,-1.481786,-1.855268,-2.257969,-2.714260,-3.228139,-3.804503,-4.442327,-5.115784,-5.693179,-4.191234,-3.217968,-2.418103,-1.788329,-1.313176,-0.994576,-0.807708,-0.753861,-0.795652,-0.936214,-1.139799,-1.398339,-1.676821,-1.978715,-2.267286,-2.543386,-2.780396,-2.978471,-3.121067,-3.201866,-3.226479,-3.184184,-3.072744,-2.899821,-2.669823,-2.384417,-2.041258,-1.660649,-1.247524,-0.804900,-0.346368,0.102101,0.552750,0.991513,1.404565,1.790265,2.132405,2.425969,2.662670,2.844365,2.956501,3.007315,2.988206,2.899474,2.750638,2.534417,2.266005,1.944057,1.577589,1.172436,0.745159,0.297851,-0.154908,-0.612543,-1.061949,-1.490758,-1.885077,-2.242247,-2.557511,-2.811379,-3.006375,-3.141594,-3.213045,-3.213662,-3.144753,-3.016786,-2.823831,-2.569435,-2.266597,-1.911891,-1.525562,-1.098991,-0.661045,-0.199238,0.246794,0.703113,1.129986,1.540201,1.905234,2.234203,2.507285,2.728584,2.885887,2.976534,3.007070,2.967857,2.858409,2.686848,2.457623,2.172574,1.829702,1.449445,1.036800,0.594951,0.138054,-0.321287,-0.770174,-1.208072,-1.620577,-2.005872,-2.347684,-2.640813,-2.877164,-3.058535,-3.170365,-3.220884,-3.201483,-3.112458,-2.963321,-2.746784,-2.478092,-2.155900,-1.789145,-1.383640,-0.955884,-0.507800,-0.053406,0.393357,0.844525,1.274200,1.669064,2.026640,2.342389,2.596644,2.791993,2.927542,2.999307,3.000231,2.931627,2.803970,2.611337,2.357280,2.054754,1.700335,1.314358,0.888266,0.451097,-0.009076,-0.465980,-0.920538,-1.346544,-1.756213,-2.120841,-2.449325,-2.722020,-2.942966,-3.099939,-3.190271,-3.220500,-3.180982,-3.071225,-2.899343,-2.669778,-2.384417,-2.041258,-1.660649,-1.247524,-0.804900,-0.346368,0.102101,0.552750,0.991513,1.404565,1.790265,2.132405,2.425969,2.662670,2.844365,2.956501,3.007315,2.988206,2.899474,2.750638,2.534417,2.266005,1.944057,1.577589,1.172436,0.745159,0.297851,-0.154908,-0.612543,-1.061949,-1.490758,-1.885077,-2.242222,-2.555790,-2.804666,-2.990660,-3.111419,-3.161644,-3.132727,-3.024107,-2.843332,-2.581405,-2.240207,-1.827858,-1.337329,-0.787570,-0.164648,0.501603,1.228289,1.975211,2.768769,3.571026,4.396602,5.218137,6.043642,6.847267,7.617000,8.310743,9.125286,7.777947,6.476299,5.333720,4.355014,3.524234,2.823740,2.195700,1.639612,1.142414,0.691924,0.276365,-0.115883,-0.496955,-0.879771,-1.277019,-1.701833,-2.169114,-2.692537,-3.285862,-3.963182,-4.738758,
5.803153,4.835457,4.000303,3.277839,2.649324,2.098698,1.611691,1.173245,0.773629,0.403364,0.051927,-0.286610,-0.616567,-0.945407,-1.278700,-1.618857,-1.984261,-2.398555,-2.864859,-3.383990,-3.952727,-4.558914,-5.188099,-4.520534,-3.501550,-2.739882,-2.095755,-1.584896,-1.230873,-1.013725,-0.936924,-0.959214,-1.085202,-1.276412,-1.525260,-1.794503,-2.090127,-2.372884,-2.645372,-2.879171,-3.075140,-3.215288,-3.292919,-3.314617,-3.268412,-3.151643,-2.972771,-2.736526,-2.443809,-2.091392,-1.701244,-1.278037,-0.824101,-0.353917,0.104240,0.565219,1.014265,1.436703,1.831566,2.181479,2.481486,2.723015,2.908665,3.022527,3.074085,3.053784,2.961956,2.809119,2.586795,2.311585,1.981439,1.605707,1.190223,0.752769,0.294833,-0.168237,-0.636803,-1.097162,-1.536256,-1.939424,-2.304669,-2.627452,-2.886427,-3.085039,-3.222822,-3.295542,-3.295286,-3.223607,-3.092199,-2.894073,-2.632789,-2.322421,-1.958546,-1.563061,-1.125533,-0.677362,-0.203785,0.251791,0.719541,1.155951,1.576110,1.948980,2.285528,2.564307,2.790460,2.950740,3.042532,3.073479,3.032759,2.919707,2.743345,2.508401,2.216316,1.864228,1.474477,1.051854,0.598918,0.130617,-0.339750,-0.798701,-1.246649,-1.668430,-2.062842,-2.412410,-2.711973,-2.953150,-3.138475,-3.252029,-3.303291,-3.282698,-3.190576,-3.037438,-2.814797,-2.539303,-2.208906,-1.832871,-1.416991,-0.978952,-0.520016,-0.055063,0.401293,0.863680,1.303873,1.707698,2.073393,2.396680,2.656049,2.855017,2.993131,3.066166,3.066218,2.994844,2.863747,2.665944,2.405003,2.094954,1.731381,1.336293,0.899350,0.452179,-0.019516,-0.487301,-0.953023,-1.388335,-1.807837,-2.180256,-2.516300,-2.794685,-3.020483,-3.180430,-3.271907,-3.302547,-3.261522,-3.148159,-2.971474,-2.736188,-2.443784,-2.091392,-1.701244,-1.278037,-0.824101,-0.353917,0.104240,0.565219,1.014265,1.436703,1.831566,2.181479,2.481486,2.723015,2.908665,3.022527,3.074085,3.053784,2.961956,2.809119,2.586795,2.311585,1.981439,1.605707,1.190223,0.752769,0.294833,-0.168237,-0.636803,-1.097162,-1.536256,-1.939424,-2.303806,-2.622717,-2.873957,-3.060017,-3.178869,-3.224786,-3.188086,-3.068203,-2.873628,-2.594055,-2.231236,-1.794388,-1.275643,-0.695747,-0.039230,0.661436,1.424647,2.206339,3.038035,3.878523,4.745157,5.607841,6.473719,7.306163,8.076312,8.759004,8.488599,7.114935,5.914686,4.868427,3.967775,3.200815,2.553823,1.971543,1.455269,0.992972,0.573090,0.184216,-0.185057,-0.546785,-0.913874,-1.298923,-1.714797,-2.175932,-2.695511,-3.286807,-3.963315,-4.738758,
5.803153,4.836213,4.003496,3.284599,2.661133,2.117426,1.639509,1.212573,0.826990,0.473249,0.140688,-0.176676,-0.483029,-0.785779,-1.090438,-1.399073,-1.729543,-2.104844,-2.528657,-3.000308,-3.519718,-4.081069,-4.664448,-5.188972,-3.944240,-3.274961,-2.549590,-1.947582,-1.519227,-1.244602,-1.119749,-1.101806,-1.190734,-1.349424,-1.568827,-1.813611,-2.087318,-2.353165,-2.611693,-2.835813,-3.024776,-3.160977,-3.237032,-3.258055,-3.212997,-3.098964,-2.923291,-2.690496,-2.401795,-2.054706,-1.669353,-1.250946,-0.802621,-0.338103,0.116531,0.573376,1.018235,1.437146,1.828341,2.175493,2.473485,2.713934,2.898610,3.012899,3.064988,3.046253,2.956982,2.806703,2.588176,2.316637,1.990807,1.619785,1.209516,0.776661,0.323435,-0.135454,-0.599297,-1.054845,-1.489608,-1.889557,-2.251922,-2.571808,-2.829659,-3.027891,-3.165542,-3.238550,-3.239834,-3.170682,-3.041567,-2.846580,-2.589317,-2.282840,-1.923803,-1.532535,-1.100539,-0.656787,-0.188933,0.263287,0.725771,1.158669,1.574631,1.945020,2.278823,2.556119,2.780918,2.940934,3.033454,3.064970,3.025828,2.915541,2.742251,2.510434,2.221995,1.875008,1.489998,1.072065,0.624510,0.161616,-0.303887,-0.758974,-1.202970,-1.621338,-2.012130,-2.358956,-2.656504,-2.896602,-3.080951,-3.194929,-3.246718,-3.227688,-3.138120,-2.987536,-2.768690,-2.496869,-2.170796,-1.799490,-1.388872,-0.955542,-0.501545,-0.041033,0.411940,0.869248,1.304873,1.705365,2.068133,2.388512,2.646751,2.845339,2.983322,3.056649,3.058244,2.989401,2.860599,2.665936,2.409015,2.102850,1.744098,1.353179,0.921658,0.478676,0.012446,-0.450644,-0.911368,-1.343404,-1.758824,-2.128809,-2.462119,-2.739027,-2.963471,-3.123153,-3.215356,-3.246561,-3.207109,-3.096509,-2.922896,-2.690736,-2.401984,-2.054713,-1.669353,-1.250946,-0.802621,-0.338103,0.116531,0.573376,1.018235,1.437146,1.828341,2.175493,2.473485,2.713934,2.898610,3.012899,3.064988,3.046253,2.956982,2.806703,2.588176,2.316637,1.990807,1.619785,1.209516,0.776661,0.323435,-0.135454,-0.599297,-1.054845,-1.489608,-1.889229,-2.248599,-2.562071,-2.808853,-2.990371,-3.103955,-3.143884,-3.101086,-2.974516,-2.771215,-2.481798,-2.107993,-1.658113,-1.125606,-0.529803,0.142609,0.861551,1.641908,2.443741,3.295490,4.160777,5.056527,5.958295,6.875140,7.769950,8.569503,9.051142,7.737503,6.496691,5.392706,4.429477,3.599902,2.893436,2.297889,1.759951,1.282265,0.853711,0.463292,0.099939,-0.247571,-0.591213,-0.943833,-1.317872,-1.725855,-2.181664,-2.697949,-3.287535,-3.963419,-4.738758,
5.803153,4.836213,4.005265,3.288811,2.668764,2.129773,1.658137,1.239324,0.863846,0.522177,0.203575,-0.097953,-0.386441,-0.669200,-0.951677,-1.235584,-1.538366,-1.882777,-2.272645,-2.710046,-3.198318,-3.746821,-4.378932,-5.177563,-5.420684,-4.290149,-3.251326,-2.473470,-1.928523,-1.572385,-1.370604,-1.289986,-1.310905,-1.409926,-1.568878,-1.766447,-1.989525,-2.218490,-2.440497,-2.639415,-2.806186,-2.928965,-2.999648,-3.016342,-2.974580,-2.871632,-2.710117,-2.493673,-2.224931,-1.906835,-1.549271,-1.159647,-0.745344,-0.317294,0.111748,0.537724,0.951647,1.343789,1.706962,2.031407,2.310247,2.537322,2.709002,2.819499,2.868394,2.853146,2.773939,2.634100,2.434844,2.182438,1.880898,1.536957,1.158151,0.754409,0.333007,-0.096729,-0.527994,-0.950759,-1.354623,-1.729353,-2.068305,-2.364250,-2.608107,-2.796220,-2.926099,-2.994484,-2.998559,-2.938757,-2.818584,-2.638692,-2.402655,-2.117147,-1.786599,-1.420216,-1.022860,-0.606664,-0.177101,0.251464,0.676639,1.083990,1.468277,1.817638,2.127597,2.389277,2.598790,2.750128,2.840407,2.869457,2.834488,2.735651,2.576657,2.361095,2.092304,1.774221,1.416764,1.027348,0.613048,0.184251,-0.248418,-0.675079,-1.088933,-1.480810,-1.843681,-2.167837,-2.446248,-2.672978,-2.844333,-2.954521,-3.003118,-2.987575,-2.908071,-2.767929,-2.568358,-2.315674,-2.013905,-1.669716,-1.290658,-0.886708,-0.465303,-0.036314,0.391325,0.813404,1.217336,1.592332,1.931585,2.227987,2.472216,2.660679,2.790889,2.859591,2.863975,2.804481,2.684620,2.505049,2.269348,1.984140,1.653840,1.287709,0.890561,0.474368,0.044058,-0.388134,-0.813994,-1.221276,-1.605297,-1.954357,-2.263861,-2.525168,-2.734331,-2.885339,-2.975300,-3.004041,-2.968764,-2.869615,-2.710299,-2.494401,-2.225311,-1.906980,-1.549271,-1.159647,-0.745344,-0.317294,0.111748,0.537724,0.951647,1.343789,1.706962,2.031407,2.310247,2.537322,2.709002,2.819499,2.868394,2.853146,2.773939,2.634100,2.434844,2.182438,1.880898,1.536957,1.158151,0.754409,0.333007,-0.096729,-0.527994,-0.950759,-1.354564,-1.726884,-2.060419,-2.346765,-2.575534,-2.741995,-2.841771,-2.869750,-2.820894,-2.693091,-2.486223,-2.197360,-1.828206,-1.380845,-0.856764,-0.264313,0.396313,1.112523,1.880201,2.685927,3.530569,4.404554,5.310009,6.246463,7.226337,8.263419,9.349827,8.548072,7.134596,5.941103,4.910848,4.021770,3.259874,2.612520,2.068117,1.574293,1.134588,0.738611,0.375893,0.035743,-0.292779,-0.621411,-0.962725,-1.328789,-1.731591,-2.184283,-2.698875,-3.287700,-3.963419,-4.738758,
5.803153,4.836213,4.006699,3.292449,2.675430,2.140579,1.674461,1.262853,0.896440,0.565717,0.259902,-0.027002,-0.298916,-0.563110,-0.825043,-1.086161,-1.363605,-1.680049,-2.039603,-2.445963,-2.904241,-3.426977,-4.037786,-4.780392,-5.704077,-5.209027,-3.840638,-2.900269,-2.272947,-1.863583,-1.614969,-1.490529,-1.467535,-1.525549,-1.646146,-1.810325,-2.002721,-2.206325,-2.406483,-2.588640,-2.742334,-2.856298,-2.921881,-2.935724,-2.894204,-2.794254,-2.637257,-2.426557,-2.165106,-1.856532,-1.508606,-1.129135,-0.726143,-0.309746,0.109609,0.525255,0.928895,1.311651,1.665661,1.982332,2.254730,2.476977,2.644701,2.753473,2.801625,2.787568,2.711457,2.575618,2.382466,2.136858,1.843517,1.508839,1.140364,0.746798,0.336025,-0.083400,-0.503734,-0.915545,-1.309125,-1.675005,-2.005882,-2.294309,-2.533059,-2.717556,-2.844871,-2.911987,-2.916935,-2.859903,-2.743171,-2.568450,-2.339301,-2.061323,-1.739945,-1.382717,-0.996318,-0.590347,-0.172554,0.246467,0.660212,1.058025,1.432368,1.773892,2.076273,2.332255,2.536914,2.685276,2.774409,2.803048,2.769585,2.674353,2.520160,2.310317,2.048561,1.739694,1.391732,1.012293,0.609081,0.191689,-0.229955,-0.646552,-1.050356,-1.432957,-1.786712,-2.103112,-2.375087,-2.596992,-2.764393,-2.872857,-2.920710,-2.906360,-2.829953,-2.693812,-2.500346,-2.254463,-1.960899,-1.625990,-1.257307,-0.863640,-0.453087,-0.034657,0.383389,0.794248,1.187664,1.553699,1.884832,2.173696,2.412812,2.597656,2.725300,2.792732,2.797988,2.741263,2.624843,2.450442,2.221626,1.943941,1.622793,1.265775,0.879477,0.473285,0.054497,-0.366813,-0.781509,-1.179486,-1.553674,-1.894943,-2.196886,-2.452503,-2.656814,-2.804847,-2.893664,-2.921994,-2.888225,-2.792681,-2.638168,-2.427991,-2.165944,-1.856846,-1.508675,-1.129135,-0.726143,-0.309746,0.109609,0.525255,0.928895,1.311651,1.665661,1.982332,2.254730,2.476977,2.644701,2.753473,2.801625,2.787568,2.711457,2.575618,2.382466,2.136858,1.843517,1.508839,1.140364,0.746798,0.336025,-0.083400,-0.503734,-0.915562,-1.307730,-1.669013,-1.991550,-2.266668,-2.485704,-2.642875,-2.733160,-2.751470,-2.693374,-2.556312,-2.338791,-2.038903,-1.658380,-1.198429,-0.661805,-0.055319,0.618933,1.351654,2.135046,2.960492,3.825059,4.723561,5.657682,6.635305,7.683860,8.860545,9.352456,7.833657,6.530127,5.416206,4.460266,3.640681,2.941369,2.349265,1.853118,1.401175,0.997627,0.632649,0.296188,-0.022135,-0.333009,-0.647916,-0.979084,-1.338133,-1.736484,-2.186544,-2.699706,-3.287869,-3.963419,-4.738758,
5.803153,4.836213,4.007119,3.294710,2.680175,2.148755,1.687273,1.281838,0.923340,0.602328,0.308051,0.034531,-0.222072,-0.469021,-0.711835,-0.951739,-1.205585,-1.495920,-1.826831,-2.201849,-2.626351,-3.111342,-3.670968,-4.326266,-5.101819,-5.670067,-4.173602,-3.170867,-2.547883,-2.138271,-1.878023,-1.733035,-1.688340,-1.724510,-1.825749,-1.971296,-2.148209,-2.336917,-2.524701,-2.695493,-2.839757,-2.945047,-3.002571,-3.009924,-2.962134,-2.855573,-2.692293,-2.475991,-2.209161,-1.894366,-1.540890,-1.156262,-0.747623,-0.325559,0.097318,0.517097,0.924925,1.311208,1.668886,1.988318,2.262731,2.486057,2.654756,2.763101,2.810722,2.795099,2.716430,2.578034,2.381085,2.131806,1.834149,1.494761,1.121071,0.722907,0.307424,-0.116183,-0.541240,-0.957862,-1.355773,-1.724873,-2.058629,-2.349953,-2.589827,-2.774704,-2.902152,-2.968979,-2.972386,-2.912827,-2.793803,-2.615943,-2.382772,-2.100905,-1.774687,-1.413244,-1.021312,-0.610922,-0.187406,0.234971,0.653982,1.055307,1.433846,1.777852,2.082978,2.340443,2.546456,2.695081,2.783486,2.811556,2.776517,2.678519,2.521253,2.308284,2.042883,1.728915,1.376211,0.992082,0.583489,0.160689,-0.265818,-0.686279,-1.094035,-1.480050,-1.837423,-2.156565,-2.430557,-2.653540,-2.821917,-2.929957,-2.977284,-2.961370,-2.882409,-2.743714,-2.546452,-2.296896,-1.999010,-1.659371,-1.285425,-0.887050,-0.471557,-0.048688,0.372741,0.788681,1.186663,1.556032,1.890092,2.181864,2.422109,2.607334,2.735109,2.802249,2.805962,2.746707,2.627991,2.450450,2.217614,1.936044,1.610077,1.248889,0.857169,0.446788,0.022536,-0.403470,-0.823164,-1.224416,-1.602687,-1.946389,-2.251067,-2.508161,-2.713826,-2.862124,-2.950216,-2.977980,-2.942637,-2.844331,-2.686747,-2.473442,-2.207744,-1.893525,-1.540566,-1.156226,-0.747623,-0.325559,0.097318,0.517097,0.924925,1.311208,1.668886,1.988318,2.262731,2.486057,2.654756,2.763101,2.810722,2.795099,2.716430,2.578034,2.381085,2.131806,1.834149,1.494761,1.121071,0.722907,0.307424,-0.116183,-0.541190,-0.956750,-1.350999,-1.712709,-2.034548,-2.308117,-2.522810,-2.673679,-2.755959,-2.764112,-2.692617,-2.538956,-2.302729,-1.980939,-1.575327,-1.088291,-0.521726,0.115942,0.824611,1.592252,2.413672,3.276709,4.182271,5.120352,6.092915,7.102939,8.183010,9.432872,8.523847,7.132983,5.938595,4.913299,4.034064,3.282361,2.643041,2.103758,1.653835,1.242085,0.873221,0.537863,0.226281,-0.071639,-0.366336,-0.668982,-0.991366,-1.344578,-1.739446,-2.187630,-2.699943,-3.287901,-3.963419,-4.738758,
5.803153,4.836213,4.007119,3.296609,2.685037,2.157768,1.701909,1.303939,0.954983,0.645692,0.365393,0.108122,-0.129963,-0.356233,-0.576394,-0.791613,-1.018567,-1.279749,-1.579112,-1.919574,-2.304899,-2.742860,-3.239375,-3.794864,-4.395295,-4.986462,-3.821455,-3.154545,-2.695545,-2.347823,-2.111702,-1.965520,-1.925194,-1.962414,-2.072018,-2.219155,-2.407074,-2.598691,-2.794477,-2.967274,-3.115234,-3.219467,-3.271190,-3.274446,-3.217186,-3.094767,-2.913448,-2.677916,-2.389227,-2.043906,-1.661730,-1.247800,-0.804907,-0.346368,0.102101,0.552750,0.991513,1.404565,1.790265,2.132405,2.425969,2.662670,2.844365,2.956501,3.007315,2.988206,2.899474,2.750638,2.534417,2.266005,1.944057,1.577589,1.172436,0.745159,0.297851,-0.154908,-0.612543,-1.061949,-1.490758,-1.885077,-2.242247,-2.557511,-2.811379,-3.006375,-3.141594,-3.213045,-3.213662,-3.144753,-3.016786,-2.823831,-2.569435,-2.266597,-1.911891,-1.525562,-1.098991,-0.661045,-0.199238,0.246794,0.703113,1.129986,1.540201,1.905234,2.234203,2.507285,2.728584,2.885887,2.976534,3.007070,2.967857,2.858409,2.686848,2.457623,2.172574,1.829702,1.449445,1.036800,0.594951,0.138054,-0.321287,-0.770174,-1.208072,-1.620577,-2.005872,-2.347684,-2.640813,-2.877164,-3.058535,-3.170365,-3.220884,-3.201483,-3.112458,-2.963321,-2.746784,-2.478092,-2.155900,-1.789145,-1.383640,-0.955884,-0.507800,-0.053406,0.393357,0.844525,1.274200,1.669064,2.026640,2.342389,2.596644,2.791993,2.927542,2.999307,3.000231,2.931627,2.803970,2.611337,2.357280,2.054754,1.700335,1.314358,0.888266,0.451097,-0.009076,-0.465980,-0.920538,-1.346544,-1.756213,-2.120841,-2.449325,-2.722020,-2.942966,-3.099939,-3.190271,-3.220500,-3.180982,-3.071225,-2.899343,-2.669778,-2.384417,-2.041258,-1.660649,-1.247524,-0.804900,-0.346368,0.102101,0.552750,0.991513,1.404565,1.790265,2.132405,2.425969,2.662670,2.844365,2.956501,3.007315,2.988206,2.899474,2.750638,2.534417,2.266005,1.944057,1.577589,1.172436,0.745159,0.297851,-0.154883,-0.611752,-1.057893,-1.480376,-1.863880,-2.204881,-2.497177,-2.719510,-2.872785,-2.953506,-2.955063,-2.867424,-2.688742,-2.425514,-2.068235,-1.618735,-1.085962,-0.464202,0.227027,1.000528,1.826437,2.718491,3.639084,4.616607,5.613065,6.641575,7.671687,8.704641,9.136251,7.707160,6.458896,5.373748,4.436098,3.630319,2.941733,2.357550,1.866738,1.459487,1.085234,0.749145,0.442157,0.154720,-0.123144,-0.401725,-0.691948,-1.005196,-1.352091,-1.742966,-2.188865,-2.700146,-3.287901,-3.963419,-4.738758,
5.803153,4.836213,4.007119,3.297592,2.688512,2.164812,1.713831,1.322401,0.981887,0.683070,0.415427,0.173048,-0.047922,-0.254957,-0.453945,-0.646001,-0.847616,-1.081195,-1.350494,-1.657761,-2.005302,-2.398072,-2.838170,-3.318016,-3.809163,-4.227809,-4.322166,-3.241166,-2.983818,-2.672930,-2.413875,-2.231261,-2.160225,-2.173350,-2.265263,-2.397450,-2.574196,-2.755048,-2.941971,-3.106120,-3.246505,-3.343112,-3.387116,-3.383448,-3.318652,-3.187541,-2.997054,-2.752262,-2.453806,-2.097152,-1.703870,-1.278912,-0.824280,-0.353917,0.104240,0.565219,1.014265,1.436703,1.831566,2.181479,2.481486,2.723015,2.908665,3.022527,3.074085,3.053784,2.961956,2.809119,2.586795,2.311585,1.981439,1.605707,1.190223,0.752769,0.294833,-0.168237,-0.636803,-1.097162,-1.536256,-1.939424,-2.304669,-2.627452,-2.886427,-3.085039,-3.222822,-3.295542,-3.295286,-3.223607,-3.092199,-2.894073,-2.632789,-2.322421,-1.958546,-1.563061,-1.125533,-0.677362,-0.203785,0.251791,0.719541,1.155951,1.576110,1.948980,2.285528,2.564307,2.790460,2.950740,3.042532,3.073479,3.032759,2.919707,2.743345,2.508401,2.216316,1.864228,1.474477,1.051854,0.598918,0.130617,-0.339750,-0.798701,-1.246649,-1.668430,-2.062842,-2.412410,-2.711973,-2.953150,-3.138475,-3.252029,-3.303291,-3.282698,-3.190576,-3.037438,-2.814797,-2.539303,-2.208906,-1.832871,-1.416991,-0.978952,-0.520016,-0.055063,0.401293,0.863680,1.303873,1.707698,2.073393,2.396680,2.656049,2.855017,2.993131,3.066166,3.066218,2.994844,2.863747,2.665944,2.405003,2.094954,1.731381,1.336293,0.899350,0.452179,-0.019516,-0.487301,-0.953023,-1.388335,-1.807837,-2.180256,-2.516300,-2.794685,-3.020483,-3.180430,-3.271907,-3.302547,-3.261522,-3.148159,-2.971474,-2.736188,-2.443784,-2.091392,-1.701244,-1.278037,-0.824101,-0.353917,0.104240,0.565219,1.014265,1.436703,1.831566,2.181479,2.481486,2.723015,2.908665,3.022527,3.074085,3.053784,2.961956,2.809119,2.586795,2.311585,1.981439,1.605707,1.190223,0.752769,0.294833,-0.167785,-0.633419,-1.087955,-1.517421,-1.905674,-2.249739,-2.543477,-2.763559,-2.911582,-2.984219,-2.974359,-2.870906,-2.672119,-2.385710,-2.001211,-1.520535,-0.953826,-0.294461,0.436397,1.252403,2.121594,3.060825,4.029036,5.058567,6.105953,7.180852,8.237160,9.319958,8.150509,6.933953,5.821234,4.839441,3.986184,3.251299,2.623638,2.092505,1.648178,1.281735,0.943208,0.638163,0.357813,0.092760,-0.166816,-0.431004,-0.710396,-1.015883,-1.357564,-1.745289,-2.189532,-2.700239,-3.287901,-3.963419,-4.738758,
5.803153,4.836213,4.007119,3.297592,2.690463,2.169788,1.722998,1.337256,1.004170,0.714679,0.458469,0.229732,0.024599,-0.164494,-0.343596,-0.513791,-0.691408,-0.898815,-1.139690,-1.415887,-1.729024,-2.083366,-2.481148,-2.920745,-3.393571,-3.898665,-4.502386,-3.693258,-3.576246,-3.170251,-2.791985,-2.515479,-2.375196,-2.337515,-2.388526,-2.487685,-2.634718,-2.790705,-2.955409,-3.101552,-3.226864,-3.312193,-3.348485,-3.339165,-3.271533,-3.140083,-2.950479,-2.707470,-2.411996,-2.060132,-1.671445,-1.251258,-0.802460,-0.337970,0.116531,0.573376,1.018235,1.437146,1.828341,2.175493,2.473485,2.713934,2.898610,3.012899,3.064988,3.046253,2.956982,2.806703,2.588176,2.316637,1.990807,1.619785,1.209516,0.776661,0.323435,-0.135454,-0.599297,-1.054845,-1.489608,-1.889557,-2.251922,-2.571808,-2.829659,-3.027891,-3.165542,-3.238550,-3.239834,-3.170682,-3.041567,-2.846580,-2.589317,-2.282840,-1.923803,-1.532535,-1.100539,-0.656787,-0.188933,0.263287,0.725771,1.158669,1.574631,1.945020,2.278823,2.556119,2.780918,2.940934,3.033454,3.064970,3.025828,2.915541,2.742251,2.510434,2.221995,1.875008,1.489998,1.072065,0.624510,0.161616,-0.303887,-0.758974,-1.202970,-1.621338,-2.012130,-2.358956,-2.656504,-2.896602,-3.080951,-3.194929,-3.246718,-3.227688,-3.138120,-2.987536,-2.768690,-2.496869,-2.170796,-1.799490,-1.388872,-0.955542,-0.501545,-0.041033,0.411940,0.869248,1.304873,1.705365,2.068133,2.388512,2.646751,2.845339,2.983322,3.056649,3.058244,2.989401,2.860599,2.665936,2.409015,2.102850,1.744098,1.353179,0.921658,0.478676,0.012446,-0.450644,-0.911368,-1.343404,-1.758824,-2.128809,-2.462119,-2.739027,-2.963471,-3.123153,-3.215356,-3.246561,-3.207109,-3.096509,-2.922896,-2.690736,-2.401984,-2.054713,-1.669353,-1.250946,-0.802621,-0.338103,0.116531,0.573376,1.018235,1.437146,1.828341,2.175493,2.473485,2.713934,2.898610,3.012899,3.064988,3.046253,2.956982,2.806703,2.588176,2.316637,1.990807,1.619785,1.209516,0.776661,0.323342,-0.133399,-0.592256,-1.039169,-1.460685,-1.841187,-2.176774,-2.460785,-2.671432,-2.809068,-2.869612,-2.845925,-2.727589,-2.512556,-2.207392,-1.802884,-1.301086,-0.711240,-0.027854,0.729574,1.571141,2.469086,3.438604,4.443401,5.513136,6.609770,7.739075,8.847008,8.868560,7.445108,6.265601,5.239132,4.343457,3.566532,2.898001,2.328065,1.847378,1.447259,1.119559,0.814828,0.538971,0.283435,0.038972,-0.204048,-0.455450,-0.725420,-1.024295,-1.361630,-1.746816,-2.189811,-2.700239,-3.287901,-3.963419,-4.738758,
5.803153,4.836213,4.007119,3.297592,2.691722,2.172847,1.728453,1.345944,1.017117,0.733063,0.483714,0.263426,0.068358,-0.109037,-0.274844,-0.429984,-0.590523,-0.778672,-0.997991,-1.250034,-1.536134,-1.860837,-2.228195,-2.642365,-3.107965,-3.642256,-4.290763,-5.112081,-4.782678,-3.932453,-3.282634,-2.848754,-2.600152,-2.486558,-2.469155,-2.515040,-2.605119,-2.717047,-2.837333,-2.949987,-3.044827,-3.108972,-3.133152,-3.113807,-3.044718,-2.920577,-2.742251,-2.513505,-2.236521,-1.912876,-1.551335,-1.159649,-0.744864,-0.317037,0.111841,0.537724,0.951647,1.343789,1.706962,2.031407,2.310247,2.537322,2.709002,2.819499,2.868394,2.853146,2.773939,2.634100,2.434844,2.182438,1.880898,1.536957,1.158151,0.754409,0.333007,-0.096729,-0.527994,-0.950759,-1.354623,-1.729353,-2.068305,-2.364250,-2.608107,-2.796220,-2.926099,-2.994484,-2.998559,-2.938757,-2.818584,-2.638692,-2.402655,-2.117147,-1.786599,-1.420216,-1.022860,-0.606664,-0.177101,0.251464,0.676639,1.083990,1.468277,1.817638,2.127597,2.389277,2.598790,2.750128,2.840407,2.869457,2.834488,2.735651,2.576657,2.361095,2.092304,1.774221,1.416764,1.027348,0.613048,0.184251,-0.248418,-0.675079,-1.088933,-1.480810,-1.843681,-2.167837,-2.446248,-2.672978,-2.844333,-2.954521,-3.003118,-2.987575,-2.908071,-2.767929,-2.568358,-2.315674,-2.013905,-1.669716,-1.290658,-0.886708,-0.465303,-0.036314,0.391325,0.813404,1.217336,1.592332,1.931585,2.227987,2.472216,2.660679,2.790889,2.859591,2.863975,2.804481,2.684620,2.505049,2.269348,1.984140,1.653840,1.287709,0.890561,0.474368,0.044058,-0.388134,-0.813994,-1.221276,-1.605297,-1.954357,-2.263861,-2.525168,-2.734331,-2.885339,-2.975300,-3.004041,-2.968764,-2.869615,-2.710299,-2.494401,-2.225311,-1.906980,-1.549271,-1.159647,-0.745344,-0.317294,0.111748,0.537724,0.951647,1.343789,1.706962,2.031407,2.310247,2.537322,2.709002,2.819499,2.868394,2.853146,2.773939,2.634100,2.434844,2.182438,1.880898,1.536957,1.158151,0.754274,0.333971,-0.091817,-0.515589,-0.926437,-1.312889,-1.662981,-1.968746,-2.220995,-2.408145,-2.524248,-2.563448,-2.519236,-2.385357,-2.158916,-1.839632,-1.425035,-0.917247,-0.319178,0.366949,1.133355,1.975776,2.884698,3.858458,4.887854,5.977849,7.124265,8.338784,9.219586,7.927985,6.706951,5.633953,4.697892,3.883754,3.179466,2.574909,2.061027,1.629332,1.271883,0.981145,0.708111,0.459016,0.225583,-0.001180,-0.230567,-0.471976,-0.735024,-1.029375,-1.363959,-1.747675,-2.189983,-2.700239,-3.287901,-3.963419,-4.738758,
5.803153,4.836213,4.007119,3.297592,2.691940,2.174624,1.732176,1.352313,1.027013,0.747524,0.504058,0.291161,0.105027,-0.061846,-0.215533,-0.356818,-0.501555,-0.671873,-0.871333,-1.101359,-1.363214,-1.661886,-2.002873,-2.393215,-2.842852,-3.372302,-4.022385,-4.867350,-5.670939,-4.662216,-3.712667,-3.143756,-2.832592,-2.679714,-2.626406,-2.637531,-2.692378,-2.772413,-2.863190,-2.950842,-3.024208,-3.071452,-3.083249,-3.054631,-2.980202,-2.854478,-2.677084,-2.451377,-2.179717,-1.864144,-1.511276,-1.129106,-0.725413,-0.309291,0.109803,0.525310,0.928895,1.311651,1.665661,1.982332,2.254730,2.476977,2.644701,2.753473,2.801625,2.787568,2.711457,2.575618,2.382466,2.136858,1.843517,1.508839,1.140364,0.746798,0.336025,-0.083400,-0.503734,-0.915545,-1.309125,-1.675005,-2.005882,-2.294309,-2.533059,-2.717556,-2.844871,-2.911987,-2.916935,-2.859903,-2.743171,-2.568450,-2.339301,-2.061323,-1.739945,-1.382717,-0.996318,-0.590347,-0.172554,0.246467,0.660212,1.058025,1.432368,1.773892,2.076273,2.332255,2.536914,2.685276,2.774409,2.803048,2.769585,2.674353,2.520160,2.310317,2.048561,1.739694,1.391732,1.012293,0.609081,0.191689,-0.229955,-0.646552,-1.050356,-1.432957,-1.786712,-2.103112,-2.375087,-2.596992,-2.764393,-2.872857,-2.920710,-2.906360,-2.829953,-2.693812,-2.500346,-2.254463,-1.960899,-1.625990,-1.257307,-0.863640,-0.453087,-0.034657,0.383389,0.794248,1.187664,1.553699,1.884832,2.173696,2.412812,2.597656,2.725300,2.792732,2.797988,2.741263,2.624843,2.450442,2.221626,1.943941,1.622793,1.265775,0.879477,0.473285,0.054497,-0.366813,-0.781509,-1.179486,-1.553674,-1.894943,-2.196886,-2.452503,-2.656814,-2.804847,-2.893664,-2.921994,-2.888225,-2.792681,-2.638168,-2.427991,-2.165944,-1.856846,-1.508675,-1.129135,-0.726143,-0.309746,0.109609,0.525255,0.928895,1.311651,1.665661,1.982332,2.254730,2.476977,2.644701,2.753473,2.801625,2.787568,2.711457,2.575618,2.382466,2.136858,1.843517,1.508839,1.140255,0.747284,0.339242,-0.074044,-0.483932,-0.880020,-1.251394,-1.586673,-1.877012,-2.112784,-2.283973,-2.383482,-2.404789,-2.341499,-2.188155,-1.941671,-1.600684,-1.163963,-0.633675,-0.011657,0.699137,1.491918,2.361361,3.301121,4.307956,5.377727,6.513997,7.721324,9.010954,8.440882,7.142405,6.021651,5.045189,4.195198,3.457680,2.821417,2.276947,1.815918,1.430527,1.113404,0.857497,0.614150,0.389868,0.176639,-0.034238,-0.251662,-0.484536,-0.741871,-1.032645,-1.365190,-1.747956,-2.190012,-2.700239,-3.287901,-3.963419,-4.738758,
5.803153,4.836213,4.007119,3.297592,2.691940,2.176157,1.735460,1.357919,1.035668,0.760104,0.521718,0.315253,0.136937,-0.020659,-0.163553,-0.292403,-0.422901,-0.577121,-0.758664,-0.968847,-1.208788,-1.483594,-1.799217,-2.163075,-2.584172,-3.078057,-3.669895,-4.391344,-5.282944,-5.203873,-3.930326,-3.339445,-3.060610,-2.925276,-2.871036,-2.868171,-2.905764,-2.966918,-3.040716,-3.112201,-3.171225,-3.204862,-3.203851,-3.164123,-3.078879,-2.942323,-2.754823,-2.519980,-2.239606,-1.914522,-1.552998,-1.162788,-0.751006,-0.327437,0.096340,0.516742,0.924895,1.311208,1.668886,1.988318,2.262731,2.486057,2.654756,2.763101,2.810722,2.795099,2.716430,2.578034,2.381085,2.131806,1.834149,1.494761,1.121071,0.722907,0.307424,-0.116183,-0.541240,-0.957862,-1.355773,-1.724873,-2.058629,-2.349953,-2.589827,-2.774704,-2.902152,-2.968979,-2.972386,-2.912827,-2.793803,-2.615943,-2.382772,-2.100905,-1.774687,-1.413244,-1.021312,-0.610922,-0.187406,0.234971,0.653982,1.055307,1.433846,1.777852,2.082978,2.340443,2.546456,2.695081,2.783486,2.811556,2.776517,2.678519,2.521253,2.308284,2.042883,1.728915,1.376211,0.992082,0.583489,0.160689,-0.265818,-0.686279,-1.094035,-1.480050,-1.837423,-2.156565,-2.430557,-2.653540,-2.821917,-2.929957,-2.977284,-2.961370,-2.882409,-2.743714,-2.546452,-2.296896,-1.999010,-1.659371,-1.285425,-0.887050,-0.471557,-0.048688,0.372741,0.788681,1.186663,1.556032,1.890092,2.181864,2.422109,2.607334,2.735109,2.802249,2.805962,2.746707,2.627991,2.450450,2.217614,1.936044,1.610077,1.248889,0.857169,0.446788,0.022536,-0.403470,-0.823164,-1.224416,-1.602687,-1.946389,-2.251067,-2.508161,-2.713826,-2.862124,-2.950216,-2.977980,-2.942637,-2.844331,-2.686747,-2.473442,-2.207744,-1.893525,-1.540566,-1.156226,-0.747623,-0.325559,0.097318,0.517097,0.924925,1.311208,1.668886,1.988318,2.262731,2.486057,2.654756,2.763101,2.810722,2.795099,2.716430,2.578034,2.381085,2.131806,1.834149,1.494837,1.122592,0.727428,0.317571,-0.096288,-0.506514,-0.902155,-1.271605,-1.602667,-1.887058,-2.115270,-2.275234,-2.360639,-2.365258,-2.282390,-2.105698,-1.832365,-1.462315,-0.993285,-0.427317,0.232898,0.985913,1.822519,2.740399,3.731012,4.793570,5.920240,7.119835,8.399892,8.844833,7.540742,6.389216,5.380130,4.498244,3.730367,3.065060,2.492523,2.004247,1.592640,1.250524,0.971006,0.747437,0.531452,0.329800,0.134750,-0.062068,-0.269093,-0.494692,-0.747255,-1.035111,-1.366044,-1.748112,-2.190012,-2.700239,-3.287901,-3.963419,-4.738758,
5.803153,4.836213,4.007119,3.297592,2.691940,2.176720,1.738331,1.364096,1.046296,0.776504,0.545500,0.348222,0.180906,0.036171,-0.091969,-0.204178,-0.316161,-0.450136,-0.609934,-0.796955,-1.012238,-1.260872,-1.548697,-1.882296,-2.267802,-2.713318,-3.227078,-3.802756,-4.381279,-4.722518,-3.530261,-3.346723,-3.270558,-3.219417,-3.199548,-3.199653,-3.241669,-3.298337,-3.373830,-3.441897,-3.499621,-3.527345,-3.515801,-3.467275,-3.367874,-3.211109,-3.001667,-2.743981,-2.438317,-2.079352,-1.685766,-1.263004,-0.814217,-0.351906,0.099149,0.551562,0.991192,1.404553,1.790265,2.132405,2.425969,2.662670,2.844365,2.956501,3.007315,2.988206,2.899474,2.750638,2.534417,2.266005,1.944057,1.577589,1.172436,0.745159,0.297851,-0.154908,-0.612543,-1.061949,-1.490758,-1.885077,-2.242247,-2.557511,-2.811379,-3.006375,-3.141594,-3.213045,-3.213662,-3.144753,-3.016786,-2.823831,-2.569435,-2.266597,-1.911891,-1.525562,-1.098991,-0.661045,-0.199238,0.246794,0.703113,1.129986,1.540201,1.905234,2.234203,2.507285,2.728584,2.885887,2.976534,3.007070,2.967857,2.858409,2.686848,2.457623,2.172574,1.829702,1.449445,1.036800,0.594951,0.138054,-0.321287,-0.770174,-1.208072,-1.620577,-2.005872,-2.347684,-2.640813,-2.877164,-3.058535,-3.170365,-3.220884,-3.201483,-3.112458,-2.963321,-2.746784,-2.478092,-2.155900,-1.789145,-1.383640,-0.955884,-0.507800,-0.053406,0.393357,0.844525,1.274200,1.669064,2.026640,2.342389,2.596644,2.791993,2.927542,2.999307,3.000231,2.931627,2.803970,2.611337,2.357280,2.054754,1.700335,1.314358,0.888266,0.451097,-0.009076,-0.465980,-0.920538,-1.346544,-1.756213,-2.120841,-2.449325,-2.722020,-2.942966,-3.099939,-3.190271,-3.220500,-3.180982,-3.071225,-2.899343,-2.669778,-2.384417,-2.041258,-1.660649,-1.247524,-0.804900,-0.346368,0.102101,0.552750,0.991513,1.404565,1.790265,2.132405,2.425969,2.662670,2.844365,2.956501,3.007315,2.988206,2.899474,2.750638,2.534417,2.266005,1.944099,1.579162,1.177777,0.756396,0.318281,-0.120428,-0.558099,-0.980441,-1.373617,-1.721424,-2.019231,-2.259615,-2.419775,-2.499240,-2.493140,-2.393878,-2.190818,-1.882001,-1.474349,-0.959030,-0.337950,0.380013,1.199891,2.102312,3.098866,4.164161,5.314469,6.514269,7.795454,8.939960,7.823012,6.707674,5.690170,4.786685,3.993211,3.301472,2.702650,2.188540,1.751731,1.385460,1.083158,0.838352,0.644724,0.454130,0.273511,0.095385,-0.088293,-0.285526,-0.504183,-0.752118,-1.037120,-1.366546,-1.748166,-2.190012,-2.700239,-3.287901,-3.963419,-4.738758,
5.803153,4.836213,4.007119,3.297592,2.691940,2.176720,1.739881,1.368422,1.054426,0.789623,0.565069,0.375893,0.218356,0.085162,-0.029567,-0.126492,-0.221348,-0.336476,-0.475902,-0.641069,-0.832844,-1.056129,-1.316417,-1.619306,-1.968615,-2.368206,-2.820379,-3.317487,-3.834452,-4.345815,-3.653577,-3.465600,-3.561880,-3.555709,-3.518576,-3.484657,-3.496966,-3.529839,-3.588187,-3.641885,-3.687332,-3.702935,-3.679149,-3.619050,-3.507364,-3.337454,-3.114841,-2.844140,-2.525092,-2.151258,-1.743054,-1.305799,-0.842108,-0.365283,0.097726,0.562193,1.013190,1.436439,1.831566,2.181479,2.481486,2.723015,2.908665,3.022527,3.074085,3.053784,2.961956,2.809119,2.586795,2.311585,1.981439,1.605707,1.190223,0.752769,0.294833,-0.168237,-0.636803,-1.097162,-1.536256,-1.939424,-2.304669,-2.627452,-2.886427,-3.085039,-3.222822,-3.295542,-3.295286,-3.223607,-3.092199,-2.894073,-2.632789,-2.322421,-1.958546,-1.563061,-1.125533,-0.677362,-0.203785,0.251791,0.719541,1.155951,1.576110,1.948980,2.285528,2.564307,2.790460,2.950740,3.042532,3.073479,3.032759,2.919707,2.743345,2.508401,2.216316,1.864228,1.474477,1.051854,0.598918,0.130617,-0.339750,-0.798701,-1.246649,-1.668430,-2.062842,-2.412410,-2.711973,-2.953150,-3.138475,-3.252029,-3.303291,-3.282698,-3.190576,-3.037438,-2.814797,-2.539303,-2.208906,-1.832871,-1.416991,-0.978952,-0.520016,-0.055063,0.401293,0.863680,1.303873,1.707698,2.073393,2.396680,2.656049,2.855017,2.993131,3.066166,3.066218,2.994844,2.863747,2.665944,2.405003,2.094954,1.731381,1.336293,0.899350,0.452179,-0.019516,-0.487301,-0.953023,-1.388335,-1.807837,-2.180256,-2.516300,-2.794685,-3.020483,-3.180430,-3.271907,-3.302547,-3.261522,-3.148159,-2.971474,-2.736188,-2.443784,-2.091392,-1.701244,-1.278037,-0.824101,-0.353917,0.104240,0.565219,1.014265,1.436703,1.831566,2.181479,2.481486,2.723015,2.908665,3.022527,3.074085,3.053784,2.961956,2.809119,2.586795,2.311602,1.982943,1.611059,1.202224,0.774240,0.329770,-0.114199,-0.556849,-0.983160,-1.378443,-1.725505,-2.020137,-2.254891,-2.404856,-2.470280,-2.446582,-2.325846,-2.096555,-1.756974,-1.315228,-0.761348,-0.097032,0.667631,1.537782,2.493871,3.549765,4.677725,5.895552,7.160622,8.486565,8.250205,7.018796,5.973771,5.053434,4.241375,3.528754,2.907878,2.371278,1.911921,1.523330,1.199464,0.934279,0.721646,0.555527,0.387988,0.226187,0.062943,-0.109400,-0.298356,-0.511280,-0.755506,-1.038336,-1.366759,-1.748166,-2.190012,-2.700239,-3.287901,-3.963419,-4.738758,
5.803153,4.836213,4.007119,3.297592,2.691940,2.176720,1.740444,1.371282,1.060567,0.800107,0.581216,0.399208,0.250378,0.127559,0.025035,-0.057830,-0.136819,-0.234368,-0.354655,-0.499149,-0.668523,-0.867480,-1.101250,-1.374842,-1.690947,-2.052116,-2.460603,-2.913624,-3.402819,-3.911528,-4.401955,-3.759743,-4.069527,-4.003758,-3.850798,-3.723023,-3.668922,-3.657238,-3.682665,-3.711112,-3.734974,-3.732504,-3.693821,-3.620671,-3.498817,-3.321867,-3.094350,-2.820373,-2.499882,-2.127041,-1.720195,-1.284995,-0.824901,-0.352279,0.108340,0.569575,1.016982,1.436922,1.828366,2.175493,2.473485,2.713934,2.898610,3.012899,3.064988,3.046253,2.956982,2.806703,2.588176,2.316637,1.990807,1.619785,1.209516,0.776661,0.323435,-0.135454,-0.599297,-1.054845,-1.489608,-1.889557,-2.251922,-2.571808,-2.829659,-3.027891,-3.165542,-3.238550,-3.239834,-3.170682,-3.041567,-2.846580,-2.589317,-2.282840,-1.923803,-1.532535,-1.100539,-0.656787,-0.188933,0.263287,0.725771,1.158669,1.574631,1.945020,2.278823,2.556119,2.780918,2.940934,3.033454,3.064970,3.025828,2.915541,2.742251,2.510434,2.221995,1.875008,1.489998,1.072065,0.624510,0.161616,-0.303887,-0.758974,-1.202970,-1.621338,-2.012130,-2.358956,-2.656504,-2.896602,-3.080951,-3.194929,-3.246718,-3.227688,-3.138120,-2.987536,-2.768690,-2.496869,-2.170796,-1.799490,-1.388872,-0.955542,-0.501545,-0.041033,0.411940,0.869248,1.304873,1.705365,2.068133,2.388512,2.646751,2.845339,2.983322,3.056649,3.058244,2.989401,2.860599,2.665936,2.409015,2.102850,1.744098,1.353179,0.921658,0.478676,0.012446,-0.450644,-0.911368,-1.343404,-1.758824,-2.128809,-2.462119,-2.739027,-2.963471,-3.123153,-3.215356,-3.246561,-3.207109,-3.096509,-2.922896,-2.690736,-2.401984,-2.054713,-1.669353,-1.250946,-0.802621,-0.338103,0.116531,0.573376,1.018235,1.437146,1.828341,2.175493,2.473485,2.713934,2.898610,3.012899,3.064988,3.046253,2.956982,2.806703,2.588176,2.316274,1.992742,1.626791,1.225010,0.804143,0.367688,-0.067832,-0.500309,-0.914954,-1.297396,-1.630790,-1.909857,-2.126552,-2.257510,-2.301822,-2.254350,-2.107401,-1.850365,-1.481341,-1.007309,-0.419392,0.280819,1.083200,1.992348,2.991372,4.093013,5.273059,6.547863,7.874899,8.442963,7.285475,6.229269,5.295242,4.469787,3.741976,3.103847,2.548658,2.069975,1.661671,1.318030,1.033611,0.802801,0.619754,0.478682,0.331868,0.186724,0.036424,-0.126241,-0.308271,-0.516508,-0.757801,-1.039018,-1.366858,-1.748166,-2.190012,-2.700239,-3.287901,-3.963419,-4.738758,
5.803153,4.836213,4.007119,3.297592,2.691940,2.176720,1.740444,1.372561,1.063209,0.804473,0.587867,0.408871,0.263832,0.145787,0.049293,-0.026137,-0.096210,-0.183253,-0.291358,-0.421787,-0.574829,-0.754823,-0.966723,-1.215210,-1.502619,-1.831680,-2.206739,-2.631376,-3.111541,-3.661473,-4.325579,-5.261941,-5.233096,-4.651398,-4.196522,-3.901107,-3.742172,-3.669577,-3.645101,-3.636820,-3.626065,-3.596837,-3.539386,-3.448976,-3.318284,-3.141717,-2.919312,-2.654004,-2.346918,-1.997810,-1.614215,-1.204188,-0.775328,-0.337017,0.099771,0.531621,0.949225,1.343098,1.706783,2.031409,2.310247,2.537322,2.709002,2.819499,2.868394,2.853146,2.773939,2.634100,2.434844,2.182438,1.880898,1.536957,1.158151,0.754409,0.333007,-0.096729,-0.527994,-0.950759,-1.354623,-1.729353,-2.068305,-2.364250,-2.608107,-2.796220,-2.926099,-2.994484,-2.998559,-2.938757,-2.818584,-2.638692,-2.402655,-2.117147,-1.786599,-1.420216,-1.022860,-0.606664,-0.177101,0.251464,0.676639,1.083990,1.468277,1.817638,2.127597,2.389277,2.598790,2.750128,2.840407,2.869457,2.834488,2.735651,2.576657,2.361095,2.092304,1.774221,1.416764,1.027348,0.613048,0.184251,-0.248418,-0.675079,-1.088933,-1.480810,-1.843681,-2.167837,-2.446248,-2.672978,-2.844333,-2.954521,-3.003118,-2.987575,-2.908071,-2.767929,-2.568358,-2.315674,-2.013905,-1.669716,-1.290658,-0.886708,-0.465303,-0.036314,0.391325,0.813404,1.217336,1.592332,1.931585,2.227987,2.472216,2.660679,2.790889,2.859591,2.863975,2.804481,2.684620,2.505049,2.269348,1.984140,1.653840,1.287709,0.890561,0.474368,0.044058,-0.388134,-0.813994,-1.221276,-1.605297,-1.954357,-2.263861,-2.525168,-2.734331,-2.885339,-2.975300,-3.004041,-2.968764,-2.869615,-2.710299,-2.494401,-2.225311,-1.906980,-1.549271,-1.159647,-0.745344,-0.317294,0.111748,0.537724,0.951647,1.343789,1.706962,2.031407,2.310247,2.537322,2.709002,2.819499,2.868394,2.853146,2.773939,2.634100,2.434315,2.182335,1.884029,1.546679,1.178549,0.789749,0.388971,-0.012435,-0.406006,-0.779925,-1.121636,-1.417799,-1.658965,-1.834544,-1.931441,-1.942596,-1.861319,-1.680788,-1.394719,-1.000426,-0.497948,0.115072,0.837473,1.664300,2.593918,3.621365,4.747132,5.966259,7.284330,8.435498,7.424500,6.423819,5.500120,4.671296,3.935340,3.286088,2.717480,2.223917,1.799822,1.439719,1.138434,0.890965,0.692019,0.535975,0.417298,0.288539,0.157455,0.017671,-0.137480,-0.314420,-0.519443,-0.758897,-1.039224,-1.366858,-1.748166,-2.190012,-2.700239,-3.287901,-3.963419,-4.738758,
5.803153,4.836213,4.007119,3.297592,2.691940,2.176720,1.740444,1.373334,1.065108,0.807790,0.593053,0.416524,0.274604,0.160544,0.069200,0.000238,-0.061993,-0.139684,-0.236796,-0.354390,-0.492424,-0.654944,-0.846767,-1.072501,-1.334497,-1.636001,-1.983211,-2.383758,-2.850441,-3.406292,-4.101097,-5.033293,-6.030852,-5.343434,-4.559490,-4.112143,-3.893786,-3.794921,-3.749303,-3.719472,-3.685647,-3.634623,-3.558150,-3.451115,-3.307590,-3.122347,-2.894437,-2.626163,-2.318785,-1.972699,-1.593343,-1.188968,-0.767874,-0.338362,0.091154,0.514776,0.923798,1.309508,1.664815,1.982041,2.254696,2.476974,2.644701,2.753473,2.801625,2.787568,2.711457,2.575618,2.382466,2.136858,1.843517,1.508839,1.140364,0.746798,0.336025,-0.083400,-0.503734,-0.915545,-1.309125,-1.675005,-2.005882,-2.294309,-2.533059,-2.717556,-2.844871,-2.911987,-2.916935,-2.859903,-2.743171,-2.568450,-2.339301,-2.061323,-1.739945,-1.382717,-0.996318,-0.590347,-0.172554,0.246467,0.660212,1.058025,1.432368,1.773892,2.076273,2.332255,2.536914,2.685276,2.774409,2.803048,2.769585,2.674353,2.520160,2.310317,2.048561,1.739694,1.391732,1.012293,0.609081,0.191689,-0.229955,-0.646552,-1.050356,-1.432957,-1.786712,-2.103112,-2.375087,-2.596992,-2.764393,-2.872857,-2.920710,-2.906360,-2.829953,-2.693812,-2.500346,-2.254463,-1.960899,-1.625990,-1.257307,-0.863640,-0.453087,-0.034657,0.383389,0.794248,1.187664,1.553699,1.884832,2.173696,2.412812,2.597656,2.725300,2.792732,2.797988,2.741263,2.624843,2.450442,2.221626,1.943941,1.622793,1.265775,0.879477,0.473285,0.054497,-0.366813,-0.781509,-1.179486,-1.553674,-1.894943,-2.196886,-2.452503,-2.656814,-2.804847,-2.893664,-2.921994,-2.888225,-2.792681,-2.638168,-2.427991,-2.165944,-1.856846,-1.508675,-1.129135,-0.726143,-0.309746,0.109609,0.525255,0.928895,1.311651,1.665661,1.982332,2.254730,2.476977,2.644701,2.753473,2.801625,2.787568,2.711457,2.574971,2.381918,2.137463,1.848559,1.522280,1.167036,0.791841,0.406155,0.020810,-0.354506,-0.708293,-1.028397,-1.301949,-1.518563,-1.667248,-1.736614,-1.718642,-1.606213,-1.392811,-1.073036,-0.643967,-0.104396,0.547045,1.308805,2.176972,3.150041,4.225530,5.402519,6.679059,8.020358,7.683536,6.601803,5.671483,4.843162,4.104796,3.449855,2.872589,2.367923,1.931180,1.557489,1.241887,0.979628,0.766055,0.596135,0.464447,0.365714,0.252792,0.133830,0.002938,-0.145995,-0.318837,-0.521371,-0.759507,-1.039329,-1.366858,-1.748166,-2.190012,-2.700239,-3.287901,-3.963419,-4.738758,
5.803153,4.836213,4.007119,3.297592,2.691940,2.176720,1.740444,1.373334,1.066532,0.810445,0.597287,0.422819,0.283488,0.172752,0.085770,0.022353,-0.033108,-0.102640,-0.190032,-0.296141,-0.420643,-0.567332,-0.740945,-0.946079,-1.185098,-1.461453,-1.782090,-2.155737,-2.595419,-3.119665,-3.758630,-4.551991,-5.527313,-5.844195,-4.768963,-4.267053,-4.092984,-4.030296,-3.997642,-3.962134,-3.913823,-3.844481,-3.749116,-3.624875,-3.464804,-3.263529,-3.020820,-2.738841,-2.418172,-2.058181,-1.666028,-1.249647,-0.816630,-0.375918,0.062054,0.494218,0.911179,1.303398,1.664636,1.986234,2.261879,2.485837,2.654752,2.763101,2.810722,2.795099,2.716430,2.578034,2.381085,2.131806,1.834149,1.494761,1.121071,0.722907,0.307424,-0.116183,-0.541240,-0.957862,-1.355773,-1.724873,-2.058629,-2.349953,-2.589827,-2.774704,-2.902152,-2.968979,-2.972386,-2.912827,-2.793803,-2.615943,-2.382772,-2.100905,-1.774687,-1.413244,-1.021312,-0.610922,-0.187406,0.234971,0.653982,1.055307,1.433846,1.777852,2.082978,2.340443,2.546456,2.695081,2.783486,2.811556,2.776517,2.678519,2.521253,2.308284,2.042883,1.728915,1.376211,0.992082,0.583489,0.160689,-0.265818,-0.686279,-1.094035,-1.480050,-1.837423,-2.156565,-2.430557,-2.653540,-2.821917,-2.929957,-2.977284,-2.961370,-2.882409,-2.743714,-2.546452,-2.296896,-1.999010,-1.659371,-1.285425,-0.887050,-0.471557,-0.048688,0.372741,0.788681,1.186663,1.556032,1.890092,2.181864,2.422109,2.607334,2.735109,2.802249,2.805962,2.746707,2.627991,2.450450,2.217614,1.936044,1.610077,1.248889,0.857169,0.446788,0.022536,-0.403470,-0.823164,-1.224416,-1.602687,-1.946389,-2.251067,-2.508161,-2.713826,-2.862124,-2.950216,-2.977980,-2.942637,-2.844331,-2.686747,-2.473442,-2.207744,-1.893525,-1.540566,-1.156226,-0.747623,-0.325559,0.097318,0.517097,0.924925,1.311208,1.668886,1.988318,2.262731,2.486057,2.654756,2.763101,2.810722,2.795200,2.718182,2.581711,2.387772,2.143152,1.854064,1.527900,1.173027,0.799611,0.416457,0.035200,-0.335334,-0.682980,-0.994784,-1.256980,-1.459702,-1.592092,-1.640780,-1.598599,-1.458771,-1.214421,-0.859073,-0.389774,0.193752,0.894229,1.708822,2.633765,3.669429,4.813201,6.065281,7.411219,7.798406,6.752301,5.815632,4.986280,4.248441,3.592200,3.010967,2.499495,2.053452,1.668912,1.341571,1.066852,0.840339,0.657643,0.513946,0.404024,0.322876,0.223706,0.115092,-0.008354,-0.152196,-0.321783,-0.522445,-0.759708,-1.039329,-1.366858,-1.748166,-2.190012,-2.700239,-3.287901,-3.963419,-4.738758,
5.803153,4.836213,4.007119,3.297592,2.691940,2.176720,1.740444,1.373334,1.067112,0.813283,0.603349,0.433152,0.299195,0.195112,0.116323,0.062693,0.018550,-0.038093,-0.110971,-0.200951,-0.307682,-0.434983,-0.587733,-0.770720,-0.986364,-1.238054,-1.532627,-1.878119,-2.284880,-2.763749,-3.326608,-3.975946,-4.679137,-5.304979,-4.311064,-4.264804,-4.353747,-4.411761,-4.427746,-4.396801,-4.340332,-4.254942,-4.139689,-3.998935,-3.818311,-3.591335,-3.321777,-3.012164,-2.661389,-2.262914,-1.834412,-1.381384,-0.907367,-0.423985,0.045183,0.513299,0.965608,1.388220,1.780373,2.126922,2.423367,2.661706,2.844126,2.956492,3.007315,2.988206,2.899474,2.750638,2.534417,2.266005,1.944057,1.577589,1.172436,0.745159,0.297851,-0.154908,-0.612543,-1.061949,-1.490758,-1.885077,-2.242247,-2.557511,-2.811379,-3.006375,-3.141594,-3.213045,-3.213662,-3.144753,-3.016786,-2.823831,-2.569435,-2.266597,-1.911891,-1.525562,-1.098991,-0.661045,-0.199238,0.246794,0.703113,1.129986,1.540201,1.905234,2.234203,2.507285,2.728584,2.885887,2.976534,3.007070,2.967857,2.858409,2.686848,2.457623,2.172574,1.829702,1.449445,1.036800,0.594951,0.138054,-0.321287,-0.770174,-1.208072,-1.620577,-2.005872,-2.347684,-2.640813,-2.877164,-3.058535,-3.170365,-3.220884,-3.201483,-3.112458,-2.963321,-2.746784,-2.478092,-2.155900,-1.789145,-1.383640,-0.955884,-0.507800,-0.053406,0.393357,0.844525,1.274200,1.669064,2.026640,2.342389,2.596644,2.791993,2.927542,2.999307,3.000231,2.931627,2.803970,2.611337,2.357280,2.054754,1.700335,1.314358,0.888266,0.451097,-0.009076,-0.465980,-0.920538,-1.346544,-1.756213,-2.120841,-2.449325,-2.722020,-2.942966,-3.099939,-3.190271,-3.220500,-3.180982,-3.071225,-2.899343,-2.669778,-2.384417,-2.041258,-1.660649,-1.247524,-0.804900,-0.346368,0.102101,0.552750,0.991513,1.404565,1.790265,2.132405,2.425969,2.662670,2.844365,2.956501,3.007542,2.990353,2.905702,2.761841,2.552265,2.292703,1.984126,1.636379,1.256316,0.860871,0.453871,0.052528,-0.340202,-0.708694,-1.037646,-1.309215,-1.517147,-1.652688,-1.691805,-1.633220,-1.471497,-1.198709,-0.803749,-0.284057,0.354117,1.118725,2.006971,3.008539,4.132264,5.369350,6.738283,7.681522,6.770762,5.894419,5.087569,4.359706,3.708245,3.128145,2.614581,2.163318,1.770836,1.433934,1.148818,0.911253,0.717107,0.562236,0.442028,0.351477,0.285874,0.198797,0.099250,-0.017683,-0.157085,-0.323874,-0.523026,-0.759784,-1.039329,-1.366858,-1.748166,-2.190012,-2.700239,-3.287901,-3.963419,-4.738758,
5.803153,4.836213,4.007119,3.297592,2.691940,2.176720,1.740444,1.373334,1.067112,0.814609,0.607322,0.440723,0.311365,0.213049,0.141448,0.096484,0.062432,0.017388,-0.042266,-0.117378,-0.207589,-0.316737,-0.449806,-0.611711,-0.804819,-1.032217,-1.300228,-1.615749,-1.986521,-2.418103,-2.913617,-3.465245,-4.040543,-4.556869,-4.850893,-4.228792,-4.607139,-4.782718,-4.806512,-4.742978,-4.648881,-4.531146,-4.389836,-4.228273,-4.028673,-3.783057,-3.495347,-3.167746,-2.798520,-2.380317,-1.932693,-1.460870,-0.967709,-0.465629,0.019648,0.503968,0.971736,1.408086,1.812989,2.170236,2.475452,2.720311,2.907696,3.022293,3.074084,3.053784,2.961956,2.809119,2.586795,2.311585,1.981439,1.605707,1.190223,0.752769,0.294833,-0.168237,-0.636803,-1.097162,-1.536256,-1.939424,-2.304669,-2.627452,-2.886427,-3.085039,-3.222822,-3.295542,-3.295286,-3.223607,-3.092199,-2.894073,-2.632789,-2.322421,-1.958546,-1.563061,-1.125533,-0.677362,-0.203785,0.251791,0.719541,1.155951,1.576110,1.948980,2.285528,2.564307,2.790460,2.950740,3.042532,3.073479,3.032759,2.919707,2.743345,2.508401,2.216316,1.864228,1.474477,1.051854,0.598918,0.130617,-0.339750,-0.798701,-1.246649,-1.668430,-2.062842,-2.412410,-2.711973,-2.953150,-3.138475,-3.252029,-3.303291,-3.282698,-3.190576,-3.037438,-2.814797,-2.539303,-2.208906,-1.832871,-1.416991,-0.978952,-0.520016,-0.055063,0.401293,0.863680,1.303873,1.707698,2.073393,2.396680,2.656049,2.855017,2.993131,3.066166,3.066218,2.994844,2.863747,2.665944,2.405003,2.094954,1.731381,1.336293,0.899350,0.452179,-0.019516,-0.487301,-0.953023,-1.388335,-1.807837,-2.180256,-2.516300,-2.794685,-3.020483,-3.180430,-3.271907,-3.302547,-3.261522,-3.148159,-2.971474,-2.736188,-2.443784,-2.091392,-1.701244,-1.278037,-0.824101,-0.353917,0.104240,0.565219,1.014265,1.436703,1.831566,2.181479,2.481486,2.723015,2.908665,3.022905,3.076673,3.060786,2.976169,2.832082,2.620757,2.359285,2.048004,1.697184,1.313765,0.915952,0.507064,0.105288,-0.287099,-0.653611,-0.977966,-1.241258,-1.437611,-1.558256,-1.577108,-1.493627,-1.302607,-0.995566,-0.560017,0.007109,0.698718,1.522775,2.476568,3.545950,4.738346,6.056077,7.453895,6.688880,5.895559,5.135916,4.433227,3.795162,3.222105,2.711395,2.259570,1.863306,1.519800,1.226465,0.979908,0.776140,0.611252,0.481308,0.381904,0.308280,0.256055,0.179210,0.087199,-0.024444,-0.160348,-0.325056,-0.523246,-0.759784,-1.039329,-1.366858,-1.748166,-2.190012,-2.700239,-3.287901,-3.963419,-4.738758,
5.803153,4.836213,4.007119,3.297592,2.691940,2.176720,1.740444,1.373334,1.067112,0.814811,0.609572,0.446013,0.320608,0.227312,0.162041,0.124773,0.099750,0.065180,0.017615,-0.043748,-0.118556,-0.210664,-0.325115,-0.466901,-0.638289,-0.842005,-1.083853,-1.369856,-1.706273,-2.096567,-2.542544,-3.040723,-3.582340,-4.162399,-4.840281,-4.744984,-5.034431,-5.264323,-5.185410,-5.016104,-4.843986,-4.675612,-4.502081,-4.317819,-4.101439,-3.842930,-3.544429,-3.207358,-2.830295,-2.406947,-1.955055,-1.480037,-0.985440,-0.482775,0.004641,0.490017,0.958217,1.394984,1.799570,2.156922,2.462574,2.708323,2.896170,3.012042,3.064780,3.046251,2.956982,2.806703,2.588176,2.316637,1.990807,1.619785,1.209516,0.776661,0.323435,-0.135454,-0.599297,-1.054845,-1.489608,-1.889557,-2.251922,-2.571808,-2.829659,-3.027891,-3.165542,-3.238550,-3.239834,-3.170682,-3.041567,-2.846580,-2.589317,-2.282840,-1.923803,-1.532535,-1.100539,-0.656787,-0.188933,0.263287,0.725771,1.158669,1.574631,1.945020,2.278823,2.556119,2.780918,2.940934,3.033454,3.064970,3.025828,2.915541,2.742251,2.510434,2.221995,1.875008,1.489998,1.072065,0.624510,0.161616,-0.303887,-0.758974,-1.202970,-1.621338,-2.012130,-2.358956,-2.656504,-2.896602,-3.080951,-3.194929,-3.246718,-3.227688,-3.138120,-2.987536,-2.768690,-2.496869,-2.170796,-1.799490,-1.388872,-0.955542,-0.501545,-0.041033,0.411940,0.869248,1.304873,1.705365,2.068133,2.388512,2.646751,2.845339,2.983322,3.056649,3.058244,2.989401,2.860599,2.665936,2.409015,2.102850,1.744098,1.353179,0.921658,0.478676,0.012446,-0.450644,-0.911368,-1.343404,-1.758824,-2.128809,-2.462119,-2.739027,-2.963471,-3.123153,-3.215356,-3.246561,-3.207109,-3.096509,-2.922896,-2.690736,-2.401984,-2.054713,-1.669353,-1.250946,-0.802621,-0.338103,0.116531,0.573376,1.018235,1.437146,1.828341,2.175493,2.473485,2.713934,2.897896,3.011831,3.065894,3.051585,2.969907,2.829175,2.622927,2.366991,2.062709,1.720381,1.347320,0.960836,0.565236,0.178400,-0.195978,-0.541570,-0.842393,-1.079977,-1.247534,-1.335917,-1.320868,-1.200934,-0.970492,-0.621166,-0.140822,0.474938,1.220069,2.103366,3.121201,4.253213,5.485522,6.826552,6.799467,5.907555,5.152316,4.470892,3.850972,3.290131,2.786887,2.338873,1.943193,1.597101,1.298325,1.044761,0.833305,0.660139,0.521535,0.413746,0.332588,0.273590,0.232726,0.164405,0.078526,-0.028944,-0.162227,-0.325534,-0.523298,-0.759784,-1.039329,-1.366858,-1.748166,-2.190012,-2.700239,-3.287901,-3.963419,-4.738758,
5.803153,4.836213,4.007119,3.297592,2.691940,2.176720,1.740444,1.373334,1.067112,0.814811,0.610631,0.447874,0.323413,0.231326,0.167752,0.132777,0.110682,0.079930,0.037422,-0.017390,-0.083973,-0.165937,-0.268090,-0.395193,-0.549171,-0.732224,-0.949625,-1.206859,-1.509654,-1.861271,-2.264942,-2.722841,-3.239485,-3.827922,-4.523550,-5.364694,-6.244765,-6.018205,-5.562880,-5.175875,-4.880382,-4.648391,-4.443053,-4.236749,-4.008184,-3.745838,-3.447126,-3.112598,-2.742450,-2.336550,-1.902133,-1.446859,-0.978203,-0.504746,-0.036303,0.424306,0.867072,1.281875,1.662631,2.000978,2.290759,2.525921,2.703011,2.816737,2.867314,2.852828,2.773920,2.634100,2.434844,2.182438,1.880898,1.536957,1.158151,0.754409,0.333007,-0.096729,-0.527994,-0.950759,-1.354623,-1.729353,-2.068305,-2.364250,-2.608107,-2.796220,-2.926099,-2.994484,-2.998559,-2.938757,-2.818584,-2.638692,-2.402655,-2.117147,-1.786599,-1.420216,-1.022860,-0.606664,-0.177101,0.251464,0.676639,1.083990,1.468277,1.817638,2.127597,2.389277,2.598790,2.750128,2.840407,2.869457,2.834488,2.735651,2.576657,2.361095,2.092304,1.774221,1.416764,1.027348,0.613048,0.184251,-0.248418,-0.675079,-1.088933,-1.480810,-1.843681,-2.167837,-2.446248,-2.672978,-2.844333,-2.954521,-3.003118,-2.987575,-2.908071,-2.767929,-2.568358,-2.315674,-2.013905,-1.669716,-1.290658,-0.886708,-0.465303,-0.036314,0.391325,0.813404,1.217336,1.592332,1.931585,2.227987,2.472216,2.660679,2.790889,2.859591,2.863975,2.804481,2.684620,2.505049,2.269348,1.984140,1.653840,1.287709,0.890561,0.474368,0.044058,-0.388134,-0.813994,-1.221276,-1.605297,-1.954357,-2.263861,-2.525168,-2.734331,-2.885339,-2.975300,-3.004041,-2.968764,-2.869615,-2.710299,-2.494401,-2.225311,-1.906980,-1.549271,-1.159647,-0.745344,-0.317294,0.111748,0.537724,0.951647,1.343789,1.706962,2.031407,2.310247,2.536373,2.706844,2.816784,2.867476,2.856798,2.785773,2.656580,2.471291,2.236883,1.960268,1.649685,1.314324,0.965007,0.611362,0.266209,-0.060343,-0.354921,-0.603385,-0.790890,-0.906636,-0.939117,-0.874596,-0.705725,-0.425568,-0.026645,0.499408,1.159272,1.955878,2.896775,3.980818,5.189027,6.453541,6.723050,5.917911,5.166769,4.494548,3.888350,3.340059,2.845925,2.403770,2.011251,1.665659,1.364558,1.106006,0.888219,0.708259,0.562401,0.447051,0.358627,0.293180,0.246551,0.215091,0.153644,0.072552,-0.031807,-0.163268,-0.325735,-0.523298,-0.759784,-1.039329,-1.366858,-1.748166,-2.190012,-2.700239,-3.287901,-3.963419,-4.738758,
5.803153,4.836213,4.007119,3.297592,2.691940,2.176720,1.740444,1.373334,1.067112,0.814811,0.610631,0.448731,0.324945,0.233733,0.171430,0.138227,0.118448,0.090815,0.052588,0.003482,-0.055821,-0.128692,-0.219673,-0.333268,-0.471090,-0.634891,-0.829561,-1.060337,-1.332893,-1.650854,-2.018935,-2.442783,-2.932509,-3.505912,-4.195817,-5.057613,-6.213106,-6.821698,-6.074688,-5.435533,-5.035070,-4.767176,-4.548883,-4.332494,-4.092881,-3.819180,-3.509552,-3.165385,-2.787938,-2.378388,-1.942163,-1.486903,-1.020508,-0.550522,-0.084290,0.372889,0.811654,1.222657,1.599236,1.934319,2.221766,2.455724,2.631932,2.746406,2.798119,2.786095,2.710968,2.575563,2.382466,2.136858,1.843517,1.508839,1.140364,0.746798,0.336025,-0.083400,-0.503734,-0.915545,-1.309125,-1.675005,-2.005882,-2.294309,-2.533059,-2.717556,-2.844871,-2.911987,-2.916935,-2.859903,-2.743171,-2.568450,-2.339301,-2.061323,-1.739945,-1.382717,-0.996318,-0.590347,-0.172554,0.246467,0.660212,1.058025,1.432368,1.773892,2.076273,2.332255,2.536914,2.685276,2.774409,2.803048,2.769585,2.674353,2.520160,2.310317,2.048561,1.739694,1.391732,1.012293,0.609081,0.191689,-0.229955,-0.646552,-1.050356,-1.432957,-1.786712,-2.103112,-2.375087,-2.596992,-2.764393,-2.872857,-2.920710,-2.906360,-2.829953,-2.693812,-2.500346,-2.254463,-1.960899,-1.625990,-1.257307,-0.863640,-0.453087,-0.034657,0.383389,0.794248,1.187664,1.553699,1.884832,2.173696,2.412812,2.597656,2.725300,2.792732,2.797988,2.741263,2.624843,2.450442,2.221626,1.943941,1.622793,1.265775,0.879477,0.473285,0.054497,-0.366813,-0.781509,-1.179486,-1.553674,-1.894943,-2.196886,-2.452503,-2.656814,-2.804847,-2.893664,-2.921994,-2.888225,-2.792681,-2.638168,-2.427991,-2.165944,-1.856846,-1.508675,-1.129135,-0.726143,-0.309746,0.109609,0.525255,0.928895,1.311651,1.665661,1.982290,2.253536,2.474690,2.640923,2.748901,2.798819,2.789653,2.722570,2.598830,2.421802,2.197197,1.932933,1.637253,1.319658,0.990000,0.658778,0.338343,0.040023,-0.223178,-0.437585,-0.588948,-0.665633,-0.655823,-0.547642,-0.333075,-0.005264,0.442372,1.017313,1.726482,2.580844,3.597368,4.786552,6.067516,6.655711,5.858468,5.144795,4.493259,3.902945,3.368513,2.885570,2.451415,2.064193,1.721776,1.421558,1.161282,0.939211,0.753777,0.602134,0.480630,0.385797,0.314235,0.262253,0.226040,0.202325,0.146381,0.068968,-0.033167,-0.163519,-0.325735,-0.523298,-0.759784,-1.039329,-1.366858,-1.748166,-2.190012,-2.700239,-3.287901,-3.963419,-4.738758,
5.803153,4.836213,4.007119,3.297592,2.691940,2.176720,1.740444,1.373334,1.067112,0.814811,0.610631,0.449806,0.326687,0.236262,0.175046,0.143308,0.125405,0.100301,0.065604,0.021277,-0.031873,-0.096989,-0.178307,-0.280035,-0.403474,-0.549977,-0.724113,-0.930961,-1.176237,-1.463837,-1.799218,-2.189261,-2.645028,-3.182389,-3.824561,-4.602077,-5.548028,-6.646780,-6.613316,-5.653447,-5.242320,-5.012142,-4.819797,-4.609247,-4.359489,-4.066744,-3.735224,-3.369167,-2.970456,-2.539796,-2.084438,-1.611364,-1.127382,-0.640698,-0.160782,0.309899,0.761393,1.183563,1.570636,1.914624,2.209641,2.449572,2.630939,2.748437,2.802377,2.790881,2.714644,2.577427,2.380985,2.131804,1.834149,1.494761,1.121071,0.722907,0.307424,-0.116183,-0.541240,-0.957862,-1.355773,-1.724873,-2.058629,-2.349953,-2.589827,-2.774704,-2.902152,-2.968979,-2.972386,-2.912827,-2.793803,-2.615943,-2.382772,-2.100905,-1.774687,-1.413244,-1.021312,-0.610922,-0.187406,0.234971,0.653982,1.055307,1.433846,1.777852,2.082978,2.340443,2.546456,2.695081,2.783486,2.811556,2.776517,2.678519,2.521253,2.308284,2.042883,1.728915,1.376211,0.992082,0.583489,0.160689,-0.265818,-0.686279,-1.094035,-1.480050,-1.837423,-2.156565,-2.430557,-2.653540,-2.821917,-2.929957,-2.977284,-2.961370,-2.882409,-2.743714,-2.546452,-2.296896,-1.999010,-1.659371,-1.285425,-0.887050,-0.471557,-0.048688,0.372741,0.788681,1.186663,1.556032,1.890092,2.181864,2.422109,2.607334,2.735109,2.802249,2.805962,2.746707,2.627991,2.450450,2.217614,1.936044,1.610077,1.248889,0.857169,0.446788,0.022536,-0.403470,-0.823164,-1.224416,-1.602687,-1.946389,-2.251067,-2.508161,-2.713826,-2.862124,-2.950216,-2.977980,-2.942637,-2.844331,-2.686747,-2.473442,-2.207744,-1.893525,-1.540566,-1.156226,-0.747623,-0.325559,0.097318,0.517097,0.924925,1.311208,1.669088,1.989785,2.265608,2.490708,2.661340,2.772814,2.826661,2.820962,2.756971,2.636864,2.462694,2.241504,1.980578,1.688601,1.375151,1.051371,0.727254,0.416090,0.128456,-0.121844,-0.320169,-0.451191,-0.503522,-0.465138,-0.321955,-0.066961,0.305440,0.800343,1.423437,2.180935,3.090369,4.190029,5.540133,6.476056,5.746148,5.073310,4.456781,3.891797,3.376448,2.908029,2.484391,2.104159,1.766155,1.468607,1.209006,0.985223,0.795668,0.638928,0.512231,0.412006,0.334933,0.277813,0.237229,0.209730,0.192409,0.140934,0.066434,-0.034032,-0.163675,-0.325735,-0.523298,-0.759784,-1.039329,-1.366858,-1.748166,-2.190012,-2.700239,-3.287901,-3.963419,-4.738758,
5.803153,4.836213,4.007119,3.297592,2.691940,2.176720,1.740444,1.373334,1.067112,0.814811,0.610631,0.449806,0.328282,0.240600,0.183088,0.156066,0.143893,0.125683,0.099274,0.064719,0.022762,-0.029729,-0.096890,-0.182857,-0.288893,-0.416252,-0.569443,-0.753564,-0.974426,-1.235968,-1.543641,-1.904036,-2.326874,-2.823891,-3.408591,-4.092173,-4.872093,-5.698276,-6.406316,-5.540829,-5.480852,-5.427299,-5.310848,-5.118391,-4.851408,-4.523699,-4.152917,-3.747497,-3.308595,-2.830946,-2.331990,-1.815726,-1.284434,-0.749002,-0.232186,0.279768,0.771700,1.229205,1.652021,2.025728,2.346295,2.605319,2.804673,2.930199,2.990862,2.978737,2.894644,2.748527,2.533661,2.265844,1.944057,1.577589,1.172436,0.745159,0.297851,-0.154908,-0.612543,-1.061949,-1.490758,-1.885077,-2.242247,-2.557511,-2.811379,-3.006375,-3.141594,-3.213045,-3.213662,-3.144753,-3.016786,-2.823831,-2.569435,-2.266597,-1.911891,-1.525562,-1.098991,-0.661045,-0.199238,0.246794,0.703113,1.129986,1.540201,1.905234,2.234203,2.507285,2.728584,2.885887,2.976534,3.007070,2.967857,2.858409,2.686848,2.457623,2.172574,1.829702,1.449445,1.036800,0.594951,0.138054,-0.321287,-0.770174,-1.208072,-1.620577,-2.005872,-2.347684,-2.640813,-2.877164,-3.058535,-3.170365,-3.220884,-3.201483,-3.112458,-2.963321,-2.746784,-2.478092,-2.155900,-1.789145,-1.383640,-0.955884,-0.507800,-0.053406,0.393357,0.844525,1.274200,1.669064,2.026640,2.342389,2.596644,2.791993,2.927542,2.999307,3.000231,2.931627,2.803970,2.611337,2.357280,2.054754,1.700335,1.314358,0.888266,0.451097,-0.009076,-0.465980,-0.920538,-1.346544,-1.756213,-2.120841,-2.449325,-2.722020,-2.942966,-3.099939,-3.190271,-3.220500,-3.180982,-3.071225,-2.899343,-2.669778,-2.384417,-2.041258,-1.660649,-1.247524,-0.804900,-0.346368,0.102101,0.552750,0.991513,1.404859,1.792375,2.138226,2.436187,2.678229,2.865921,2.985700,3.047731,3.044057,2.976080,2.852100,2.665640,2.432707,2.155456,1.845185,1.510119,1.168363,0.825123,0.499384,0.195927,-0.067910,-0.275010,-0.405761,-0.451952,-0.402978,-0.233370,0.058203,0.474716,1.018222,1.690511,2.491901,3.435043,4.579341,5.988572,5.489387,4.917520,4.357122,3.831169,3.344795,2.898652,2.491783,2.123443,1.793343,1.500962,1.244880,1.022664,0.832285,0.672273,0.541350,0.436837,0.355296,0.293609,0.248820,0.217822,0.197536,0.185403,0.137448,0.065115,-0.034285,-0.163675,-0.325735,-0.523298,-0.759784,-1.039329,-1.366858,-1.748166,-2.190012,-2.700239,-3.287901,-3.963419,-4.738758,
5.803153,4.836213,4.007119,3.297592,2.691940,2.176720,1.740444,1.373334,1.067112,0.814811,0.610631,0.449806,0.328500,0.242866,0.188363,0.165274,0.157972,0.145710,0.126547,0.100635,0.068660,0.027518,-0.026779,-0.098241,-0.188075,-0.297465,-0.430862,-0.593354,-0.790771,-1.026918,-1.306881,-1.636439,-2.023608,-2.476758,-3.003736,-3.608636,-4.286985,-5.020776,-5.796799,-5.974297,-5.598339,-5.774554,-5.745288,-5.549474,-5.244863,-4.873169,-4.462412,-4.022526,-3.552905,-3.045960,-2.519916,-1.977677,-1.420314,-0.859510,-0.320357,0.213533,0.726360,1.202867,1.643556,2.032983,2.367283,2.637721,2.846871,2.979190,3.044954,3.035319,2.951160,2.803415,2.584152,2.310563,1.981157,1.605691,1.190223,0.752769,0.294833,-0.168237,-0.636803,-1.097162,-1.536256,-1.939424,-2.304669,-2.627452,-2.886427,-3.085039,-3.222822,-3.295542,-3.295286,-3.223607,-3.092199,-2.894073,-2.632789,-2.322421,-1.958546,-1.563061,-1.125533,-0.677362,-0.203785,0.251791,0.719541,1.155951,1.576110,1.948980,2.285528,2.564307,2.790460,2.950740,3.042532,3.073479,3.032759,2.919707,2.743345,2.508401,2.216316,1.864228,1.474477,1.051854,0.598918,0.130617,-0.339750,-0.798701,-1.246649,-1.668430,-2.062842,-2.412410,-2.711973,-2.953150,-3.138475,-3.252029,-3.303291,-3.282698,-3.190576,-3.037438,-2.814797,-2.539303,-2.208906,-1.832871,-1.416991,-0.978952,-0.520016,-0.055063,0.401293,0.863680,1.303873,1.707698,2.073393,2.396680,2.656049,2.855017,2.993131,3.066166,3.066218,2.994844,2.863747,2.665944,2.405003,2.094954,1.731381,1.336293,0.899350,0.452179,-0.019516,-0.487301,-0.953023,-1.388335,-1.807837,-2.180256,-2.516300,-2.794685,-3.020483,-3.180430,-3.271907,-3.302547,-3.261522,-3.148159,-2.971474,-2.736188,-2.443784,-2.091392,-1.701244,-1.278037,-0.824101,-0.353917,0.104240,0.565269,1.014914,1.439637,1.838893,2.195690,2.503891,2.755095,2.951513,3.078155,3.146469,3.147583,3.082979,2.961880,2.776547,2.544421,2.267166,1.956711,1.621579,1.281404,0.941118,0.620787,0.324514,0.070470,-0.123236,-0.235757,-0.258641,-0.180000,0.029471,0.371910,0.849493,1.457432,2.184869,3.011300,3.941140,5.235398,5.282073,4.728727,4.217432,3.734099,3.281832,2.862797,2.477463,2.125412,1.806608,1.521523,1.270137,1.051297,0.862589,0.702043,0.568265,0.460078,0.374897,0.309453,0.260852,0.226397,0.203294,0.188826,0.180754,0.135419,0.064540,-0.034363,-0.163675,-0.325735,-0.523298,-0.759784,-1.039329,-1.366858,-1.748166,-2.190012,-2.700239,-3.287901,-3.963419,-4.738758,
5.803153,4.836213,4.007119,3.297592,2.691940,2.176720,1.740444,1.373334,1.067112,0.814811,0.610631,0.449806,0.328500,0.243715,0.191644,0.171884,0.168773,0.161695,0.148920,0.130694,0.107655,0.076739,0.034136,-0.023994,-0.098788,-0.191376,-0.306147,-0.448138,-0.623129,-0.834703,-1.087471,-1.386366,-1.738035,-2.148773,-2.623893,-3.165915,-3.773437,-4.441324,-5.165928,-5.948810,-6.065357,-6.207640,-6.225793,-5.948863,-5.557144,-5.120161,-4.665076,-4.195158,-3.704397,-3.182462,-2.643803,-2.090566,-1.524069,-0.955199,-0.406931,0.134378,0.653585,1.136213,1.582061,1.976877,2.316755,2.593111,2.807646,2.946082,3.017436,3.013822,2.936071,2.794103,2.581208,2.313215,1.989389,1.619328,1.209474,0.776662,0.323435,-0.135454,-0.599297,-1.054845,-1.489608,-1.889557,-2.251922,-2.571808,-2.829659,-3.027891,-3.165542,-3.238550,-3.239834,-3.170682,-3.041567,-2.846580,-2.589317,-2.282840,-1.923803,-1.532535,-1.100539,-0.656787,-0.188933,0.263287,0.725771,1.158669,1.574631,1.945020,2.278823,2.556119,2.780918,2.940934,3.033454,3.064970,3.025828,2.915541,2.742251,2.510434,2.221995,1.875008,1.489998,1.072065,0.624510,0.161616,-0.303887,-0.758974,-1.202970,-1.621338,-2.012130,-2.358956,-2.656504,-2.896602,-3.080951,-3.194929,-3.246718,-3.227688,-3.138120,-2.987536,-2.768690,-2.496869,-2.170796,-1.799490,-1.388872,-0.955542,-0.501545,-0.041033,0.411940,0.869248,1.304873,1.705365,2.068133,2.388512,2.646751,2.845339,2.983322,3.056649,3.058244,2.989401,2.860599,2.665936,2.409015,2.102850,1.744098,1.353179,0.921658,0.478676,0.012446,-0.450644,-0.911368,-1.343404,-1.758824,-2.128809,-2.462119,-2.739027,-2.963471,-3.123153,-3.215356,-3.246561,-3.207109,-3.096509,-2.922896,-2.690736,-2.401984,-2.054713,-1.669353,-1.250946,-0.802621,-0.338103,0.116413,0.572406,1.017750,1.438684,1.834096,2.188102,2.494404,2.744805,2.940699,3.068481,3.138506,3.143083,3.083914,2.969365,2.793073,2.571331,2.306940,2.011979,1.695429,1.376118,1.059966,0.766524,0.500938,0.280752,0.123327,0.048880,0.067375,0.193060,0.457139,0.867561,1.429673,2.132889,2.943748,3.785194,4.699041,5.023507,4.536316,4.060883,3.612992,3.193111,2.802238,2.440785,2.108493,1.804868,1.530134,1.285237,1.070487,0.884890,0.726004,0.591890,0.481206,0.392850,0.324350,0.272641,0.235069,0.209201,0.192546,0.182728,0.177788,0.134341,0.064335,-0.034363,-0.163675,-0.325735,-0.523298,-0.759784,-1.039329,-1.366858,-1.748166,-2.190012,-2.700239,-3.287901,-3.963419,-4.738758,
5.803153,4.836213,4.007119,3.297592,2.691940,2.176720,1.740444,1.373334,1.067112,0.814811,0.610631,0.449806,0.328500,0.243715,0.192477,0.173154,0.170523,0.164144,0.152527,0.136114,0.115612,0.088177,0.050379,-0.001188,-0.067338,-0.148899,-0.249928,-0.375133,-0.529994,-0.717708,-0.942376,-1.208260,-1.521191,-1.886556,-2.309037,-2.791726,-3.336553,-3.945479,-4.622671,-5.377222,-6.221016,-7.237839,-6.869119,-6.306479,-5.749098,-5.226795,-4.731675,-4.245044,-3.750353,-3.237503,-2.708193,-2.166244,-1.616907,-1.068508,-0.530974,-0.006907,0.493863,0.961166,1.389462,1.771192,2.100813,2.371957,2.580910,2.722210,2.796330,2.801502,2.738472,2.610938,2.420630,2.174422,1.876895,1.535293,1.157598,0.754324,0.333018,-0.096729,-0.527994,-0.950759,-1.354623,-1.729353,-2.068305,-2.364250,-2.608107,-2.796220,-2.926099,-2.994484,-2.998559,-2.938757,-2.818584,-2.638692,-2.402655,-2.117147,-1.786599,-1.420216,-1.022860,-0.606664,-0.177101,0.251464,0.676639,1.083990,1.468277,1.817638,2.127597,2.389277,2.598790,2.750128,2.840407,2.869457,2.834488,2.735651,2.576657,2.361095,2.092304,1.774221,1.416764,1.027348,0.613048,0.184251,-0.248418,-0.675079,-1.088933,-1.480810,-1.843681,-2.167837,-2.446248,-2.672978,-2.844333,-2.954521,-3.003118,-2.987575,-2.908071,-2.767929,-2.568358,-2.315674,-2.013905,-1.669716,-1.290658,-0.886708,-0.465303,-0.036314,0.391325,0.813404,1.217336,1.592332,1.931585,2.227987,2.472216,2.660679,2.790889,2.859591,2.863975,2.804481,2.684620,2.505049,2.269348,1.984140,1.653840,1.287709,0.890561,0.474368,0.044058,-0.388134,-0.813994,-1.221276,-1.605297,-1.954357,-2.263861,-2.525168,-2.734331,-2.885339,-2.975300,-3.004041,-2.968764,-2.869615,-2.710299,-2.494401,-2.225311,-1.906980,-1.549271,-1.159647,-0.745352,-0.317565,0.110533,0.535738,0.949988,1.344065,1.711480,2.043000,2.330585,2.568281,2.752100,2.877356,2.946024,2.956754,2.911417,2.812313,2.661668,2.467026,2.236844,1.981223,1.711105,1.438953,1.176063,0.936730,0.732075,0.575994,0.483096,0.469178,0.548368,0.739700,1.070165,1.564487,2.240825,3.096278,4.076805,5.083669,4.881129,4.388251,3.932322,3.506287,3.109505,2.740866,2.399889,2.085815,1.797691,1.534786,1.297381,1.086731,0.903335,0.746257,0.612975,0.501537,0.410609,0.339112,0.284674,0.244429,0.215946,0.197033,0.185463,0.179162,0.176417,0.134077,0.064335,-0.034363,-0.163675,-0.325735,-0.523298,-0.759784,-1.039329,-1.366858,-1.748166,-2.190012,-2.700239,-3.287901,-3.963419,-4.738758,
5.803153,4.836213,4.007119,3.297592,2.691940,2.176720,1.740444,1.373334,1.067112,0.814811,0.610631,0.449806,0.328500,0.243715,0.193225,0.174371,0.172166,0.166372,0.155700,0.140768,0.122338,0.097769,0.063997,0.018045,-0.040587,-0.112457,-0.201289,-0.311429,-0.448012,-0.613841,-0.812553,-1.047877,-1.325130,-1.649300,-2.025065,-2.456368,-2.947475,-3.504485,-4.137333,-4.865627,-5.732153,-6.852053,-7.604908,-6.870709,-6.099819,-5.484357,-4.952559,-4.450110,-3.945325,-3.423949,-2.885218,-2.333809,-1.776341,-1.220925,-0.675655,-0.145921,0.359247,0.830631,1.262079,1.647299,1.980808,2.256558,2.470108,2.617374,2.697664,2.710222,2.655800,2.537078,2.356977,2.120991,1.834426,1.504207,1.138322,0.746064,0.335858,-0.083382,-0.503733,-0.915545,-1.309125,-1.675005,-2.005882,-2.294309,-2.533059,-2.717556,-2.844871,-2.911987,-2.916935,-2.859903,-2.743171,-2.568450,-2.339301,-2.061323,-1.739945,-1.382717,-0.996318,-0.590347,-0.172554,0.246467,0.660212,1.058025,1.432368,1.773892,2.076273,2.332255,2.536914,2.685276,2.774409,2.803048,2.769585,2.674353,2.520160,2.310317,2.048561,1.739694,1.391732,1.012293,0.609081,0.191689,-0.229955,-0.646552,-1.050356,-1.432957,-1.786712,-2.103112,-2.375087,-2.596992,-2.764393,-2.872857,-2.920710,-2.906360,-2.829953,-2.693812,-2.500346,-2.254463,-1.960899,-1.625990,-1.257307,-0.863640,-0.453087,-0.034657,0.383389,0.794248,1.187664,1.553699,1.884832,2.173696,2.412812,2.597656,2.725300,2.792732,2.797988,2.741263,2.624843,2.450442,2.221626,1.943941,1.622793,1.265775,0.879477,0.473285,0.054497,-0.366813,-0.781509,-1.179486,-1.553674,-1.894943,-2.196886,-2.452503,-2.656814,-2.804847,-2.893664,-2.921994,-2.888225,-2.792681,-2.638168,-2.427991,-2.165944,-1.856846,-1.508675,-1.129185,-0.726858,-0.310966,0.107647,0.522539,0.926572,1.311408,1.669958,1.994255,2.276224,2.510212,2.691511,2.816883,2.887299,2.902631,2.864994,2.775824,2.638689,2.459954,2.249129,2.016372,1.773035,1.530835,1.302123,1.100668,0.938394,0.827860,0.781512,0.812343,0.933687,1.166211,1.543220,2.108165,2.911388,3.987550,5.111075,4.993997,4.341612,3.841737,3.413155,3.027535,2.674565,2.350020,2.052056,1.779053,1.529467,1.302286,1.097752,0.917305,0.761524,0.629473,0.518549,0.426795,0.352883,0.295761,0.253172,0.222474,0.201461,0.188164,0.180601,0.176958,0.175732,0.133970,0.064335,-0.034363,-0.163675,-0.325735,-0.523298,-0.759784,-1.039329,-1.366858,-1.748166,-2.190012,-2.700239,-3.287901,-3.963419,-4.738758,
5.803153,4.836213,4.007119,3.297592,2.691940,2.176720,1.740444,1.373334,1.067112,0.814811,0.610631,0.449806,0.328500,0.243715,0.193225,0.175522,0.173809,0.168555,0.158707,0.145025,0.128311,0.106105,0.075681,0.034473,-0.017720,-0.081218,-0.159417,-0.256277,-0.376548,-0.522637,-0.697764,-0.905216,-1.149946,-1.436729,-1.770333,-2.155235,-2.596797,-3.102542,-3.683099,-4.355226,-5.144164,-6.078726,-7.127831,-7.570945,-6.500096,-5.842966,-5.312679,-4.811062,-4.295288,-3.751739,-3.185647,-2.604729,-2.016829,-1.432011,-0.861220,-0.307317,0.220237,0.711648,1.161619,1.562914,1.910358,2.197839,2.421864,2.577158,2.664497,2.682327,2.631533,2.515807,2.336842,2.101530,1.814423,1.482688,1.114191,0.719332,0.305800,-0.116798,-0.541360,-0.957865,-1.355773,-1.724873,-2.058629,-2.349953,-2.589827,-2.774704,-2.902152,-2.968979,-2.972386,-2.912827,-2.793803,-2.615943,-2.382772,-2.100905,-1.774687,-1.413244,-1.021312,-0.610922,-0.187406,0.234971,0.653982,1.055307,1.433846,1.777852,2.082978,2.340443,2.546456,2.695081,2.783486,2.811556,2.776517,2.678519,2.521253,2.308284,2.042883,1.728915,1.376211,0.992082,0.583489,0.160689,-0.265818,-0.686279,-1.094035,-1.480050,-1.837423,-2.156565,-2.430557,-2.653540,-2.821917,-2.929957,-2.977284,-2.961370,-2.882409,-2.743714,-2.546452,-2.296896,-1.999010,-1.659371,-1.285425,-0.887050,-0.471557,-0.048688,0.372741,0.788681,1.186663,1.556032,1.890092,2.181864,2.422109,2.607334,2.735109,2.802249,2.805962,2.746707,2.627991,2.450450,2.217614,1.936044,1.610077,1.248889,0.857169,0.446788,0.022536,-0.403470,-0.823164,-1.224416,-1.602687,-1.946389,-2.251067,-2.508161,-2.713826,-2.862124,-2.950216,-2.977980,-2.942637,-2.844331,-2.686747,-2.473442,-2.207744,-1.893516,-1.540472,-1.155451,-0.745143,-0.320835,0.104569,0.527395,0.939921,1.333081,1.700584,2.033407,2.323517,2.564925,2.753593,2.884898,2.961193,2.981542,2.948250,2.863808,2.730654,2.556753,2.351212,2.124906,1.889666,1.659112,1.445759,1.264776,1.127321,1.045705,1.030572,1.091198,1.234731,1.478155,1.861887,2.453589,3.361146,4.821982,4.867618,4.290016,3.774846,3.336359,2.953243,2.609766,2.297496,2.012295,1.752145,1.515112,1.299293,1.103474,0.927834,0.773934,0.642361,0.532140,0.440609,0.365818,0.306456,0.261488,0.228795,0.205961,0.190999,0.182145,0.177630,0.175866,0.175522,0.133970,0.064335,-0.034363,-0.163675,-0.325735,-0.523298,-0.759784,-1.039329,-1.366858,-1.748166,-2.190012,-2.700239,-3.287901,-3.963419,-4.738758,
5.803153,4.836213,4.007119,3.297592,2.691940,2.176720,1.740444,1.373334,1.067112,0.814811,0.610631,0.449806,0.328500,0.243715,0.193225,0.175522,0.175346,0.172798,0.166587,0.157540,0.146436,0.130867,0.108290,0.076363,0.034975,-0.016197,-0.080475,-0.161657,-0.264335,-0.390754,-0.543938,-0.726912,-0.944371,-1.200870,-1.501019,-1.849201,-2.250646,-2.712327,-3.242865,-3.853484,-4.556724,-5.360721,-6.257172,-7.244315,-6.726249,-6.298868,-5.849481,-5.371204,-4.837655,-4.245861,-3.623662,-2.983152,-2.331129,-1.681685,-1.059522,-0.451382,0.128312,0.665740,1.161074,1.600562,1.980915,2.293952,2.541730,2.710307,2.809274,2.831180,2.777158,2.657162,2.464476,2.215024,1.908087,1.553209,1.156650,0.735520,0.292449,-0.157589,-0.613676,-1.062309,-1.490811,-1.885079,-2.242247,-2.557511,-2.811379,-3.006375,-3.141594,-3.213045,-3.213662,-3.144753,-3.016786,-2.823831,-2.569435,-2.266597,-1.911891,-1.525562,-1.098991,-0.661045,-0.199238,0.246794,0.703113,1.129986,1.540201,1.905234,2.234203,2.507285,2.728584,2.885887,2.976534,3.007070,2.967857,2.858409,2.686848,2.457623,2.172574,1.829702,1.449445,1.036800,0.594951,0.138054,-0.321287,-0.770174,-1.208072,-1.620577,-2.005872,-2.347684,-2.640813,-2.877164,-3.058535,-3.170365,-3.220884,-3.201483,-3.112458,-2.963321,-2.746784,-2.478092,-2.155900,-1.789145,-1.383640,-0.955884,-0.507800,-0.053406,0.393357,0.844525,1.274200,1.669064,2.026640,2.342389,2.596644,2.791993,2.927542,2.999307,3.000231,2.931627,2.803970,2.611337,2.357280,2.054754,1.700335,1.314358,0.888266,0.451097,-0.009076,-0.465980,-0.920538,-1.346544,-1.756213,-2.120841,-2.449325,-2.722020,-2.942966,-3.099939,-3.190271,-3.220500,-3.180982,-3.071225,-2.899343,-2.669778,-2.384408,-2.040980,-1.658697,-1.242418,-0.795171,-0.330829,0.124254,0.582479,1.030873,1.456111,1.857311,2.218865,2.534371,2.795469,3.003376,3.144589,3.230203,3.253391,3.216761,3.129141,2.984678,2.800567,2.580933,2.339441,2.086945,1.844771,1.621702,1.439757,1.305124,1.233096,1.233175,1.310579,1.455768,1.667861,1.988284,2.503479,3.260807,4.492108,4.054185,3.621618,3.215681,2.849012,2.519069,2.220319,1.948595,1.701408,1.477351,1.274537,1.090850,0.924893,0.776748,0.647992,0.539150,0.449177,0.375395,0.315898,0.269430,0.235009,0.210694,0.194334,0.184179,0.178683,0.176283,0.175603,0.175522,0.133970,0.064335,-0.034363,-0.163675,-0.325735,-0.523298,-0.759784,-1.039329,-1.366858,-1.748166,-2.190012,-2.700239,-3.287901,-3.963419,-4.738758,
5.803153,4.836213,4.007119,3.297592,2.691940,2.176720,1.740444,1.373334,1.067112,0.814811,0.610631,0.449806,0.328500,0.243715,0.193225,0.175522,0.175522,0.174917,0.171635,0.166432,0.160070,0.150194,0.134434,0.110665,0.078875,0.038736,-0.012982,-0.079887,-0.166379,-0.274539,-0.407228,-0.567265,-0.759135,-0.987177,-1.255766,-1.568950,-1.931365,-2.348843,-2.827699,-3.374842,-3.995965,-4.691779,-5.453263,-6.255537,-7.023449,-6.678838,-6.324547,-5.900991,-5.353194,-4.717616,-4.044116,-3.352801,-2.652305,-1.957774,-1.295830,-0.650192,-0.035521,0.533793,1.058622,1.524055,1.926935,2.258961,2.523105,2.704256,2.813501,2.842667,2.793122,2.675940,2.483304,2.232645,1.922604,1.563078,1.160319,0.732637,0.282056,-0.175710,-0.640723,-1.098923,-1.536886,-1.939535,-2.304669,-2.627452,-2.886427,-3.085039,-3.222822,-3.295542,-3.295286,-3.223607,-3.092199,-2.894073,-2.632789,-2.322421,-1.958546,-1.563061,-1.125533,-0.677362,-0.203785,0.251791,0.719541,1.155951,1.576110,1.948980,2.285528,2.564307,2.790460,2.950740,3.042532,3.073479,3.032759,2.919707,2.743345,2.508401,2.216316,1.864228,1.474477,1.051854,0.598918,0.130617,-0.339750,-0.798701,-1.246649,-1.668430,-2.062842,-2.412410,-2.711973,-2.953150,-3.138475,-3.252029,-3.303291,-3.282698,-3.190576,-3.037438,-2.814797,-2.539303,-2.208906,-1.832871,-1.416991,-0.978952,-0.520016,-0.055063,0.401293,0.863680,1.303873,1.707698,2.073393,2.396680,2.656049,2.855017,2.993131,3.066166,3.066218,2.994844,2.863747,2.665944,2.405003,2.094954,1.731381,1.336293,0.899350,0.452179,-0.019516,-0.487301,-0.953023,-1.388335,-1.807837,-2.180256,-2.516300,-2.794685,-3.020483,-3.180430,-3.271907,-3.302547,-3.261522,-3.148159,-2.971466,-2.736152,-2.442960,-2.088009,-1.693513,-1.263873,-0.801425,-0.320983,0.148682,0.622470,1.086655,1.527024,1.943341,2.318817,2.646978,2.919047,3.136873,3.285602,3.377776,3.405878,3.372809,3.288602,3.146403,2.965033,2.748106,2.509865,2.261693,2.027261,1.816682,1.655474,1.551966,1.523860,1.578764,1.711527,1.889196,2.070443,2.254652,2.664584,3.757855,3.636935,3.358445,3.037365,2.716752,2.414413,2.135082,1.878788,1.644715,1.432120,1.240472,1.068140,0.912934,0.773370,0.649453,0.542752,0.453702,0.381202,0.322612,0.276099,0.240472,0.214803,0.197327,0.186146,0.179723,0.176702,0.175697,0.175522,0.175522,0.133970,0.064335,-0.034363,-0.163675,-0.325735,-0.523298,-0.759784,-1.039329,-1.366858,-1.748166,-2.190012,-2.700239,-3.287901,-3.963419,-4.738758,
5.803153,4.836213,4.007119,3.297592,2.691940,2.176720,1.740444,1.373334,1.067112,0.814811,0.610631,0.449806,0.328500,0.243715,0.193225,0.175522,0.175522,0.175522,0.174455,0.172428,0.170072,0.165085,0.155256,0.138667,0.115406,0.085142,0.044742,-0.009199,-0.080858,-0.172155,-0.285814,-0.424480,-0.592444,-0.793824,-1.032712,-1.312717,-1.637755,-2.012513,-2.441486,-2.928931,-3.477483,-4.086225,-4.749819,-5.457062,-6.196894,-7.012085,-6.789516,-6.483064,-5.889039,-5.190047,-4.459159,-3.722161,-2.985216,-2.260273,-1.569723,-0.898901,-0.261207,0.330030,0.874885,1.359413,1.780263,2.129402,2.409037,2.605435,2.728494,2.771106,2.734711,2.629462,2.448847,2.209036,1.909529,1.560038,1.166977,0.747584,0.304695,-0.146554,-0.605111,-1.057314,-1.490253,-1.889494,-2.251724,-2.571683,-2.829652,-3.027891,-3.165542,-3.238550,-3.239834,-3.170682,-3.041567,-2.846580,-2.589317,-2.282840,-1.923803,-1.532535,-1.100539,-0.656787,-0.188933,0.263287,0.725771,1.158669,1.574631,1.945020,2.278823,2.556119,2.780918,2.940934,3.033454,3.064970,3.025828,2.915541,2.742251,2.510434,2.221995,1.875008,1.489998,1.072065,0.624510,0.161616,-0.303887,-0.758974,-1.202970,-1.621338,-2.012130,-2.358956,-2.656504,-2.896602,-3.080951,-3.194929,-3.246718,-3.227688,-3.138120,-2.987536,-2.768690,-2.496869,-2.170796,-1.799490,-1.388872,-0.955542,-0.501545,-0.041033,0.411940,0.869248,1.304873,1.705365,2.068133,2.388512,2.646751,2.845339,2.983322,3.056649,3.058244,2.989401,2.860599,2.665936,2.409015,2.102850,1.744098,1.353179,0.921658,0.478676,0.012446,-0.450644,-0.911368,-1.343404,-1.758824,-2.128809,-2.462119,-2.739027,-2.963471,-3.123153,-3.215356,-3.246561,-3.207109,-3.096509,-2.922955,-2.689919,-2.399049,-2.047815,-1.656441,-1.229757,-0.770952,-0.294143,0.174006,0.645557,1.107337,1.545904,1.960303,2.334917,2.663133,2.936400,3.155820,3.308029,3.404640,3.439469,3.415750,3.342803,3.215209,3.050508,2.852960,2.636353,2.412236,2.204062,2.025058,1.904556,1.858530,1.911080,2.071437,2.321978,2.600496,2.793710,2.631068,3.469119,3.258707,3.054837,2.811447,2.548901,2.286325,2.034882,1.799147,1.580775,1.380644,1.199170,1.036534,0.891356,0.761421,0.645201,0.542643,0.455271,0.383417,0.325944,0.280302,0.244755,0.218190,0.199732,0.187784,0.180679,0.177068,0.175760,0.175522,0.175522,0.175522,0.133970,0.064335,-0.034363,-0.163675,-0.325735,-0.523298,-0.759784,-1.039329,-1.366858,-1.748166,-2.190012,-2.700239,-3.287901,-3.963419,-4.738758,
5.803153,4.836213,4.007119,3.297592,2.691940,2.176720,1.740444,1.373334,1.067112,0.814811,0.610631,0.449806,0.328500,0.243715,0.193225,0.175522,0.175522,0.175522,0.175522,0.173990,0.172234,0.168085,0.159538,0.144972,0.124695,0.098534,0.063634,0.016997,-0.045097,-0.124178,-0.222635,-0.342766,-0.488521,-0.663693,-0.872068,-1.116882,-1.401532,-1.730009,-2.105871,-2.532250,-3.010984,-3.541807,-4.123229,-4.752451,-5.430555,-6.171967,-6.982329,-7.241513,-6.456302,-5.656466,-4.862066,-4.090012,-3.340125,-2.612550,-1.912109,-1.239214,-0.601440,-0.007678,0.536629,1.023948,1.449082,1.806280,2.092419,2.302666,2.438410,2.498747,2.485136,2.401612,2.250201,2.038217,1.770562,1.454657,1.098573,0.712878,0.305570,-0.113522,-0.537186,-0.954919,-1.355831,-1.729216,-2.067801,-2.363845,-2.607839,-2.796135,-2.926099,-2.994484,-2.998559,-2.938757,-2.818584,-2.638692,-2.402655,-2.117147,-1.786599,-1.420216,-1.022860,-0.606664,-0.177101,0.251464,0.676639,1.083990,1.468277,1.817638,2.127597,2.389277,2.598790,2.750128,2.840407,2.869457,2.834488,2.735651,2.576657,2.361095,2.092304,1.774221,1.416764,1.027348,0.613048,0.184251,-0.248418,-0.675079,-1.088933,-1.480810,-1.843681,-2.167837,-2.446248,-2.672978,-2.844333,-2.954521,-3.003118,-2.987575,-2.908071,-2.767929,-2.568358,-2.315674,-2.013905,-1.669716,-1.290658,-0.886708,-0.465303,-0.036314,0.391325,0.813404,1.217336,1.592332,1.931585,2.227987,2.472216,2.660679,2.790889,2.859591,2.863975,2.804481,2.684620,2.505049,2.269348,1.984140,1.653840,1.287709,0.890561,0.474368,0.044058,-0.388134,-0.813994,-1.221276,-1.605297,-1.954357,-2.263861,-2.525168,-2.734331,-2.885339,-2.975300,-3.004041,-2.968806,-2.869153,-2.708256,-2.489740,-2.216541,-1.892014,-1.525855,-1.125365,-0.697904,-0.254877,0.190255,0.633297,1.066273,1.480027,1.868271,2.222097,2.533180,2.795261,3.004184,3.155674,3.253161,3.297014,3.290802,3.238014,3.141910,3.011014,2.854389,2.682591,2.507950,2.347292,2.221263,2.160251,2.198475,2.374126,2.710050,3.175848,3.700505,4.219696,3.554871,3.172962,2.883203,2.637131,2.401630,2.170556,1.946567,1.733137,1.532137,1.344852,1.172715,1.016773,0.877717,0.754401,0.644656,0.546992,0.461351,0.389205,0.330801,0.284989,0.249346,0.222238,0.202614,0.189618,0.181780,0.177606,0.175879,0.175522,0.175522,0.175522,0.175522,0.133970,0.064335,-0.034363,-0.163675,-0.325735,-0.523298,-0.759784,-1.039329,-1.366858,-1.748166,-2.190012,-2.700239,-3.287901,-3.963419,-4.738758,
5.803153,4.836213,4.007119,3.297592,2.691940,2.176720,1.740444,1.373334,1.067112,0.814811,0.610631,0.449806,0.328500,0.243715,0.193225,0.175522,0.175522,0.175522,0.175522,0.174850,0.173547,0.170056,0.162546,0.149658,0.131894,0.109221,0.079037,0.038722,-0.015001,-0.083295,-0.168237,-0.271801,-0.397598,-0.549079,-0.729712,-0.942367,-1.189999,-1.476093,-1.803675,-2.175392,-2.593016,-3.057160,-3.568723,-4.128618,-4.740806,-5.415711,-6.170597,-7.049646,-7.195675,-6.301164,-5.405972,-4.578958,-3.794223,-3.038122,-2.309758,-1.610519,-0.947676,-0.329584,0.237368,0.746580,1.192660,1.570188,1.875359,2.104769,2.258627,2.337086,2.341690,2.275561,2.142013,1.947090,1.696528,1.397522,1.058243,0.688128,0.295919,-0.109224,-0.519074,-0.923648,-1.312658,-1.676080,-2.005884,-2.294011,-2.532789,-2.717389,-2.844761,-2.911968,-2.916935,-2.859903,-2.743171,-2.568450,-2.339301,-2.061323,-1.739945,-1.382717,-0.996318,-0.590347,-0.172554,0.246467,0.660212,1.058025,1.432368,1.773892,2.076273,2.332255,2.536914,2.685276,2.774409,2.803048,2.769585,2.674353,2.520160,2.310317,2.048561,1.739694,1.391732,1.012293,0.609081,0.191689,-0.229955,-0.646552,-1.050356,-1.432957,-1.786712,-2.103112,-2.375087,-2.596992,-2.764393,-2.872857,-2.920710,-2.906360,-2.829953,-2.693812,-2.500346,-2.254463,-1.960899,-1.625990,-1.257307,-0.863640,-0.453087,-0.034657,0.383389,0.794248,1.187664,1.553699,1.884832,2.173696,2.412812,2.597656,2.725300,2.792732,2.797988,2.741263,2.624843,2.450442,2.221626,1.943941,1.622793,1.265775,0.879477,0.473285,0.054497,-0.366813,-0.781509,-1.179486,-1.553674,-1.894943,-2.196886,-2.452503,-2.656814,-2.804847,-2.893681,-2.921628,-2.886022,-2.787882,-2.629449,-2.413969,-2.144893,-1.826503,-1.466670,-1.072992,-0.653603,-0.219123,0.219152,0.654296,1.079019,1.485084,1.865655,2.213163,2.519331,2.778319,2.985445,3.138127,3.239035,3.290035,3.295219,3.257597,3.181971,3.075342,2.946536,2.803896,2.657226,2.519967,2.413801,2.375428,2.458376,2.734677,3.280285,4.033422,4.685911,4.082419,3.350717,2.890083,2.559895,2.296720,2.067357,1.857266,1.661045,1.477006,1.304377,1.143462,0.995637,0.862137,0.743898,0.639874,0.547905,0.466531,0.395672,0.336702,0.289782,0.253764,0.226392,0.206148,0.192052,0.183275,0.178464,0.176278,0.175615,0.175522,0.175522,0.175522,0.175522,0.133970,0.064335,-0.034363,-0.163675,-0.325735,-0.523298,-0.759784,-1.039329,-1.366858,-1.748166,-2.190012,-2.700239,-3.287901,-3.963419,-4.738758,
5.803153,4.836213,4.007119,3.297592,2.691940,2.176720,1.740444,1.373334,1.067112,0.814811,0.610631,0.449806,0.328500,0.243715,0.193225,0.175522,0.175522,0.175522,0.175522,0.175522,0.174959,0.172093,0.165516,0.154097,0.138497,0.118794,0.092609,0.057661,0.011091,-0.047920,-0.121155,-0.210277,-0.318549,-0.449058,-0.604936,-0.788704,-1.002932,-1.250744,-1.534859,-1.857731,-2.221245,-2.626608,-3.075868,-3.571140,-4.116205,-4.717730,-5.385102,-6.127641,-6.930031,-7.050495,-6.057795,-5.180319,-4.353607,-3.550408,-2.772794,-2.022914,-1.311398,-0.648260,-0.039069,0.508234,0.988214,1.395305,1.726640,1.977666,2.150056,2.243254,2.259114,2.202016,2.074319,1.883768,1.635660,1.337741,0.998324,0.628178,0.235518,-0.169742,-0.580413,-0.986066,-1.375869,-1.739206,-2.068866,-2.357177,-2.594729,-2.777757,-2.903836,-2.969715,-2.972582,-2.912843,-2.793803,-2.615943,-2.382772,-2.100905,-1.774687,-1.413244,-1.021312,-0.610922,-0.187406,0.234971,0.653982,1.055307,1.433846,1.777852,2.082978,2.340443,2.546456,2.695081,2.783486,2.811556,2.776517,2.678519,2.521253,2.308284,2.042883,1.728915,1.376211,0.992082,0.583489,0.160689,-0.265818,-0.686279,-1.094035,-1.480050,-1.837423,-2.156565,-2.430557,-2.653540,-2.821917,-2.929957,-2.977284,-2.961370,-2.882409,-2.743714,-2.546452,-2.296896,-1.999010,-1.659371,-1.285425,-0.887050,-0.471557,-0.048688,0.372741,0.788681,1.186663,1.556032,1.890092,2.181864,2.422109,2.607334,2.735109,2.802249,2.805962,2.746707,2.627991,2.450450,2.217614,1.936044,1.610077,1.248889,0.857169,0.446788,0.022536,-0.403470,-0.823164,-1.224416,-1.602687,-1.946389,-2.251067,-2.508161,-2.713826,-2.861746,-2.948034,-2.972849,-2.932675,-2.828104,-2.662381,-2.439039,-2.161122,-1.832019,-1.461465,-1.056795,-0.625454,-0.178968,0.268984,0.714064,1.148375,1.562994,1.951962,2.306784,2.619401,2.883862,3.096483,3.253665,3.359823,3.416457,3.428384,3.400410,3.336781,3.245959,3.134800,3.008808,2.872437,2.733587,2.607743,2.535155,2.589668,2.892933,3.713590,4.651264,4.151246,3.527844,2.987518,2.575597,2.258685,2.003610,1.787410,1.596381,1.422838,1.262699,1.113538,0.974832,0.847748,0.733518,0.633156,0.545652,0.468852,0.401339,0.343018,0.295136,0.257773,0.229797,0.209140,0.194400,0.184667,0.179130,0.176535,0.175666,0.175522,0.175522,0.175522,0.175522,0.175522,0.133970,0.064335,-0.034363,-0.163675,-0.325735,-0.523298,-0.759784,-1.039329,-1.366858,-1.748166,-2.190012,-2.700239,-3.287901,-3.963419,-4.738758,
5.803153,4.836213,4.007119,3.297592,2.691940,2.176720,1.740444,1.373334,1.067112,0.814811,0.610631,0.449806,0.328500,0.243715,0.193225,0.175522,0.175522,0.175522,0.175522,0.175522,0.175522,0.174791,0.171303,0.163928,0.153394,0.139777,0.120772,0.094270,0.057635,0.010195,-0.049743,-0.123733,-0.214882,-0.326069,-0.460212,-0.619574,-0.806407,-1.023481,-1.273166,-1.557607,-1.878502,-2.237023,-2.635298,-3.075219,-3.559251,-4.090743,-4.673335,-5.307714,-5.986371,-6.702604,-6.779004,-5.903828,-5.034775,-4.155818,-3.300880,-2.466272,-1.671448,-0.932050,-0.249500,0.361717,0.898341,1.352577,1.727057,2.008564,2.207520,2.317466,2.340561,2.287586,2.152678,1.952854,1.688455,1.369949,1.004396,0.609618,0.189099,-0.241631,-0.681345,-1.116325,-1.533609,-1.918796,-2.268582,-2.577647,-2.826177,-3.016557,-3.148009,-3.216575,-3.215318,-3.145379,-3.016920,-2.823831,-2.569435,-2.266597,-1.911891,-1.525562,-1.098991,-0.661045,-0.199238,0.246794,0.703113,1.129986,1.540201,1.905234,2.234203,2.507285,2.728584,2.885887,2.976534,3.007070,2.967857,2.858409,2.686848,2.457623,2.172574,1.829702,1.449445,1.036800,0.594951,0.138054,-0.321287,-0.770174,-1.208072,-1.620577,-2.005872,-2.347684,-2.640813,-2.877164,-3.058535,-3.170365,-3.220884,-3.201483,-3.112458,-2.963321,-2.746784,-2.478092,-2.155900,-1.789145,-1.383640,-0.955884,-0.507800,-0.053406,0.393357,0.844525,1.274200,1.669064,2.026640,2.342389,2.596644,2.791993,2.927542,2.999307,3.000231,2.931627,2.803970,2.611337,2.357280,2.054754,1.700335,1.314358,0.888266,0.451097,-0.009076,-0.465980,-0.920538,-1.346544,-1.756213,-2.120841,-2.449325,-2.721701,-2.941101,-3.095197,-3.180807,-3.204545,-3.156072,-3.035388,-2.850245,-2.605138,-2.301759,-1.937694,-1.533324,-1.093653,-0.622128,-0.133199,0.345978,0.827103,1.297082,1.742857,2.164026,2.545683,2.881616,3.163750,3.393955,3.560070,3.675532,3.736391,3.748488,3.724142,3.660555,3.576006,3.471138,3.349767,3.205939,3.039849,2.843660,2.652776,2.549371,2.607577,3.411505,3.950915,3.458397,2.995376,2.581086,2.235416,1.952558,1.718678,1.520811,1.348969,1.195976,1.057150,0.929294,0.811333,0.704181,0.608893,0.526368,0.455485,0.394023,0.340538,0.294858,0.258039,0.230061,0.209818,0.195445,0.185675,0.179697,0.176755,0.175714,0.175522,0.175522,0.175522,0.175522,0.175522,0.175522,0.133970,0.064335,-0.034363,-0.163675,-0.325735,-0.523298,-0.759784,-1.039329,-1.366858,-1.748166,-2.190012,-2.700239,-3.287901,-3.963419,-4.738758,
5.803153,4.836213,4.007119,3.297592,2.691940,2.176720,1.740444,1.373334,1.067112,0.814811,0.610631,0.449806,0.328500,0.243715,0.193225,0.175522,0.175522,0.175522,0.175522,0.175522,0.175522,0.175522,0.174396,0.170261,0.163905,0.155404,0.142525,0.123314,0.095354,0.058116,0.010006,-0.050427,-0.126122,-0.219758,-0.334050,-0.471050,-0.632775,-0.821741,-1.040073,-1.289686,-1.572076,-1.888216,-2.239980,-2.628694,-3.055555,-3.521668,-4.027597,-4.571016,-5.144620,-5.735191,-6.311676,-6.663381,-5.810006,-4.862791,-3.929011,-3.018235,-2.152152,-1.346953,-0.602399,0.065173,0.651894,1.150341,1.564183,1.879078,2.106878,2.240332,2.281762,2.243067,2.117327,1.923194,1.660619,1.340777,0.971128,0.571126,0.144086,-0.293350,-0.740651,-1.183342,-1.607660,-1.998390,-2.352887,-2.666048,-2.916266,-3.106945,-3.237876,-3.304993,-3.300625,-3.226240,-3.093283,-2.894405,-2.632836,-2.322422,-1.958546,-1.563061,-1.125533,-0.677362,-0.203785,0.251791,0.719541,1.155951,1.576110,1.948980,2.285528,2.564307,2.790460,2.950740,3.042532,3.073479,3.032759,2.919707,2.743345,2.508401,2.216316,1.864228,1.474477,1.051854,0.598918,0.130617,-0.339750,-0.798701,-1.246649,-1.668430,-2.062842,-2.412410,-2.711973,-2.953150,-3.138475,-3.252029,-3.303291,-3.282698,-3.190576,-3.037438,-2.814797,-2.539303,-2.208906,-1.832871,-1.416991,-0.978952,-0.520016,-0.055063,0.401293,0.863680,1.303873,1.707698,2.073393,2.396680,2.656049,2.855017,2.993131,3.066166,3.066218,2.994844,2.863747,2.665944,2.405003,2.094954,1.731381,1.336293,0.899350,0.452179,-0.019516,-0.487301,-0.953023,-1.388335,-1.807828,-2.179884,-2.514455,-2.790022,-3.011345,-3.164907,-3.247555,-3.267061,-3.211959,-3.082150,-2.886387,-2.629553,-2.313043,-1.933660,-1.513744,-1.058132,-0.569655,-0.063731,0.430092,0.926083,1.410551,1.869745,2.304108,2.697730,3.044534,3.336212,3.575452,3.748873,3.871448,3.938892,3.958262,3.944902,3.897511,3.838442,3.768532,3.688254,3.580282,3.422778,3.163265,2.797293,2.503585,3.090010,3.293901,3.156694,2.854466,2.518585,2.197846,1.913702,1.670252,1.463548,1.287396,1.135378,1.001703,0.881993,0.772904,0.673144,0.583481,0.504800,0.437849,0.381402,0.333204,0.291801,0.256953,0.229513,0.209377,0.195466,0.186117,0.180193,0.176972,0.175752,0.175522,0.175522,0.175522,0.175522,0.175522,0.175522,0.175522,0.133970,0.064335,-0.034363,-0.163675,-0.325735,-0.523298,-0.759784,-1.039329,-1.366858,-1.748166,-2.190012,-2.700239,-3.287901,-3.963419,-4.738758,
5.803153,4.836213,4.007119,3.297592,2.691940,2.176720,1.740444,1.373334,1.067112,0.814811,0.610631,0.449806,0.328500,0.243715,0.193225,0.175522,0.175522,0.175522,0.175522,0.175522,0.175522,0.175522,0.175522,0.173946,0.171026,0.166821,0.159167,0.146252,0.125861,0.097600,0.059974,0.011631,-0.050211,-0.128032,-0.224360,-0.341071,-0.480001,-0.643477,-0.833436,-1.051602,-1.299265,-1.577132,-1.886727,-2.228810,-2.603631,-3.010980,-3.450061,-3.917932,-4.408813,-4.914083,-5.420324,-5.916715,-6.577225,-5.698842,-4.669695,-3.687448,-2.760099,-1.900279,-1.104882,-0.388683,0.243796,0.784432,1.236674,1.589076,1.851936,2.019071,2.092709,2.083640,1.986045,1.817151,1.577740,1.278899,0.928417,0.544890,0.132671,-0.291987,-0.727304,-1.159115,-1.574089,-1.957527,-2.305896,-2.613583,-2.860660,-3.049427,-3.179130,-3.245852,-3.242709,-3.170864,-3.040477,-2.845240,-2.588265,-2.282204,-1.923540,-1.532491,-1.100532,-0.656787,-0.188933,0.263287,0.725771,1.158669,1.574631,1.945020,2.278823,2.556119,2.780918,2.940934,3.033454,3.064970,3.025828,2.915541,2.742251,2.510434,2.221995,1.875008,1.489998,1.072065,0.624510,0.161616,-0.303887,-0.758974,-1.202970,-1.621338,-2.012130,-2.358956,-2.656504,-2.896602,-3.080951,-3.194929,-3.246718,-3.227688,-3.138120,-2.987536,-2.768690,-2.496869,-2.170796,-1.799490,-1.388872,-0.955542,-0.501545,-0.041033,0.411940,0.869248,1.304873,1.705365,2.068133,2.388512,2.646751,2.845339,2.983322,3.056649,3.058244,2.989401,2.860599,2.665936,2.409015,2.102850,1.744098,1.353179,0.921658,0.478676,0.012446,-0.450644,-0.911275,-1.342838,-1.756686,-2.123766,-2.452608,-2.723146,-2.938993,-3.087708,-3.166115,-3.180958,-3.122055,-2.989646,-2.791759,-2.533190,-2.215931,-1.837818,-1.419438,-0.965975,-0.481051,0.020709,0.511989,1.004405,1.485042,1.941148,2.372625,2.764841,3.111686,3.405097,3.646931,3.825076,3.953233,4.028472,4.059112,4.062372,4.042809,4.027455,4.023735,4.032538,4.026220,3.957663,3.680592,2.982797,3.475493,3.040566,2.850831,2.641519,2.387028,2.118064,1.858822,1.622974,1.415421,1.235923,1.081910,0.949422,0.833964,0.731724,0.639512,0.556016,0.481924,0.417964,0.364716,0.320870,0.284173,0.253182,0.227599,0.208079,0.194444,0.185651,0.180228,0.177158,0.175808,0.175522,0.175522,0.175522,0.175522,0.175522,0.175522,0.175522,0.175522,0.133970,0.064335,-0.034363,-0.163675,-0.325735,-0.523298,-0.759784,-1.039329,-1.366858,-1.748166,-2.190012,-2.700239,-3.287901,-3.963419,-4.738758,
5.803153,4.836213,4.007119,3.297592,2.691940,2.176720,1.740444,1.373334,1.067112,0.814811,0.610631,0.449806,0.328500,0.243715,0.193225,0.175522,0.175522,0.175522,0.175522,0.175522,0.175522,0.175522,0.175522,0.175102,0.173154,0.170326,0.164581,0.154310,0.137581,0.114241,0.083005,0.042748,-0.009019,-0.074448,-0.155766,-0.254586,-0.372519,-0.511704,-0.673952,-0.860891,-1.073755,-1.313185,-1.580611,-1.876606,-2.201066,-2.553343,-2.932419,-3.335898,-3.760139,-4.201548,-4.657631,-5.136350,-5.678226,-6.258454,-5.531070,-4.500603,-3.530465,-2.634998,-1.806075,-1.053568,-0.385698,0.191314,0.676128,1.066612,1.365292,1.573110,1.691511,1.724736,1.675093,1.550648,1.357501,1.104565,0.801536,0.460642,0.091706,-0.294069,-0.688565,-1.080650,-1.458917,-1.812330,-2.133349,-2.413863,-2.644298,-2.820803,-2.941059,-3.001930,-3.000758,-2.937826,-2.816243,-2.636177,-2.400635,-2.115853,-1.785935,-1.419897,-1.022750,-0.606668,-0.177104,0.251464,0.676639,1.083990,1.468277,1.817638,2.127597,2.389277,2.598790,2.750128,2.840407,2.869457,2.834488,2.735651,2.576657,2.361095,2.092304,1.774221,1.416764,1.027348,0.613048,0.184251,-0.248418,-0.675079,-1.088933,-1.480810,-1.843681,-2.167837,-2.446248,-2.672978,-2.844333,-2.954521,-3.003118,-2.987575,-2.908071,-2.767929,-2.568358,-2.315674,-2.013905,-1.669716,-1.290658,-0.886708,-0.465303,-0.036314,0.391325,0.813404,1.217336,1.592332,1.931585,2.227987,2.472216,2.660679,2.790889,2.859591,2.863975,2.804481,2.684620,2.505049,2.269348,1.984140,1.653840,1.287709,0.890561,0.474368,0.043957,-0.388080,-0.812475,-1.216986,-1.596643,-1.939405,-2.240436,-2.490827,-2.686376,-2.821024,-2.891525,-2.898106,-2.837579,-2.710993,-2.522106,-2.274985,-1.973164,-1.620401,-1.226712,-0.799655,-0.346886,0.119850,0.586642,1.049092,1.499738,1.930343,2.335639,2.707760,3.038921,3.323228,3.556902,3.736191,3.865573,3.947929,3.992326,4.013107,4.030432,4.074154,4.172742,4.335293,4.528764,4.729619,4.767050,4.094431,3.347024,2.853592,2.533440,2.274948,2.033482,1.802638,1.586620,1.390017,1.215103,1.062138,0.930062,0.816314,0.717352,0.629969,0.551320,0.480275,0.417596,0.363998,0.320022,0.284411,0.255066,0.230647,0.210876,0.196252,0.186554,0.180769,0.177582,0.176050,0.175578,0.175522,0.175522,0.175522,0.175522,0.175522,0.175522,0.175522,0.175522,0.133970,0.064335,-0.034363,-0.163675,-0.325735,-0.523298,-0.759784,-1.039329,-1.366858,-1.748166,-2.190012,-2.700239,-3.287901,-3.963419,-4.738758,
5.803153,4.836213,4.007119,3.297592,2.691940,2.176720,1.740444,1.373334,1.067112,0.814811,0.610631,0.449806,0.328500,0.243715,0.193225,0.175522,0.175522,0.175522,0.175522,0.175522,0.175522,0.175522,0.175522,0.175522,0.174783,0.173184,0.169144,0.161217,0.147719,0.128696,0.103048,0.069841,0.026839,-0.027813,-0.096069,-0.179305,-0.278931,-0.396903,-0.534899,-0.694432,-0.876655,-1.082128,-1.312193,-1.567324,-1.847266,-2.151261,-2.478429,-2.827043,-3.194935,-3.580928,-3.984876,-4.411049,-4.867908,-5.345504,-5.830913,-5.387782,-4.354273,-3.410809,-2.519728,-1.705397,-0.981252,-0.353526,0.177460,0.613196,0.956191,1.208472,1.370706,1.445649,1.436220,1.348535,1.189419,0.967728,0.693609,0.378576,0.033567,-0.330578,-0.704526,-1.077543,-1.438743,-1.777718,-2.086120,-2.355417,-2.577741,-2.748204,-2.863978,-2.922132,-2.920805,-2.859993,-2.741486,-2.566410,-2.337674,-2.060369,-1.739544,-1.382598,-0.996338,-0.590354,-0.172536,0.246466,0.660205,1.058025,1.432368,1.773892,2.076273,2.332255,2.536914,2.685276,2.774409,2.803048,2.769585,2.674353,2.520160,2.310317,2.048561,1.739694,1.391732,1.012293,0.609081,0.191689,-0.229955,-0.646552,-1.050356,-1.432957,-1.786712,-2.103112,-2.375087,-2.596992,-2.764393,-2.872857,-2.920710,-2.906360,-2.829953,-2.693812,-2.500346,-2.254463,-1.960899,-1.625990,-1.257307,-0.863640,-0.453087,-0.034657,0.383389,0.794248,1.187664,1.553699,1.884832,2.173696,2.412812,2.597656,2.725300,2.792732,2.797988,2.741263,2.624843,2.450442,2.221626,1.943941,1.622793,1.265716,0.879162,0.473064,0.055637,-0.363424,-0.774092,-1.166110,-1.532096,-1.862650,-2.151181,-2.390494,-2.575447,-2.701142,-2.764403,-2.764514,-2.699602,-2.571059,-2.381878,-2.135962,-1.837302,-1.490507,-1.103645,-0.684416,-0.241048,0.215715,0.674373,1.128079,1.570303,1.993936,2.393295,2.761883,3.091956,3.377755,3.614210,3.797830,3.930039,4.012867,4.054948,4.072574,4.095824,4.171109,4.362801,4.712984,5.129580,5.398483,4.716070,3.771143,3.090687,2.604850,2.254992,1.982135,1.750541,1.544571,1.358955,1.192275,1.044075,0.914029,0.801502,0.704606,0.620397,0.546145,0.479349,0.419089,0.366192,0.321368,0.285119,0.256269,0.232901,0.213792,0.198688,0.187944,0.181301,0.177774,0.176176,0.175622,0.175522,0.175522,0.175522,0.175522,0.175522,0.175522,0.175522,0.175522,0.175522,0.133970,0.064335,-0.034363,-0.163675,-0.325735,-0.523298,-0.759784,-1.039329,-1.366858,-1.748166,-2.190012,-2.700239,-3.287901,-3.963419,-4.738758,
5.803153,4.836213,4.007119,3.297592,2.691940,2.176720,1.740444,1.373334,1.067112,0.814811,0.610631,0.449806,0.328500,0.243715,0.193225,0.175522,0.175522,0.175522,0.175522,0.175522,0.175522,0.175522,0.175522,0.175522,0.175522,0.175178,0.172584,0.166674,0.155974,0.140702,0.119909,0.092820,0.057424,0.012128,-0.044778,-0.114455,-0.198130,-0.297591,-0.414377,-0.549877,-0.705158,-0.880704,-1.077797,-1.296871,-1.537641,-1.799385,-2.081435,-2.382561,-2.701348,-3.037399,-3.390292,-3.760576,-4.147670,-4.543691,-4.936086,-5.306801,-5.235500,-4.260103,-3.262473,-2.354358,-1.551807,-0.858923,-0.270765,0.217653,0.612050,0.913487,1.121596,1.238589,1.264493,1.205808,1.068797,0.863150,0.599984,0.292781,-0.047455,-0.408611,-0.781977,-1.156037,-1.519045,-1.859714,-2.170196,-2.441985,-2.665146,-2.835595,-2.950857,-3.007762,-3.003581,-2.938598,-2.815813,-2.635296,-2.399965,-2.115991,-1.787451,-1.423443,-1.028963,-0.616178,-0.190714,0.233130,0.653146,1.055023,1.433783,1.777852,2.082978,2.340443,2.546456,2.695081,2.783486,2.811556,2.776517,2.678519,2.521253,2.308284,2.042883,1.728915,1.376211,0.992082,0.583489,0.160689,-0.265818,-0.686279,-1.094035,-1.480050,-1.837423,-2.156565,-2.430557,-2.653540,-2.821917,-2.929957,-2.977284,-2.961370,-2.882409,-2.743714,-2.546452,-2.296896,-1.999010,-1.659371,-1.285425,-0.887050,-0.471557,-0.048688,0.372741,0.788681,1.186663,1.556032,1.890092,2.181864,2.422109,2.607334,2.735109,2.802249,2.805962,2.746707,2.627991,2.450450,2.217614,1.936044,1.610304,1.250152,0.860613,0.453202,0.033630,-0.386207,-0.797438,-1.187844,-1.552635,-1.880044,-2.165527,-2.400442,-2.580884,-2.701093,-2.758066,-2.752311,-2.680808,-2.544789,-2.348114,-2.094880,-1.788522,-1.432557,-1.036701,-0.608173,-0.154286,0.313534,0.781630,1.245984,1.699638,2.134925,2.547110,2.928735,3.272218,3.571361,3.820977,4.014299,4.150969,4.227882,4.249850,4.233902,4.215861,4.259927,4.504019,5.137506,5.451876,4.787308,4.017083,3.320128,2.758126,2.324319,1.992251,1.730664,1.515253,1.330967,1.169655,1.027057,0.900990,0.790493,0.694968,0.612824,0.541489,0.478601,0.421977,0.370902,0.326247,0.288718,0.258778,0.235350,0.216720,0.201780,0.190308,0.182528,0.178149,0.176201,0.175604,0.175522,0.175522,0.175522,0.175522,0.175522,0.175522,0.175522,0.175522,0.175522,0.175522,0.133970,0.064335,-0.034363,-0.163675,-0.325735,-0.523298,-0.759784,-1.039329,-1.366858,-1.748166,-2.190012,-2.700239,-3.287901,-3.963419,-4.738758,
5.803153,4.836213,4.007119,3.297592,2.691940,2.176720,1.740444,1.373334,1.067112,0.814811,0.610631,0.449806,0.328500,0.243715,0.193225,0.175522,0.175522,0.175522,0.175522,0.175522,0.175522,0.175522,0.175522,0.175522,0.175522,0.175522,0.175018,0.172114,0.165353,0.155033,0.140275,0.120361,0.093392,0.057915,0.012363,-0.044320,-0.113282,-0.196219,-0.294572,-0.409642,-0.542404,-0.693229,-0.863267,-1.052812,-1.261436,-1.488304,-1.732744,-1.993651,-2.269782,-2.560778,-2.865579,-3.182796,-3.509145,-3.837205,-4.155464,-4.443493,-4.659183,-5.071634,-4.000716,-2.957430,-2.050536,-1.278375,-0.621607,-0.073422,0.382337,0.739606,0.995507,1.155532,1.209168,1.171073,1.042148,0.834638,0.559589,0.238828,-0.120705,-0.500859,-0.898644,-1.299120,-1.688301,-2.050961,-2.382932,-2.677718,-2.914603,-3.095271,-3.218528,-3.280219,-3.273191,-3.198488,-3.065955,-2.869035,-2.610649,-2.303377,-1.943616,-1.551719,-1.119494,-0.676137,-0.209608,0.240289,0.699497,1.128259,1.539556,1.905085,2.234190,2.507285,2.728584,2.885887,2.976534,3.007070,2.967857,2.858409,2.686848,2.457623,2.172574,1.829702,1.449445,1.036800,0.594951,0.138054,-0.321287,-0.770174,-1.208072,-1.620577,-2.005872,-2.347684,-2.640813,-2.877164,-3.058535,-3.170365,-3.220884,-3.201483,-3.112458,-2.963321,-2.746784,-2.478092,-2.155900,-1.789145,-1.383640,-0.955884,-0.507800,-0.053406,0.393357,0.844525,1.274200,1.669064,2.026640,2.342389,2.596644,2.791993,2.927542,2.999307,3.000231,2.931677,2.804284,2.612253,2.359479,2.059251,1.708052,1.326558,0.906554,0.476803,0.026140,-0.419458,-0.860202,-1.269901,-1.660630,-2.003610,-2.307749,-2.553399,-2.744581,-2.869264,-2.924575,-2.917618,-2.838392,-2.687389,-2.472781,-2.199430,-1.869209,-1.479620,-1.050834,-0.587578,-0.093024,0.418592,0.920247,1.424050,1.917832,2.389748,2.840655,3.256793,3.632717,3.960158,4.238883,4.451016,4.599888,4.668182,4.650276,4.562192,4.434489,4.307557,4.322683,5.055221,4.542687,3.991247,3.415229,2.878297,2.418256,2.042319,1.740999,1.498378,1.299100,1.131359,0.987278,0.861892,0.752348,0.657366,0.576303,0.507655,0.448997,0.398116,0.352947,0.312777,0.278311,0.250076,0.228355,0.212059,0.199592,0.189905,0.182782,0.178328,0.176245,0.175615,0.175522,0.175522,0.175522,0.175522,0.175522,0.175522,0.175522,0.175522,0.175522,0.175522,0.175522,0.133970,0.064335,-0.034363,-0.163675,-0.325735,-0.523298,-0.759784,-1.039329,-1.366858,-1.748166,-2.190012,-2.700239,-3.287901,-3.963419,-4.738758,
5.803153,4.836213,4.007119,3.297592,2.691940,2.176720,1.740444,1.373334,1.067112,0.814811,0.610631,0.449806,0.328500,0.243715,0.193225,0.175522,0.175522,0.175522,0.175522,0.175522,0.175522,0.175522,0.175522,0.175522,0.175522,0.175522,0.175522,0.174875,0.171235,0.164961,0.155234,0.141388,0.121625,0.094621,0.058941,0.013633,-0.042374,-0.110684,-0.192646,-0.289480,-0.402092,-0.530784,-0.676628,-0.839840,-1.019921,-1.215977,-1.427328,-1.652906,-1.891480,-2.142612,-2.404872,-2.676174,-2.952827,-3.228825,-3.497038,-3.749450,-3.987662,-4.264549,-4.517342,-3.753879,-2.737222,-1.900191,-1.194007,-0.586134,-0.063204,0.364391,0.688399,0.909797,1.013242,1.013922,0.913085,0.725322,0.463695,0.152230,-0.201722,-0.578328,-0.975079,-1.376472,-1.767930,-2.133520,-2.469658,-2.769808,-3.011080,-3.195719,-3.322629,-3.387115,-3.380885,-3.304997,-3.170247,-2.968810,-2.703467,-2.387787,-2.017188,-1.613765,-1.167683,-0.710889,-0.229254,0.233442,0.707104,1.148068,1.571491,1.946477,2.284334,2.563877,2.790365,2.950732,3.042532,3.073479,3.032759,2.919707,2.743345,2.508401,2.216316,1.864228,1.474477,1.051854,0.598918,0.130617,-0.339750,-0.798701,-1.246649,-1.668430,-2.062842,-2.412410,-2.711973,-2.953150,-3.138475,-3.252029,-3.303291,-3.282698,-3.190576,-3.037438,-2.814797,-2.539303,-2.208906,-1.832871,-1.416991,-0.978952,-0.520016,-0.055063,0.401293,0.863680,1.303873,1.707698,2.073393,2.396680,2.656049,2.855017,2.993199,3.066433,3.066943,2.996873,2.868266,2.674010,2.417786,2.113953,1.758016,1.372238,0.946504,0.512076,0.055293,-0.395837,-0.842561,-1.256651,-1.652655,-1.999283,-2.307269,-2.555298,-2.748342,-2.873212,-2.926911,-2.917471,-2.833507,-2.675183,-2.451447,-2.167338,-1.824257,-1.418774,-0.972933,-0.491261,0.023654,0.556525,1.077834,1.602098,2.116373,2.608069,3.079064,3.515203,3.912278,4.262947,4.568195,4.806931,4.977575,5.048924,4.992337,4.803288,4.557451,4.352235,4.768720,4.296912,3.830157,3.361686,2.899974,2.470018,2.091311,1.770952,1.506051,1.288520,1.108813,0.958273,0.830306,0.720254,0.625243,0.543960,0.475755,0.419160,0.371844,0.331692,0.296729,0.266224,0.240698,0.220506,0.205763,0.195381,0.187897,0.182324,0.178462,0.176323,0.175616,0.175522,0.175522,0.175522,0.175522,0.175522,0.175522,0.175522,0.175522,0.175522,0.175522,0.175522,0.175522,0.133970,0.064335,-0.034363,-0.163675,-0.325735,-0.523298,-0.759784,-1.039329,-1.366858,-1.748166,-2.190012,-2.700239,-3.287901,-3.963419,-4.738758,
5.803153,4.836213,4.007119,3.297592,2.691940,2.176720,1.740444,1.373334,1.067112,0.814811,0.610631,0.449806,0.328500,0.243715,0.193225,0.175522,0.175522,0.175522,0.175522,0.175522,0.175522,0.175522,0.175522,0.175522,0.175522,0.175522,0.175522,0.175522,0.174253,0.171206,0.165599,0.156818,0.143157,0.123410,0.096266,0.060870,0.016223,-0.039190,-0.106627,-0.187237,-0.281874,-0.390807,-0.515065,-0.654829,-0.809576,-0.978394,-1.160603,-1.355143,-1.560764,-1.776990,-2.002286,-2.234483,-2.470218,-2.704810,-2.933893,-3.153476,-3.365144,-3.575941,-3.760417,-3.881289,-3.694303,-2.724961,-2.013491,-1.342335,-0.741074,-0.222256,0.195703,0.502524,0.677948,0.735750,0.680627,0.530578,0.302209,0.021061,-0.303424,-0.651672,-1.021162,-1.397490,-1.766993,-2.114630,-2.436241,-2.724840,-2.959067,-3.139786,-3.265018,-3.329887,-3.326559,-3.255496,-3.125873,-2.930577,-2.672090,-2.362673,-1.998634,-1.600388,-1.160037,-0.707187,-0.230213,0.230627,0.700842,1.140295,1.561572,1.936069,2.273030,2.552632,2.778999,2.940022,3.033138,3.064904,3.025823,2.915541,2.742251,2.510434,2.221995,1.875008,1.489998,1.072065,0.624510,0.161616,-0.303887,-0.758974,-1.202970,-1.621338,-2.012130,-2.358956,-2.656504,-2.896602,-3.080951,-3.194929,-3.246718,-3.227688,-3.138120,-2.987536,-2.768690,-2.496869,-2.170796,-1.799490,-1.388872,-0.955542,-0.501545,-0.041033,0.411940,0.869248,1.304873,1.705365,2.068133,2.388512,2.646751,2.845045,2.982641,3.055974,3.058108,2.990785,2.864929,2.674632,2.423661,2.125377,1.776413,1.397488,0.980408,0.553950,0.106969,-0.334598,-0.770957,-1.175947,-1.561641,-1.899272,-2.197706,-2.437234,-2.621750,-2.739077,-2.786132,-2.769834,-2.679968,-2.516920,-2.288800,-2.000444,-1.653750,-1.246240,-0.798167,-0.314406,0.201619,0.735293,1.259145,1.784884,2.300192,2.793443,3.266301,3.706918,4.113176,4.481032,4.813651,5.091696,5.307457,5.416085,5.341667,4.991857,5.006838,4.645324,4.142295,3.685514,3.257642,2.850031,2.463967,2.108512,1.792438,1.520026,1.290283,1.098817,0.939525,0.806133,0.693430,0.597435,0.515575,0.446670,0.390101,0.344422,0.307372,0.276903,0.251107,0.229218,0.211565,0.198338,0.189501,0.183983,0.180449,0.177982,0.176411,0.175689,0.175522,0.175522,0.175522,0.175522,0.175522,0.175522,0.175522,0.175522,0.175522,0.175522,0.175522,0.175522,0.175522,0.133970,0.064335,-0.034363,-0.163675,-0.325735,-0.523298,-0.759784,-1.039329,-1.366858,-1.748166,-2.190012,-2.700239,-3.287901,-3.963419,-4.738758,
5.803153,4.836213,4.007119,3.297592,2.691940,2.176720,1.740444,1.373334,1.067112,0.814811,0.610631,0.449806,0.328500,0.243715,0.193225,0.175522,0.175522,0.175522,0.175522,0.175522,0.175522,0.175522,0.175522,0.175522,0.175522,0.175522,0.175522,0.175522,0.175522,0.174220,0.171034,0.165450,0.155888,0.141295,0.120510,0.092810,0.057307,0.012601,-0.042461,-0.108934,-0.187624,-0.278794,-0.383481,-0.501904,-0.633626,-0.777845,-0.934007,-1.101197,-1.278280,-1.464912,-1.659696,-1.860665,-2.064923,-2.268668,-2.468821,-2.662316,-2.848970,-3.028228,-3.191548,-3.331550,-3.457709,-3.840908,-3.228102,-2.431822,-1.738454,-1.095791,-0.544219,-0.119723,0.155083,0.289279,0.299059,0.206695,0.036018,-0.190426,-0.456571,-0.748231,-1.057589,-1.374731,-1.689213,-1.991100,-2.273065,-2.525653,-2.737491,-2.902759,-3.017462,-3.077084,-3.077630,-3.018358,-2.901066,-2.724832,-2.491761,-2.207391,-1.875536,-1.505279,-1.101968,-0.678329,-0.240518,0.196532,0.630013,1.045116,1.436432,1.792025,2.107540,2.374067,2.587696,2.742452,2.835398,2.866420,2.832849,2.734929,2.576424,2.361050,2.092302,1.774221,1.416764,1.027348,0.613048,0.184251,-0.248418,-0.675079,-1.088933,-1.480810,-1.843681,-2.167837,-2.446248,-2.672978,-2.844333,-2.954521,-3.003118,-2.987575,-2.908071,-2.767929,-2.568358,-2.315674,-2.013905,-1.669716,-1.290658,-0.886708,-0.465303,-0.036314,0.391325,0.813404,1.217336,1.592257,1.930981,2.226752,2.470566,2.658505,2.788146,2.856763,2.861776,2.804165,2.687945,2.513854,2.285704,2.010516,1.692731,1.341943,0.963222,0.568162,0.162321,-0.242565,-0.637756,-1.011223,-1.358346,-1.667547,-1.934413,-2.150368,-2.311460,-2.411830,-2.448215,-2.420895,-2.326502,-2.166082,-1.943333,-1.662250,-1.326186,-0.938649,-0.509408,-0.045868,0.444285,0.949109,1.454328,1.955348,2.444890,2.915540,3.363984,3.786409,4.182290,4.555683,4.912281,5.246895,5.544146,5.771265,5.878000,5.727829,4.685926,4.070366,3.569701,3.138465,2.752695,2.400146,2.076846,1.784095,1.524473,1.299523,1.108214,0.947597,0.813328,0.700617,0.605319,0.524124,0.454874,0.396660,0.349040,0.310766,0.279854,0.254535,0.233173,0.215175,0.200852,0.190394,0.183741,0.179913,0.177745,0.176389,0.175689,0.175522,0.175522,0.175522,0.175522,0.175522,0.175522,0.175522,0.175522,0.175522,0.175522,0.175522,0.175522,0.175522,0.175522,0.133970,0.064335,-0.034363,-0.163675,-0.325735,-0.523298,-0.759784,-1.039329,-1.366858,-1.748166,-2.190012,-2.700239,-3.287901,-3.963419,-4.738758,
5.803153,4.836213,4.007119,3.297592,2.691940,2.176720,1.740444,1.373334,1.067112,0.814811,0.610631,0.449806,0.328500,0.243715,0.193225,0.175522,0.175522,0.175522,0.175522,0.175522,0.175522,0.175522,0.175522,0.175522,0.175522,0.175522,0.175522,0.175522,0.175522,0.175522,0.174245,0.171284,0.165169,0.154980,0.139683,0.118668,0.091138,0.055794,0.011567,-0.042515,-0.107221,-0.182832,-0.270393,-0.370175,-0.481829,-0.604671,-0.738268,-0.881843,-1.034380,-1.195686,-1.364551,-1.539253,-1.717306,-1.895456,-2.071276,-2.242070,-2.407410,-2.566950,-2.720059,-2.871689,-3.043012,-3.293864,-3.560860,-3.500045,-2.782300,-1.963029,-1.230680,-0.657659,-0.287521,-0.090640,-0.038795,-0.098763,-0.237887,-0.429692,-0.656264,-0.905299,-1.170195,-1.443957,-1.718713,-1.986446,-2.239625,-2.468475,-2.662942,-2.816515,-2.923929,-2.980175,-2.981421,-2.926261,-2.814916,-2.647220,-2.424977,-2.152380,-1.834022,-1.477132,-1.088741,-0.678943,-0.256034,0.168906,0.589083,0.993529,1.374573,1.722797,2.031951,2.294672,2.505866,2.660420,2.755170,2.788749,2.759509,2.667682,2.516049,2.308028,2.047481,1.739331,1.391665,1.012309,0.609100,0.191698,-0.229951,-0.646550,-1.050356,-1.432957,-1.786712,-2.103112,-2.375087,-2.596992,-2.764393,-2.872857,-2.920710,-2.906360,-2.829953,-2.693812,-2.500346,-2.254463,-1.960899,-1.625990,-1.257307,-0.863640,-0.453087,-0.034892,0.382280,0.791832,1.183946,1.549242,1.879187,2.166776,2.404895,2.588812,2.715721,2.783189,2.789556,2.735645,2.624325,2.457456,2.238882,1.974569,1.669951,1.332944,0.970375,0.591193,0.203297,-0.183793,-0.560460,-0.916856,-1.246030,-1.539031,-1.789698,-1.991128,-2.138352,-2.226539,-2.252311,-2.214784,-2.111668,-1.944236,-1.715413,-1.429058,-1.089047,-0.699926,-0.269701,0.193876,0.682293,1.184341,1.687842,2.185254,2.669439,3.133251,3.572494,3.985477,4.375422,4.755853,5.149330,5.563997,5.964649,6.237916,5.655520,4.849627,4.104787,3.529863,3.063471,2.669553,2.326564,2.022003,1.749578,1.506920,1.293272,1.108316,0.950574,0.817634,0.706090,0.612121,0.532407,0.464261,0.405958,0.356886,0.316796,0.284645,0.258740,0.237575,0.219773,0.204896,0.193229,0.184957,0.179994,0.177437,0.176266,0.175686,0.175522,0.175522,0.175522,0.175522,0.175522,0.175522,0.175522,0.175522,0.175522,0.175522,0.175522,0.175522,0.175522,0.175522,0.175522,0.133970,0.064335,-0.034363,-0.163675,-0.325735,-0.523298,-0.759784,-1.039329,-1.366858,-1.748166,-2.190012,-2.700239,-3.287901,-3.963419,-4.738758,
5.803153,4.836213,4.007119,3.297592,2.691940,2.176720,1.740444,1.373334,1.067112,0.814811,0.610631,0.449806,0.328500,0.243715,0.193225,0.175522,0.175522,0.175522,0.175522,0.175522,0.175522,0.175522,0.175522,0.175522,0.175522,0.175522,0.175522,0.175522,0.175522,0.175522,0.175522,0.174589,0.171252,0.164720,0.154071,0.138786,0.118148,0.090938,0.056165,0.012927,-0.039521,-0.101480,-0.174018,-0.257454,-0.351542,-0.455725,-0.569705,-0.692848,-0.824266,-0.963924,-1.110794,-1.263382,-1.419518,-1.576292,-1.731644,-1.883126,-2.030517,-2.174195,-2.315830,-2.460981,-2.620372,-2.807030,-2.999315,-3.168569,-3.575743,-2.815377,-1.846309,-1.069765,-0.626938,-0.391830,-0.330875,-0.391878,-0.528833,-0.707176,-0.910168,-1.128317,-1.360436,-1.602988,-1.850391,-2.095568,-2.332115,-2.550056,-2.736476,-2.884556,-2.988476,-3.042163,-3.040287,-2.982076,-2.868627,-2.698495,-2.473330,-2.198154,-1.876424,-1.516937,-1.124830,-0.712673,-0.286306,0.139538,0.562480,0.968008,1.351045,1.699948,2.010595,2.274233,2.486939,2.642636,2.738209,2.773341,2.745094,2.653366,2.501674,2.293546,2.032228,1.721502,1.371302,0.989068,0.581842,0.159938,-0.266103,-0.686360,-1.094047,-1.480050,-1.837423,-2.156565,-2.430557,-2.653540,-2.821917,-2.929957,-2.977284,-2.961370,-2.882409,-2.743714,-2.546452,-2.296896,-1.999010,-1.659304,-1.285050,-0.885890,-0.468838,-0.043493,0.380308,0.798666,1.199482,1.572579,1.910304,2.205843,2.450178,2.639456,2.771215,2.842696,2.851278,2.797961,2.686790,2.518536,2.297046,2.029399,1.720092,1.378806,1.010681,0.627349,0.234425,-0.156340,-0.536213,-0.893174,-1.222696,-1.513304,-1.760761,-1.956619,-2.097090,-2.176477,-2.191537,-2.142518,-2.025864,-1.842669,-1.596910,-1.292689,-0.933599,-0.523487,-0.072425,0.411945,0.921695,1.444620,1.965998,2.480389,2.978931,3.452111,3.894794,4.303065,4.681920,5.054149,5.484703,6.007052,6.180369,5.348638,4.707712,4.079708,3.503014,3.015459,2.606849,2.260416,1.962069,1.701768,1.473122,1.272384,1.097189,0.946161,0.817429,0.708780,0.617337,0.539926,0.473864,0.416998,0.368014,0.326586,0.292652,0.265386,0.243384,0.225404,0.210307,0.197797,0.188134,0.181495,0.177769,0.176103,0.175591,0.175522,0.175522,0.175522,0.175522,0.175522,0.175522,0.175522,0.175522,0.175522,0.175522,0.175522,0.175522,0.175522,0.175522,0.175522,0.175522,0.133970,0.064335,-0.034363,-0.163675,-0.325735,-0.523298,-0.759784,-1.039329,-1.366858,-1.748166,-2.190012,-2.700239,-3.287901,-3.963419,-4.738758,
5.803153,4.836213,4.007119,3.297592,2.691940,2.176720,1.740444,1.373334,1.067112,0.814811,0.610631,0.449806,0.328500,0.243715,0.193225,0.175522,0.175522,0.175522,0.175522,0.175522,0.175522,0.175522,0.175522,0.175522,0.175522,0.175522,0.175522,0.175522,0.175522,0.175522,0.175522,0.175522,0.174640,0.171396,0.164939,0.154819,0.140368,0.120433,0.094097,0.060515,0.018979,-0.030818,-0.089944,-0.158734,-0.237008,-0.324305,-0.420423,-0.524822,-0.636705,-0.756133,-0.882200,-1.013573,-1.148301,-1.283711,-1.417984,-1.548868,-1.676339,-1.801046,-1.924784,-2.051378,-2.185175,-2.328585,-2.473747,-2.613439,-2.765150,-2.760025,-2.313642,-1.180230,-0.785369,-0.544679,-0.530713,-0.644519,-0.822208,-1.012773,-1.211052,-1.410303,-1.623521,-1.850272,-2.087110,-2.325230,-2.562165,-2.789010,-2.980505,-3.133937,-3.243345,-3.300596,-3.295228,-3.226758,-3.103068,-2.916098,-2.667521,-2.368908,-2.016559,-1.630458,-1.202513,-0.762276,-0.297792,0.150792,0.609466,1.038344,1.450338,1.817185,2.148409,2.424427,2.649371,2.811049,2.906668,2.942675,2.909358,2.806020,2.640598,2.417456,2.138323,1.800993,1.425896,1.018012,0.580442,0.127184,-0.329143,-0.775576,-1.211545,-1.622614,-2.006931,-2.348173,-2.641004,-2.877221,-3.058546,-3.170365,-3.220884,-3.201424,-3.112185,-2.962529,-2.744997,-2.474603,-2.149734,-1.779646,-1.370088,-0.937367,-0.483178,-0.021489,0.432723,0.891425,1.328912,1.732186,2.097672,2.420843,2.682122,2.883638,3.024410,3.100891,3.106269,3.042533,2.920892,2.735777,2.491288,2.201145,1.862321,1.495886,1.093949,0.685453,0.259438,-0.158144,-0.567543,-0.942734,-1.296088,-1.599164,-1.861245,-2.062855,-2.208091,-2.284956,-2.290367,-2.231013,-2.096336,-1.886736,-1.610654,-1.273173,-0.876685,-0.419512,0.077328,0.608369,1.169638,1.746008,2.309216,2.869242,3.410339,3.915771,4.381996,4.793209,5.150627,5.445108,5.874702,5.611127,5.091918,4.509814,3.970658,3.462090,2.996349,2.587464,2.234949,1.931835,1.670049,1.442614,1.244284,1.071408,0.921295,0.792358,0.682745,0.590547,0.513350,0.448498,0.393778,0.347380,0.308179,0.275885,0.250360,0.230735,0.215649,0.203882,0.194334,0.186686,0.181060,0.177551,0.175991,0.175571,0.175522,0.175522,0.175522,0.175522,0.175522,0.175522,0.175522,0.175522,0.175522,0.175522,0.175522,0.175522,0.175522,0.175522,0.175522,0.175522,0.175522,0.133970,0.064335,-0.034363,-0.163675,-0.325735,-0.523298,-0.759784,-1.039329,-1.366858,-1.748166,-2.190012,-2.700239,-3.287901,-3.963419,-4.738758,
5.803153,4.836213,4.007119,3.297592,2.691940,2.176720,1.740444,1.373334,1.067112,0.814811,0.610631,0.449806,0.328500,0.243715,0.193225,0.175522,0.175522,0.175522,0.175522,0.175522,0.175522,0.175522,0.175522,0.175522,0.175522,0.175522,0.175522,0.175522,0.175522,0.175522,0.175522,0.175522,0.175522,0.174690,0.171490,0.165519,0.156159,0.142319,0.123149,0.097864,0.065795,0.026633,-0.020681,-0.076495,-0.140695,-0.212926,-0.293097,-0.380783,-0.475305,-0.576834,-0.684584,-0.797362,-0.913394,-1.030168,-1.146009,-1.258747,-1.368383,-1.475471,-1.581311,-1.688225,-1.797562,-1.908784,-2.016401,-2.111238,-2.178499,-2.158896,-2.021822,-1.988497,-1.158320,-0.737965,-0.836178,-1.034577,-1.258610,-1.436964,-1.592324,-1.731857,-1.883216,-2.054559,-2.247498,-2.454934,-2.674101,-2.893642,-3.083190,-3.237971,-3.350086,-3.409478,-3.403784,-3.332267,-3.203919,-3.009744,-2.751594,-2.442259,-2.077141,-1.678050,-1.235240,-0.780936,-0.300981,0.160604,0.633494,1.073918,1.497055,1.872155,2.210621,2.491331,2.719476,2.881899,2.975926,3.009189,2.970921,2.860386,2.686553,2.454225,2.164894,1.815631,1.428885,1.009538,0.560136,0.095464,-0.371160,-0.826233,-1.270212,-1.688022,-2.078545,-2.424261,-2.719929,-2.957092,-3.138190,-3.247209,-3.293565,-3.268017,-3.170772,-3.012199,-2.783674,-2.501676,-2.163965,-1.780153,-1.356101,-0.909426,-0.441258,0.033497,0.499136,0.970169,1.418555,1.830492,2.203184,2.532447,2.796989,2.999987,3.141017,3.216440,3.218743,3.150325,3.023789,2.832651,2.581145,2.284175,1.937797,1.564809,1.155583,0.741667,0.309754,-0.111996,-0.524739,-0.900333,-1.253639,-1.553835,-1.812097,-2.007395,-2.144901,-2.211554,-2.204218,-2.130484,-1.978395,-1.748006,-1.448612,-1.085704,-0.661595,-0.174305,0.352674,0.913854,1.505952,2.113082,2.704925,3.293589,3.860890,4.384398,4.855911,5.247832,5.570586,5.704899,5.096721,4.675667,4.236431,3.781364,3.342142,2.927622,2.546257,2.204976,1.905043,1.643720,1.416609,1.219166,1.047470,0.898464,0.769659,0.659587,0.566549,0.488897,0.424546,0.371201,0.326967,0.290259,0.260061,0.236065,0.218039,0.205073,0.195858,0.189214,0.184086,0.180152,0.177429,0.175957,0.175551,0.175522,0.175522,0.175522,0.175522,0.175522,0.175522,0.175522,0.175522,0.175522,0.175522,0.175522,0.175522,0.175522,0.175522,0.175522,0.175522,0.175522,0.175522,0.133970,0.064335,-0.034363,-0.163675,-0.325735,-0.523298,-0.759784,-1.039329,-1.366858,-1.748166,-2.190012,-2.700239,-3.287901,-3.963419,-4.738758,
5.803153,4.836213,4.007119,3.297592,2.691940,2.176720,1.740444,1.373334,1.067112,0.814811,0.610631,0.449806,0.328500,0.243715,0.193225,0.175522,0.175522,0.175522,0.175522,0.175522,0.175522,0.175522,0.175522,0.175522,0.175522,0.175522,0.175522,0.175522,0.175522,0.175522,0.175522,0.175522,0.175522,0.175522,0.174757,0.172033,0.166784,0.157979,0.144833,0.126616,0.102700,0.072780,0.035809,-0.008563,-0.060283,-0.119104,-0.185048,-0.257811,-0.336849,-0.422445,-0.513927,-0.610234,-0.709737,-0.810054,-0.909600,-1.006224,-1.099868,-1.190881,-1.280090,-1.368936,-1.457554,-1.544701,-1.625952,-1.693322,-1.735532,-1.732349,-1.681577,-1.616943,-1.439860,-1.601709,-1.285955,-1.613503,-1.911069,-2.024930,-2.084528,-2.107739,-2.144488,-2.214641,-2.327705,-2.480425,-2.665636,-2.866412,-3.048745,-3.202521,-3.316233,-3.377962,-3.375026,-3.306094,-3.179112,-2.986605,-2.730879,-2.423997,-2.062625,-1.667091,-1.229650,-0.780117,-0.306698,0.150290,0.616424,1.051652,1.468819,1.839714,2.173905,2.451950,2.677971,2.839843,2.934845,2.969476,2.934170,2.828388,2.660188,2.434108,2.152082,1.812080,1.434667,1.024980,0.586236,0.132459,-0.323707,-0.769305,-1.203810,-1.612885,-1.994776,-2.333131,-2.622647,-2.855145,-3.032308,-3.139491,-3.184879,-3.160103,-3.065368,-2.910048,-2.686738,-2.410514,-2.079854,-1.704043,-1.288987,-0.851132,-0.392286,0.073489,0.531131,0.992484,1.431811,1.836154,2.201950,2.524707,2.784959,2.984913,3.123676,3.197860,3.200847,3.134879,3.011463,2.825320,2.580828,2.291996,1.956063,1.594340,1.199185,0.799655,0.385037,-0.018591,-0.411414,-0.767499,-1.099456,-1.379271,-1.616524,-1.792018,-1.909975,-1.958355,-1.933824,-1.842610,-1.673592,-1.426684,-1.110096,-0.729149,-0.287024,0.216394,0.758346,1.332869,1.936285,2.553964,3.159415,3.762321,4.345245,4.877235,5.345788,5.760956,5.045369,4.711580,4.297980,3.916474,3.541588,3.169562,2.809904,2.469789,2.155118,1.870114,1.616219,1.392517,1.196704,1.025945,0.877495,0.749029,0.638481,0.544665,0.466106,0.401380,0.348648,0.305861,0.271322,0.243579,0.221653,0.205178,0.193818,0.186621,0.182336,0.179832,0.178103,0.176850,0.176022,0.175612,0.175522,0.175522,0.175522,0.175522,0.175522,0.175522,0.175522,0.175522,0.175522,0.175522,0.175522,0.175522,0.175522,0.175522,0.175522,0.175522,0.175522,0.175522,0.175522,0.133970,0.064335,-0.034363,-0.163675,-0.325735,-0.523298,-0.759784,-1.039329,-1.366858,-1.748166,-2.190012,-2.700239,-3.287901,-3.963419,-4.738758,
5.803153,4.836213,4.007119,3.297592,2.691940,2.176720,1.740444,1.373334,1.067112,0.814811,0.610631,0.449806,0.328500,0.243715,0.193225,0.175522,0.175522,0.175522,0.175522,0.175522,0.175522,0.175522,0.175522,0.175522,0.175522,0.175522,0.175522,0.175522,0.175522,0.175522,0.175522,0.175522,0.175522,0.175522,0.175522,0.175094,0.172952,0.168132,0.159894,0.147558,0.130513,0.108432,0.080254,0.045588,0.004390,-0.043236,-0.097466,-0.158168,-0.224969,-0.298304,-0.377636,-0.462037,-0.550016,-0.639281,-0.728280,-0.814801,-0.898629,-0.979823,-1.058793,-1.136457,-1.212510,-1.285814,-1.353173,-1.409241,-1.448773,-1.465972,-1.466171,-1.467182,-1.487104,-1.653008,-1.954610,-2.699960,-2.969193,-2.851761,-2.743992,-2.563343,-2.412379,-2.319404,-2.305155,-2.376804,-2.511608,-2.680815,-2.851899,-3.002673,-3.116375,-3.179507,-3.182516,-3.123233,-3.003411,-2.823149,-2.585566,-2.296870,-1.961795,-1.589646,-1.186054,-0.763946,-0.329228,0.103243,0.530932,0.939306,1.323434,1.672026,1.981318,2.243063,2.453536,2.606964,2.700495,2.733983,2.704765,2.612946,2.462128,2.255949,1.997759,1.691348,1.346609,0.970943,0.571277,0.157630,-0.259571,-0.670612,-1.068946,-1.445722,-1.794213,-2.104857,-2.370718,-2.585914,-2.746811,-2.847650,-2.888050,-2.865726,-2.780795,-2.636420,-2.433618,-2.178445,-1.874623,-1.529008,-1.149055,-0.744495,-0.322421,0.107504,0.535404,0.957121,1.360434,1.735178,2.073626,2.368905,2.612048,2.799229,2.928044,2.995975,3.000746,2.943866,2.830028,2.660667,2.440297,2.176706,1.875059,1.545660,1.194272,0.832873,0.467558,0.110260,-0.230321,-0.542554,-0.822686,-1.060326,-1.252255,-1.390806,-1.472595,-1.491929,-1.445143,-1.331466,-1.146106,-0.888991,-0.563381,-0.173659,0.275116,0.775518,1.312702,1.878551,2.466471,3.064385,3.664415,4.259884,4.848761,5.405882,5.045248,4.685724,4.250535,3.899005,3.556338,3.230138,2.914851,2.609276,2.316654,2.041145,1.786436,1.555110,1.348209,1.165342,1.005089,0.865460,0.744338,0.639807,0.550052,0.474047,0.410473,0.358107,0.315378,0.280574,0.252334,0.229520,0.211411,0.197809,0.188504,0.182711,0.179404,0.177628,0.176522,0.175865,0.175578,0.175522,0.175522,0.175522,0.175522,0.175522,0.175522,0.175522,0.175522,0.175522,0.175522,0.175522,0.175522,0.175522,0.175522,0.175522,0.175522,0.175522,0.175522,0.175522,0.175522,0.133970,0.064335,-0.034363,-0.163675,-0.325735,-0.523298,-0.759784,-1.039329,-1.366858,-1.748166,-2.190012,-2.700239,-3.287901,-3.963419,-4.738758,
5.803153,4.836213,4.007119,3.297592,2.691940,2.176720,1.740444,1.373334,1.067112,0.814811,0.610631,0.449806,0.328500,0.243715,0.193225,0.175522,0.175522,0.175522,0.175522,0.175522,0.175522,0.175522,0.175522,0.175522,0.175522,0.175522,0.175522,0.175522,0.175522,0.175522,0.175522,0.175522,0.175522,0.175522,0.175522,0.175522,0.175522,0.173707,0.169326,0.161758,0.150410,0.134942,0.114287,0.088020,0.056019,0.018257,-0.025580,-0.075519,-0.131361,-0.193688,-0.262101,-0.335817,-0.413492,-0.492952,-0.572698,-0.650491,-0.725996,-0.799050,-0.869805,-0.938950,-1.006151,-1.070711,-1.130670,-1.183018,-1.226560,-1.261219,-1.295114,-1.344428,-1.435604,-1.620902,-1.930175,-2.422359,-2.982311,-3.636978,-3.613105,-3.122404,-2.751788,-2.471813,-2.321440,-2.334685,-2.447584,-2.618732,-2.802360,-2.968176,-3.095565,-3.168594,-3.177565,-3.120776,-3.000669,-2.820379,-2.584428,-2.298738,-1.969393,-1.604096,-1.210205,-0.797939,-0.375254,0.046946,0.462237,0.859999,1.233132,1.572988,1.874081,2.129929,2.335811,2.487058,2.580813,2.615845,2.590713,2.505715,2.363516,2.167463,1.921290,1.629601,1.300316,0.940995,0.559122,0.163798,-0.235371,-0.629358,-1.010783,-1.371689,-1.704859,-2.002053,-2.256381,-2.462316,-2.615558,-2.711760,-2.749325,-2.726943,-2.644703,-2.504744,-2.309236,-2.062771,-1.769704,-1.436486,-1.070501,-0.680200,-0.273221,0.141759,0.555605,0.961636,1.350048,1.711672,2.038116,2.322305,2.557175,2.738016,2.861993,2.926899,2.931379,2.876832,2.766901,2.604278,2.393671,2.142026,1.855731,1.543645,1.213538,0.874972,0.536574,0.208194,-0.100623,-0.380666,-0.626343,-0.830599,-0.989274,-1.097073,-1.150016,-1.143498,-1.073550,-0.937793,-0.731835,-0.454666,-0.107409,0.306124,0.780584,1.305071,1.858496,2.435115,3.032042,3.630134,4.242855,4.843850,4.778277,4.455990,4.147729,3.838467,3.514479,3.214025,2.927217,2.653514,2.391404,2.140854,1.903184,1.680703,1.475575,1.289304,1.122500,0.974875,0.845423,0.732648,0.634881,0.550569,0.478177,0.416886,0.365582,0.323263,0.288625,0.260266,0.237116,0.218299,0.203304,0.192063,0.184456,0.179837,0.177362,0.176224,0.175675,0.175522,0.175522,0.175522,0.175522,0.175522,0.175522,0.175522,0.175522,0.175522,0.175522,0.175522,0.175522,0.175522,0.175522,0.175522,0.175522,0.175522,0.175522,0.175522,0.175522,0.175522,0.175522,0.133970,0.064335,-0.034363,-0.163675,-0.325735,-0.523298,-0.759784,-1.039329,-1.366858,-1.748166,-2.190012,-2.700239,-3.287901,-3.963419,-4.738758,
5.803153,4.836213,4.007119,3.297592,2.691940,2.176720,1.740444,1.373334,1.067112,0.814811,0.610631,0.449806,0.328500,0.243715,0.193225,0.175522,0.175522,0.175522,0.175522,0.175522,0.175522,0.175522,0.175522,0.175522,0.175522,0.175522,0.175522,0.175522,0.175522,0.175522,0.175522,0.175522,0.175522,0.175522,0.175522,0.175522,0.175522,0.175522,0.173942,0.170015,0.163182,0.153097,0.138696,0.119535,0.095428,0.066242,0.031545,-0.008829,-0.054842,-0.107214,-0.165689,-0.229639,-0.297897,-0.368444,-0.439888,-0.510022,-0.578452,-0.644866,-0.709261,-0.772234,-0.833548,-0.892950,-0.949413,-1.001448,-1.049967,-1.096941,-1.150620,-1.224091,-1.337274,-1.516895,-1.782427,-2.146940,-2.580141,-3.079116,-3.655910,-3.705196,-3.135828,-2.623047,-2.298199,-2.316003,-2.448034,-2.668134,-2.896692,-3.099894,-3.257515,-3.349388,-3.364165,-3.302291,-3.171613,-2.977789,-2.727415,-2.428414,-2.086114,-1.709745,-1.304528,-0.882835,-0.449908,-0.020103,0.404614,0.810013,1.191453,1.537893,1.845822,2.107262,2.318583,2.474148,2.571187,2.609585,2.586754,2.502809,2.361268,2.165731,1.919495,1.626216,1.295620,0.934998,0.551092,0.153636,-0.247243,-0.642069,-1.024572,-1.386205,-1.720544,-2.018292,-2.272709,-2.478054,-2.630854,-2.725451,-2.761534,-2.736849,-2.651505,-2.508598,-2.309021,-2.058689,-1.761136,-1.423032,-1.051623,-0.656422,-0.244250,0.175515,0.593144,1.004664,1.398055,1.763462,2.093282,2.380773,2.617089,2.798493,2.922593,2.986996,2.989563,2.932063,2.819563,2.653924,2.440121,2.186483,1.898690,1.587562,1.259359,0.926500,0.595485,0.278513,-0.015823,-0.276487,-0.501061,-0.681097,-0.815676,-0.899105,-0.929145,-0.900125,-0.807651,-0.649742,-0.419913,-0.115104,0.265710,0.718340,1.240883,1.822665,2.410745,3.013486,3.649586,4.243733,4.317862,4.051925,3.870055,3.636533,3.389162,3.136204,2.880551,2.633290,2.396053,2.169640,1.954120,1.750065,1.558131,1.379623,1.215742,1.067265,0.934424,0.816872,0.713781,0.623941,0.545999,0.478698,0.420778,0.371628,0.330352,0.296168,0.268025,0.244809,0.225699,0.210048,0.197515,0.188133,0.181858,0.178148,0.176305,0.175641,0.175522,0.175522,0.175522,0.175522,0.175522,0.175522,0.175522,0.175522,0.175522,0.175522,0.175522,0.175522,0.175522,0.175522,0.175522,0.175522,0.175522,0.175522,0.175522,0.175522,0.175522,0.175522,0.175522,0.133970,0.064335,-0.034363,-0.163675,-0.325735,-0.523298,-0.759784,-1.039329,-1.366858,-1.748166,-2.190012,-2.700239,-3.287901,-3.963419,-4.738758,
5.803153,4.836213,4.007119,3.297592,2.691940,2.176720,1.740444,1.373334,1.067112,0.814811,0.610631,0.449806,0.328500,0.243715,0.193225,0.175522,0.175522,0.175522,0.175522,0.175522,0.175522,0.175522,0.175522,0.175522,0.175522,0.175522,0.175522,0.175522,0.175522,0.175522,0.175522,0.175522,0.175522,0.175522,0.175522,0.175522,0.175522,0.175522,0.175522,0.174304,0.171001,0.165313,0.156214,0.143291,0.126356,0.105234,0.079445,0.048749,0.013084,-0.028360,-0.075433,-0.127664,-0.184077,-0.242874,-0.302861,-0.361993,-0.419970,-0.476500,-0.531604,-0.585954,-0.639528,-0.692502,-0.744525,-0.794995,-0.845735,-0.899088,-0.962216,-1.044719,-1.159633,-1.321848,-1.541470,-1.820784,-2.144506,-2.492543,-2.820412,-2.989001,-3.136938,-2.696158,-2.058561,-2.315181,-2.498138,-2.853767,-3.168107,-3.434526,-3.646005,-3.768996,-3.787826,-3.707343,-3.551722,-3.326232,-3.039953,-2.707910,-2.327620,-1.919030,-1.473499,-1.019686,-0.544467,-0.087159,0.378829,0.813932,1.231402,1.603373,1.939753,2.221517,2.452884,2.621932,2.726056,2.771770,2.749645,2.659162,2.508232,2.301341,2.040367,1.723087,1.369814,0.985559,0.573283,0.146560,-0.282454,-0.701162,-1.109473,-1.493538,-1.852085,-2.169191,-2.439840,-2.656058,-2.819761,-2.916451,-2.954405,-2.925277,-2.829242,-2.675546,-2.456574,-2.187152,-1.865442,-1.500432,-1.097705,-0.673367,-0.228801,0.222383,0.665304,1.112034,1.537127,1.928119,2.281602,2.593223,2.843673,3.035233,3.166955,3.235615,3.234826,3.167308,3.045305,2.864418,2.630042,2.357371,2.044801,1.714758,1.360725,1.012791,0.661318,0.333183,0.028315,-0.228296,-0.451895,-0.618591,-0.742998,-0.810482,-0.827751,-0.782360,-0.669102,-0.491607,-0.236313,0.102863,0.531798,1.038683,1.635621,2.344599,2.975825,3.586489,3.719381,3.560354,3.481149,3.328205,3.168556,2.987609,2.793816,2.592847,2.389118,2.188253,1.993256,1.805885,1.627018,1.457645,1.298309,1.149985,1.013537,0.889546,0.778261,0.679543,0.592915,0.517581,0.452594,0.397030,0.349896,0.310699,0.278623,0.252907,0.232521,0.216377,0.203647,0.193662,0.186034,0.180714,0.177584,0.176094,0.175599,0.175522,0.175522,0.175522,0.175522,0.175522,0.175522,0.175522,0.175522,0.175522,0.175522,0.175522,0.175522,0.175522,0.175522,0.175522,0.175522,0.175522,0.175522,0.175522,0.175522,0.175522,0.175522,0.175522,0.175522,0.133970,0.064335,-0.034363,-0.163675,-0.325735,-0.523298,-0.759784,-1.039329,-1.366858,-1.748166,-2.190012,-2.700239,-3.287901,-3.963419,-4.738758,
5.803153,4.836213,4.007119,3.297592,2.691940,2.176720,1.740444,1.373334,1.067112,0.814811,0.610631,0.449806,0.328500,0.243715,0.193225,0.175522,0.175522,0.175522,0.175522,0.175522,0.175522,0.175522,0.175522,0.175522,0.175522,0.175522,0.175522,0.175522,0.175522,0.175522,0.175522,0.175522,0.175522,0.175522,0.175522,0.175522,0.175522,0.175522,0.175522,0.175522,0.174808,0.172493,0.167615,0.159798,0.148863,0.134610,0.116526,0.094324,0.067856,0.036248,-0.000444,-0.041894,-0.087320,-0.135166,-0.184467,-0.233394,-0.281794,-0.329445,-0.376422,-0.423471,-0.470712,-0.518577,-0.567059,-0.615917,-0.667145,-0.722682,-0.788228,-0.870367,-0.977261,-1.117265,-1.295202,-1.510486,-1.751905,-2.000573,-2.224739,-2.377922,-2.464508,-2.411885,-2.489708,-2.522125,-2.340307,-2.928303,-3.327941,-3.656528,-3.946113,-4.104740,-4.125584,-4.016876,-3.827634,-3.571467,-3.258350,-2.903865,-2.503746,-2.078561,-1.616977,-1.149300,-0.659213,-0.189123,0.292015,0.740942,1.173141,1.558083,1.907389,2.200363,2.442212,2.619984,2.731111,2.783183,2.765621,2.677733,2.528291,2.322047,2.060481,1.740483,1.384241,0.996598,0.579871,0.148351,-0.285215,-0.707706,-1.120059,-1.507771,-1.870289,-2.190564,-2.463639,-2.681260,-2.846081,-2.942230,-2.979210,-2.947701,-2.847860,-2.689869,-2.464840,-2.188925,-1.859492,-1.485795,-1.073362,-0.639433,-0.184676,0.276500,0.728515,1.186003,1.621212,2.020899,2.382370,2.701482,2.957047,3.152179,3.286244,3.355691,3.353254,3.281960,3.155470,2.968682,2.727532,2.448958,2.130987,1.798199,1.442799,1.098136,0.753080,0.437552,0.151337,-0.078167,-0.269784,-0.399643,-0.487777,-0.522181,-0.512601,-0.443638,-0.308130,-0.108514,0.166365,0.520924,0.998895,1.539793,2.181912,2.999460,3.101865,3.004883,2.989575,2.914425,2.832979,2.722904,2.597031,2.456364,2.304175,2.144485,1.981353,1.818438,1.658561,1.503767,1.355274,1.214306,1.081428,0.957514,0.843320,0.739381,0.646011,0.563235,0.490821,0.428244,0.374823,0.329835,0.292451,0.262219,0.238354,0.220089,0.206401,0.196230,0.188744,0.183264,0.179374,0.176961,0.175863,0.175557,0.175522,0.175522,0.175522,0.175522,0.175522,0.175522,0.175522,0.175522,0.175522,0.175522,0.175522,0.175522,0.175522,0.175522,0.175522,0.175522,0.175522,0.175522,0.175522,0.175522,0.175522,0.175522,0.175522,0.175522,0.175522,0.133970,0.064335,-0.034363,-0.163675,-0.325735,-0.523298,-0.759784,-1.039329,-1.366858,-1.748166,-2.190012,-2.700239,-3.287901,-3.963419,-4.738758,
5.803153,4.836213,4.007119,3.297592,2.691940,2.176720,1.740444,1.373334,1.067112,0.814811,0.610631,0.449806,0.328500,0.243715,0.193225,0.175522,0.175522,0.175522,0.175522,0.175522,0.175522,0.175522,0.175522,0.175522,0.175522,0.175522,0.175522,0.175522,0.175522,0.175522,0.175522,0.175522,0.175522,0.175522,0.175522,0.175522,0.175522,0.175522,0.175522,0.175522,0.175522,0.175522,0.173783,0.169940,0.163839,0.155275,0.143721,0.128862,0.110494,0.087698,0.060459,0.028974,-0.006157,-0.043627,-0.082723,-0.121880,-0.161138,-0.200395,-0.239815,-0.280210,-0.321785,-0.365085,-0.410218,-0.456987,-0.507189,-0.562092,-0.626010,-0.703228,-0.798738,-0.917314,-1.061005,-1.228656,-1.412271,-1.598837,-1.770123,-1.906941,-2.006583,-2.070939,-2.172455,-2.302936,-2.514544,-3.092215,-3.375707,-3.759151,-4.210821,-4.401189,-4.418449,-4.246349,-4.005673,-3.718202,-3.386128,-3.021052,-2.618165,-2.194298,-1.738878,-1.278500,-0.797580,-0.333690,0.140397,0.585224,1.013749,1.397589,1.746186,2.040370,2.284287,2.466042,2.583013,2.641674,2.632692,2.555591,2.418204,2.224980,1.977795,1.674388,1.335037,0.964861,0.566811,0.154310,-0.260712,-0.665797,-1.061040,-1.432827,-1.780111,-2.087135,-2.348925,-2.557525,-2.714835,-2.806326,-2.840215,-2.808114,-2.710092,-2.555248,-2.335822,-2.066459,-1.745141,-1.380736,-0.978753,-0.555206,-0.111380,0.339222,0.781666,1.227925,1.652608,2.043426,2.396985,2.708837,2.959584,3.151265,3.282601,3.350119,3.347296,3.276889,3.151463,2.967370,2.731297,2.460142,2.153824,1.835676,1.500047,1.178565,0.863920,0.585197,0.344800,0.169588,0.041587,-0.021825,-0.044251,-0.024784,0.023210,0.121321,0.279685,0.506775,0.797613,1.111321,1.687219,2.399095,2.305858,2.407982,2.461794,2.445478,2.422212,2.374438,2.310841,2.228952,2.132556,2.023122,1.903383,1.776381,1.645309,1.512869,1.381508,1.253263,1.129464,1.011465,0.899909,0.795692,0.699581,0.612153,0.533809,0.464697,0.404735,0.353551,0.310604,0.275260,0.246762,0.224634,0.208085,0.196322,0.188325,0.183064,0.179713,0.177598,0.176300,0.175672,0.175522,0.175522,0.175522,0.175522,0.175522,0.175522,0.175522,0.175522,0.175522,0.175522,0.175522,0.175522,0.175522,0.175522,0.175522,0.175522,0.175522,0.175522,0.175522,0.175522,0.175522,0.175522,0.175522,0.175522,0.175522,0.175522,0.175522,0.133970,0.064335,-0.034363,-0.163675,-0.325735,-0.523298,-0.759784,-1.039329,-1.366858,-1.748166,-2.190012,-2.700239,-3.287901,-3.963419,-4.738758,
5.803153,4.836213,4.007119,3.297592,2.691940,2.176720,1.740444,1.373334,1.067112,0.814811,0.610631,0.449806,0.328500,0.243715,0.193225,0.175522,0.175522,0.175522,0.175522,0.175522,0.175522,0.175522,0.175522,0.175522,0.175522,0.175522,0.175522,0.175522,0.175522,0.175522,0.175522,0.175522,0.175522,0.175522,0.175522,0.175522,0.175522,0.175522,0.175522,0.175522,0.175522,0.175522,0.175522,0.174228,0.171292,0.166489,0.159253,0.149214,0.136099,0.118939,0.097652,0.072332,0.043429,0.012052,-0.021297,-0.055261,-0.090023,-0.125532,-0.161965,-0.200078,-0.240009,-0.282212,-0.326658,-0.372937,-0.422415,-0.475610,-0.535636,-0.605118,-0.687064,-0.784332,-0.897808,-1.026717,-1.165659,-1.307183,-1.442106,-1.562406,-1.668969,-1.771948,-1.900290,-2.072838,-2.327801,-2.724726,-3.163436,-3.855782,-4.475779,-4.674961,-4.705832,-4.362534,-4.044887,-3.735112,-3.398868,-3.039460,-2.659276,-2.259199,-1.841708,-1.415323,-0.978925,-0.543002,-0.108513,0.310525,0.708905,1.074338,1.402268,1.684607,1.917816,2.096425,2.217658,2.281363,2.285205,2.229418,2.117337,1.952419,1.737852,1.477126,1.179845,0.853430,0.504511,0.142377,-0.223442,-0.583912,-0.933315,-1.263732,-1.569333,-1.841294,-2.073068,-2.259036,-2.395782,-2.477644,-2.504230,-2.473215,-2.384499,-2.240867,-2.042867,-1.796004,-1.503370,-1.171297,-0.806762,-0.418991,-0.014487,0.397706,0.807867,1.211992,1.598299,1.957459,2.282063,2.565353,2.798383,2.976996,3.098133,3.158903,3.156844,3.093695,2.974972,2.803880,2.588136,2.340011,2.068589,1.785940,1.499082,1.223463,0.971007,0.757813,0.598124,0.510698,0.491385,0.534130,0.623889,0.726663,0.822308,0.954967,1.127678,1.403776,1.857754,2.104617,1.804484,1.912571,1.928180,1.966733,1.990059,1.985073,1.964382,1.927150,1.875574,1.810884,1.733766,1.646176,1.550280,1.448421,1.343137,1.236517,1.130597,1.027194,0.927490,0.832701,0.743325,0.660069,0.583504,0.514041,0.451956,0.397325,0.350063,0.309845,0.276236,0.248709,0.226672,0.209748,0.197298,0.188676,0.183031,0.179515,0.177446,0.176275,0.175674,0.175522,0.175522,0.175522,0.175522,0.175522,0.175522,0.175522,0.175522,0.175522,0.175522,0.175522,0.175522,0.175522,0.175522,0.175522,0.175522,0.175522,0.175522,0.175522,0.175522,0.175522,0.175522,0.175522,0.175522,0.175522,0.175522,0.175522,0.175522,0.133970,0.064335,-0.034363,-0.163675,-0.325735,-0.523298,-0.759784,-1.039329,-1.366858,-1.748166,-2.190012,-2.700239,-3.287901,-3.963419,-4.738758,
5.803153,4.836213,4.007119,3.297592,2.691940,2.176720,1.740444,1.373334,1.067112,0.814811,0.610631,0.449806,0.328500,0.243715,0.193225,0.175522,0.175522,0.175522,0.175522,0.175522,0.175522,0.175522,0.175522,0.175522,0.175522,0.175522,0.175522,0.175522,0.175522,0.175522,0.175522,0.175522,0.175522,0.175522,0.175522,0.175522,0.175522,0.175522,0.175522,0.175522,0.175522,0.175522,0.175522,0.175522,0.174917,0.172937,0.169052,0.162844,0.153991,0.141484,0.125192,0.105128,0.081617,0.055595,0.027375,-0.001888,-0.032524,-0.064544,-0.098149,-0.134048,-0.172297,-0.213225,-0.256618,-0.301809,-0.349730,-0.400247,-0.455549,-0.517110,-0.586724,-0.666235,-0.756132,-0.856316,-0.963481,-1.073780,-1.183363,-1.289635,-1.395540,-1.509929,-1.648589,-1.828288,-2.070506,-2.393596,-2.783973,-3.272036,-3.782432,-4.336416,-4.861030,-4.611581,-4.223645,-3.914747,-3.559251,-3.191765,-2.821739,-2.431959,-2.032779,-1.630235,-1.216581,-0.796336,-0.376310,0.033413,0.424988,0.786955,1.111634,1.392955,1.627034,1.809625,1.937769,2.010225,2.026118,1.986046,1.892347,1.747960,1.556228,1.321361,1.051058,0.753008,0.434394,0.103433,-0.231432,-0.562132,-0.882419,-1.185552,-1.465456,-1.714801,-1.927179,-2.097368,-2.221288,-2.294664,-2.315832,-2.283381,-2.197082,-2.058576,-1.869426,-1.633515,-1.354399,-1.037857,-0.690673,-0.320699,0.065090,0.458680,0.851107,1.235885,1.603791,1.946748,2.256990,2.527749,2.751946,2.924261,3.040776,3.098467,3.095394,3.032651,2.913937,2.743334,2.530006,2.288812,2.032979,1.771333,1.509210,1.260718,1.046875,0.879619,0.776901,0.777953,0.871251,1.034505,1.270855,1.477521,1.576140,1.740275,1.864792,1.703279,1.636336,1.657972,1.583674,1.591975,1.600923,1.614801,1.621825,1.615507,1.597155,1.567002,1.526005,1.474154,1.412324,1.342109,1.265217,1.183474,1.098914,1.013169,0.927918,0.844726,0.764594,0.688577,0.617063,0.550617,0.489686,0.434576,0.385493,0.342472,0.305433,0.274089,0.248081,0.226961,0.210257,0.197656,0.188636,0.182658,0.179003,0.176971,0.175994,0.175602,0.175522,0.175522,0.175522,0.175522,0.175522,0.175522,0.175522,0.175522,0.175522,0.175522,0.175522,0.175522,0.175522,0.175522,0.175522,0.175522,0.175522,0.175522,0.175522,0.175522,0.175522,0.175522,0.175522,0.175522,0.175522,0.175522,0.175522,0.175522,0.175522,0.133970,0.064335,-0.034363,-0.163675,-0.325735,-0.523298,-0.759784,-1.039329,-1.366858,-1.748166,-2.190012,-2.700239,-3.287901,-3.963419,-4.738758,
5.803153,4.836213,4.007119,3.297592,2.691940,2.176720,1.740444,1.373334,1.067112,0.814811,0.610631,0.449806,0.328500,0.243715,0.193225,0.175522,0.175522,0.175522,0.175522,0.175522,0.175522,0.175522,0.175522,0.175522,0.175522,0.175522,0.175522,0.175522,0.175522,0.175522,0.175522,0.175522,0.175522,0.175522,0.175522,0.175522,0.175522,0.175522,0.175522,0.175522,0.175522,0.175522,0.175522,0.175522,0.175522,0.175522,0.174035,0.170658,0.165059,0.156197,0.143905,0.128136,0.109118,0.087644,0.063869,0.038766,0.011875,-0.016880,-0.047735,-0.081354,-0.117723,-0.157047,-0.198931,-0.242480,-0.288246,-0.335580,-0.385983,-0.440145,-0.499117,-0.564207,-0.635830,-0.714518,-0.798456,-0.886097,-0.976339,-1.069027,-1.167949,-1.279992,-1.414833,-1.583739,-1.798570,-2.066687,-2.385321,-2.752984,-3.141115,-3.527673,-3.852428,-4.000513,-4.337442,-4.283874,-3.861306,-3.464894,-3.111203,-2.710814,-2.313360,-1.931798,-1.525683,-1.103451,-0.677128,-0.257894,0.149179,0.525689,0.862513,1.154093,1.399600,1.593788,1.732988,1.816956,1.844347,1.816052,1.735107,1.604157,1.425606,1.202596,0.944885,0.660193,0.355029,0.038022,-0.282258,-0.597739,-0.903724,-1.193264,-1.461383,-1.699911,-1.902703,-2.064372,-2.181662,-2.248940,-2.265749,-2.229638,-2.140272,-2.000102,-1.809247,-1.572714,-1.293020,-0.975953,-0.627979,-0.257881,0.128248,0.521698,0.912884,1.298038,1.665895,2.008107,2.318304,2.590515,2.815871,2.989520,3.107240,3.165180,3.160227,3.093175,2.967221,2.783478,2.552429,2.298348,2.042621,1.789817,1.530445,1.281917,1.088201,0.944586,0.855663,0.954656,1.182397,1.463696,1.857784,1.970132,1.748981,1.564881,1.518196,1.442030,1.392966,1.373106,1.342823,1.333935,1.332455,1.333705,1.331581,1.322527,1.306126,1.281036,1.247371,1.205241,1.155188,1.098465,1.036418,0.970478,0.902289,0.833136,0.764394,0.697394,0.632966,0.572011,0.514833,0.461895,0.413554,0.370047,0.331525,0.297991,0.269355,0.245345,0.225655,0.209877,0.197631,0.188640,0.182470,0.178664,0.176607,0.175715,0.175522,0.175522,0.175522,0.175522,0.175522,0.175522,0.175522,0.175522,0.175522,0.175522,0.175522,0.175522,0.175522,0.175522,0.175522,0.175522,0.175522,0.175522,0.175522,0.175522,0.175522,0.175522,0.175522,0.175522,0.175522,0.175522,0.175522,0.175522,0.175522,0.175522,0.175522,0.133970,0.064335,-0.034363,-0.163675,-0.325735,-0.523298,-0.759784,-1.039329,-1.366858,-1.748166,-2.190012,-2.700239,-3.287901,-3.963419,-4.738758,
5.772365,4.805156,3.976247,3.267316,2.662612,2.148613,1.713746,1.348147,1.043449,0.792610,0.589762,0.430083,0.309693,0.225567,0.175475,0.157959,0.157959,0.157959,0.157959,0.157959,0.157959,0.157959,0.157959,0.157959,0.157959,0.157959,0.157959,0.157959,0.157959,0.157959,0.157959,0.157959,0.157959,0.157959,0.157959,0.157959,0.157959,0.157959,0.157959,0.157959,0.157959,0.157959,0.157959,0.157959,0.157959,0.157959,0.157959,0.157253,0.155117,0.150549,0.143403,0.133616,0.121358,0.107294,0.091421,0.074500,0.055875,0.035293,0.012350,-0.013749,-0.043102,-0.075994,-0.112063,-0.150400,-0.191396,-0.234123,-0.279658,-0.328173,-0.380244,-0.436827,-0.498279,-0.565480,-0.637439,-0.713813,-0.794763,-0.880912,-0.975648,-1.084203,-1.212849,-1.368527,-1.557623,-1.782841,-2.041584,-2.327569,-2.624294,-2.910801,-3.156453,-3.336994,-3.508441,-3.550972,-3.529749,-3.781269,-3.595205,-3.117586,-2.692537,-2.356296,-1.932604,-1.479210,-1.018449,-0.567492,-0.109716,0.306352,0.675169,0.989544,1.261673,1.478608,1.634015,1.733844,1.772088,1.750222,1.675158,1.549112,1.371956,1.140810,0.876791,0.586102,0.271652,-0.054463,-0.382303,-0.701390,-1.013832,-1.307889,-1.584115,-1.827966,-2.035161,-2.198128,-2.318976,-2.383155,-2.398680,-2.356864,-2.257282,-2.108370,-1.901542,-1.650466,-1.351995,-1.013938,-0.640827,-0.247838,0.164432,0.582964,0.992867,1.406295,1.798696,2.159766,2.488532,2.782514,3.022440,3.208461,3.336358,3.400440,3.393505,3.317434,3.178510,2.964212,2.682492,2.383434,2.112044,1.865803,1.578386,1.273626,1.092410,0.957819,0.740416,0.866851,1.209449,1.365348,1.420983,1.446222,1.367976,1.278032,1.222079,1.171547,1.135162,1.112618,1.094425,1.084960,1.081193,1.079875,1.077292,1.070733,1.058441,1.039597,1.013892,0.981088,0.941395,0.895742,0.845172,0.790846,0.734173,0.676279,0.618437,0.561933,0.507634,0.456470,0.408833,0.365217,0.325984,0.291338,0.261370,0.235998,0.215042,0.198140,0.184916,0.174881,0.167618,0.162776,0.159899,0.158518,0.158040,0.157959,0.157959,0.157959,0.157959,0.157959,0.157959,0.157959,0.157959,0.157959,0.157959,0.157959,0.157959,0.157959,0.157959,0.157959,0.157959,0.157959,0.157959,0.157959,0.157959,0.157959,0.157959,0.157959,0.157959,0.157959,0.157959,0.157959,0.157959,0.157959,0.157959,0.157959,0.157959,0.117482,0.049149,-0.047975,-0.175441,-0.335404,-0.530656,-0.764660,-1.041613,-1.366509,-1.745218,-2.184587,-2.692543,-3.278225,-3.952127,-4.726271,
5.740924,4.773464,3.944778,3.236502,2.632817,2.120120,1.686748,1.322745,1.019654,0.770353,0.568904,0.410426,0.290996,0.207555,0.157854,0.140413,0.140413,0.140413,0.140413,0.140413,0.140413,0.140413,0.140413,0.140413,0.140413,0.140413,0.140413,0.140413,0.140413,0.140413,0.140413,0.140413,0.140413,0.140413,0.140413,0.140413,0.140413,0.140413,0.140413,0.140413,0.140413,0.140413,0.140413,0.140413,0.140413,0.140413,0.140413,0.140413,0.140413,0.138900,0.135631,0.130546,0.123791,0.115943,0.106883,0.097211,0.086122,0.073221,0.057964,0.039444,0.017444,-0.008424,-0.037886,-0.070108,-0.105444,-0.142850,-0.183168,-0.226261,-0.272416,-0.322366,-0.376414,-0.435601,-0.499351,-0.567899,-0.641908,-0.722114,-0.811288,-0.913079,-1.031413,-1.170614,-1.334199,-1.522562,-1.732622,-1.958467,-2.189131,-2.409981,-2.604440,-2.762297,-2.888259,-2.958576,-2.998411,-3.060900,-2.992861,-2.865697,-2.950086,-2.888615,-2.455914,-1.936920,-1.490980,-1.027961,-0.519901,-0.060824,0.313105,0.633720,0.924926,1.164771,1.338259,1.451345,1.504226,1.500971,1.447503,1.343168,1.184976,0.969024,0.720515,0.447309,0.151953,-0.153551,-0.459847,-0.757072,-1.049246,-1.324618,-1.584891,-1.814692,-2.009966,-2.162887,-2.276230,-2.333956,-2.345133,-2.299896,-2.197599,-2.047449,-1.839398,-1.588100,-1.289219,-0.950418,-0.575734,-0.181152,0.233517,0.654237,1.065004,1.480051,1.872378,2.231808,2.560517,2.858931,3.106096,3.300784,3.436038,3.503707,3.497606,3.425069,3.286583,3.048492,2.694724,2.317167,2.075712,1.914295,1.631879,1.140899,1.106665,1.137094,0.962055,0.877897,0.963646,1.040652,1.080969,1.090650,1.059241,1.013874,0.974562,0.940319,0.914732,0.897391,0.885496,0.878637,0.875861,0.875104,0.872885,0.867602,0.858099,0.843483,0.823250,0.796964,0.764631,0.726968,0.684828,0.639207,0.591372,0.542362,0.493390,0.445698,0.400160,0.357680,0.318664,0.283565,0.252675,0.226106,0.203845,0.185702,0.171400,0.160492,0.152544,0.147006,0.143445,0.141460,0.140597,0.140413,0.140413,0.140413,0.140413,0.140413,0.140413,0.140413,0.140413,0.140413,0.140413,0.140413,0.140413,0.140413,0.140413,0.140413,0.140413,0.140413,0.140413,0.140413,0.140413,0.140413,0.140413,0.140413,0.140413,0.140413,0.140413,0.140413,0.140413,0.140413,0.140413,0.140413,0.140413,0.140413,0.140413,0.100911,0.033872,-0.061656,-0.187238,-0.345056,-0.537937,-0.769394,-1.043681,-1.365863,-1.741893,-2.178705,-2.684318,-3.267958,-3.940196,-4.713118,
5.707508,4.739842,3.911482,3.204012,2.601536,2.090354,1.658700,1.296512,0.995237,0.747663,0.547776,0.390636,0.272270,0.189586,0.140309,0.122937,0.122937,0.122937,0.122937,0.122937,0.122937,0.122937,0.122937,0.122937,0.122937,0.122937,0.122937,0.122937,0.122937,0.122937,0.122937,0.122937,0.122937,0.122937,0.122937,0.122937,0.122937,0.122937,0.122937,0.122937,0.122937,0.122937,0.122937,0.122937,0.122937,0.122937,0.122937,0.122937,0.122937,0.122937,0.122365,0.120759,0.118294,0.115483,0.112138,0.108747,0.104400,0.098601,0.090699,0.079695,0.065263,0.046896,0.024739,-0.000529,-0.029331,-0.060660,-0.095284,-0.132930,-0.173739,-0.218299,-0.266838,-0.320408,-0.378566,-0.441731,-0.510635,-0.585808,-0.669361,-0.763728,-0.871149,-0.994010,-1.134361,-1.291773,-1.463205,-1.643929,-1.826435,-2.000875,-2.157116,-2.288651,-2.392810,-2.464011,-2.508846,-2.534059,-2.508211,-2.456286,-2.431279,-2.340622,-2.139850,-1.973487,-2.122738,-1.692206,-1.086581,-0.549303,-0.236355,0.062098,0.374003,0.645843,0.839495,0.957151,1.026020,1.054820,1.041911,0.979364,0.859109,0.677923,0.465486,0.234057,-0.013245,-0.267276,-0.521662,-0.768990,-1.013561,-1.245302,-1.465819,-1.661387,-1.828133,-1.958508,-2.054352,-2.100831,-2.105461,-2.058999,-1.960441,-1.817798,-1.622081,-1.385918,-1.105048,-0.786191,-0.432653,-0.058546,0.335799,0.736849,1.128390,1.520721,1.888056,2.221960,2.528835,2.815869,3.064209,3.266528,3.408674,3.476184,3.468013,3.417134,3.313391,3.081739,2.592048,1.987510,1.876327,2.013188,2.016668,1.344117,1.075195,0.952183,0.837885,0.775815,0.783201,0.808631,0.826618,0.829823,0.815402,0.791859,0.767820,0.746043,0.729766,0.718932,0.712473,0.709420,0.708748,0.708350,0.706462,0.702082,0.694328,0.682373,0.665674,0.643732,0.616469,0.584491,0.548556,0.509581,0.468751,0.427065,0.385686,0.345780,0.308187,0.273711,0.242702,0.215501,0.192276,0.173013,0.157574,0.145664,0.136917,0.130818,0.126899,0.124575,0.123416,0.123006,0.122937,0.122937,0.122937,0.122937,0.122937,0.122937,0.122937,0.122937,0.122937,0.122937,0.122937,0.122937,0.122937,0.122937,0.122937,0.122937,0.122937,0.122937,0.122937,0.122937,0.122937,0.122937,0.122937,0.122937,0.122937,0.122937,0.122937,0.122937,0.122937,0.122937,0.122937,0.122937,0.122937,0.122937,0.122937,0.084402,0.018684,-0.075187,-0.198796,-0.354352,-0.544720,-0.773462,-1.044896,-1.364164,-1.737307,-2.171355,-2.674431,-3.255862,-3.926312,-4.697937,
5.670744,4.702951,3.875095,3.168695,2.567751,2.058447,1.628888,1.268886,0.969772,0.724237,0.526183,0.370603,0.253474,0.171671,0.122889,0.105615,0.105615,0.105615,0.105615,0.105615,0.105615,0.105615,0.105615,0.105615,0.105615,0.105615,0.105615,0.105615,0.105615,0.105615,0.105615,0.105615,0.105615,0.105615,0.105615,0.105615,0.105615,0.105615,0.105615,0.105615,0.105615,0.105615,0.105615,0.105615,0.105615,0.105615,0.105615,0.105615,0.105615,0.105615,0.105615,0.105615,0.104514,0.103140,0.101292,0.099379,0.096458,0.092034,0.085476,0.075855,0.062916,0.046238,0.026042,0.003057,-0.023050,-0.051192,-0.081994,-0.115036,-0.150347,-0.188414,-0.229430,-0.274465,-0.323197,-0.376190,-0.434232,-0.497758,-0.568495,-0.648197,-0.738176,-0.839835,-0.954353,-1.081050,-1.217512,-1.360298,-1.504137,-1.642294,-1.768009,-1.876741,-1.965348,-2.031243,-2.074970,-2.096346,-2.089323,-2.061434,-2.022406,-1.948832,-1.835272,-1.726971,-1.655095,-1.419257,-1.119833,-0.923564,-1.093042,-0.836148,-0.471878,-0.152287,0.082238,0.168133,0.250237,0.333955,0.390796,0.399076,0.339685,0.213645,0.059411,-0.099913,-0.260217,-0.421473,-0.583499,-0.745043,-0.905640,-1.061913,-1.210731,-1.345827,-1.462074,-1.554106,-1.617977,-1.647701,-1.641743,-1.596435,-1.510139,-1.384587,-1.219675,-1.017719,-0.778858,-0.506745,-0.204896,0.120797,0.464897,0.817735,1.166927,1.504082,1.813081,2.087006,2.337715,2.590500,2.836059,3.049100,3.201768,3.258830,3.219190,3.218724,3.225919,3.144741,2.834403,2.047153,1.724991,1.598268,1.452153,1.148550,0.933700,0.797736,0.702775,0.648539,0.633117,0.636734,0.643762,0.646463,0.642101,0.632616,0.621327,0.610197,0.602046,0.596913,0.594345,0.592515,0.591054,0.588844,0.584778,0.578361,0.569073,0.556327,0.539725,0.518874,0.493753,0.464949,0.433176,0.399290,0.364360,0.329274,0.295048,0.262656,0.232779,0.206008,0.182550,0.162574,0.146098,0.132987,0.123008,0.115801,0.110972,0.108000,0.106451,0.105771,0.105615,0.105615,0.105615,0.105615,0.105615,0.105615,0.105615,0.105615,0.105615,0.105615,0.105615,0.105615,0.105615,0.105615,0.105615,0.105615,0.105615,0.105615,0.105615,0.105615,0.105615,0.105615,0.105615,0.105615,0.105615,0.105615,0.105615,0.105615,0.105615,0.105615,0.105615,0.105615,0.105615,0.105615,0.105615,0.105615,0.105615,0.068071,0.003734,-0.088378,-0.209868,-0.362973,-0.550597,-0.776354,-1.044630,-1.360650,-1.730555,-2.161490,-2.661700,-3.240638,-3.909081,-4.679280,
5.629074,4.661275,3.834199,3.129270,2.530353,2.023472,1.596567,1.239294,0.942848,0.699801,0.503964,0.350261,0.234617,0.153870,0.105696,0.088567,0.088567,0.088567,0.088567,0.088567,0.088567,0.088567,0.088567,0.088567,0.088567,0.088567,0.088567,0.088567,0.088567,0.088567,0.088567,0.088567,0.088567,0.088567,0.088567,0.088567,0.088567,0.088567,0.088567,0.088567,0.088567,0.088567,0.088567,0.088567,0.088567,0.088567,0.088567,0.088567,0.088567,0.088567,0.088567,0.088567,0.088567,0.088567,0.087811,0.087011,0.085195,0.081865,0.076418,0.067991,0.056389,0.041268,0.022909,0.002063,-0.021550,-0.046810,-0.074261,-0.103394,-0.134163,-0.166966,-0.201928,-0.240056,-0.281029,-0.325421,-0.373959,-0.426939,-0.485782,-0.551776,-0.625671,-0.708334,-0.800528,-0.901527,-1.009340,-1.121852,-1.235549,-1.345607,-1.447149,-1.536961,-1.612353,-1.671196,-1.712297,-1.734516,-1.736696,-1.720845,-1.688643,-1.634421,-1.558596,-1.473015,-1.377442,-1.228672,-1.060365,-0.937126,-0.895369,-0.751387,-0.564998,-0.426059,-0.445980,-0.658719,-0.565445,-0.395663,-0.245467,-0.146673,-0.147921,-0.260513,-0.382954,-0.478282,-0.556104,-0.629107,-0.703620,-0.783646,-0.867549,-0.955286,-1.041737,-1.123578,-1.196450,-1.254995,-1.293028,-1.306946,-1.292918,-1.247482,-1.167703,-1.054318,-0.911754,-0.736667,-0.529007,-0.292262,-0.027416,0.264764,0.577898,0.902723,1.226151,1.532944,1.798972,2.006629,2.181242,2.414431,2.686161,2.940474,3.140303,3.187228,2.855061,2.644416,2.524483,2.373366,2.114331,1.729052,1.458356,1.278873,1.115913,0.926987,0.769585,0.654898,0.575745,0.528146,0.507129,0.502540,0.504886,0.508269,0.509878,0.509154,0.506905,0.503925,0.502520,0.501974,0.501345,0.499802,0.497314,0.493208,0.486833,0.478068,0.466703,0.452408,0.434978,0.414186,0.390130,0.363426,0.334790,0.305036,0.275129,0.245839,0.218016,0.192411,0.169513,0.149683,0.132956,0.119326,0.108662,0.100716,0.095174,0.091626,0.089663,0.088771,0.088567,0.088567,0.088567,0.088567,0.088567,0.088567,0.088567,0.088567,0.088567,0.088567,0.088567,0.088567,0.088567,0.088567,0.088567,0.088567,0.088567,0.088567,0.088567,0.088567,0.088567,0.088567,0.088567,0.088567,0.088567,0.088567,0.088567,0.088567,0.088567,0.088567,0.088567,0.088567,0.088567,0.088567,0.088567,0.088567,0.088567,0.088567,0.088567,0.052050,-0.010816,-0.101023,-0.220190,-0.370580,-0.555134,-0.777521,-1.042199,-1.354487,-1.720641,-2.147945,-2.644797,-3.220809,-3.886913,-4.655486,
5.580648,4.613022,3.787131,3.084260,2.488083,1.984402,1.560938,1.207148,0.914058,0.674106,0.481001,0.329594,0.215759,0.136302,0.088881,0.071960,0.071960,0.071960,0.071960,0.071960,0.071960,0.071960,0.071960,0.071960,0.071960,0.071960,0.071960,0.071960,0.071960,0.071960,0.071960,0.071960,0.071960,0.071960,0.071960,0.071960,0.071960,0.071960,0.071960,0.071960,0.071960,0.071960,0.071960,0.071960,0.071960,0.071960,0.071960,0.071960,0.071960,0.071960,0.071960,0.071960,0.071960,0.071960,0.071960,0.071792,0.070520,0.067746,0.062914,0.055221,0.044538,0.030593,0.013729,-0.005274,-0.026657,-0.049289,-0.073660,-0.099213,-0.125866,-0.153952,-0.183537,-0.215544,-0.249612,-0.286271,-0.326147,-0.369407,-0.417242,-0.470633,-0.529998,-0.595943,-0.669061,-0.748732,-0.833397,-0.921757,-1.011412,-1.099072,-1.181158,-1.255353,-1.319433,-1.371425,-1.409691,-1.432936,-1.440796,-1.433647,-1.411794,-1.373944,-1.320771,-1.255156,-1.176154,-1.076368,-0.969468,-0.878017,-0.806029,-0.710328,-0.606373,-0.532941,-0.525769,-0.567584,-0.530920,-0.455152,-0.389712,-0.374724,-0.466241,-0.778638,-0.907219,-0.930070,-0.914240,-0.894163,-0.878191,-0.879884,-0.889066,-0.915515,-0.944570,-0.978474,-1.014237,-1.045820,-1.061424,-1.062683,-1.043005,-0.997759,-0.920247,-0.810263,-0.688164,-0.533844,-0.347930,-0.138992,0.097042,0.370184,0.669792,0.985992,1.305473,1.612741,1.859455,1.978511,1.880976,1.967243,2.114206,2.258977,2.357141,2.357832,2.222637,2.080732,1.952222,1.803536,1.607865,1.373702,1.170968,1.008461,0.865760,0.729245,0.613052,0.523661,0.460907,0.422085,0.403067,0.397664,0.399797,0.405243,0.411462,0.416999,0.421527,0.424563,0.426740,0.428174,0.428060,0.425772,0.421504,0.414919,0.405726,0.394108,0.380140,0.363765,0.345001,0.323826,0.300481,0.275628,0.249968,0.224246,0.199279,0.175662,0.154032,0.134874,0.118463,0.104912,0.094094,0.085840,0.079897,0.075932,0.073577,0.072402,0.072014,0.071960,0.071960,0.071960,0.071960,0.071960,0.071960,0.071960,0.071960,0.071960,0.071960,0.071960,0.071960,0.071960,0.071960,0.071960,0.071960,0.071960,0.071960,0.071960,0.071960,0.071960,0.071960,0.071960,0.071960,0.071960,0.071960,0.071960,0.071960,0.071960,0.071960,0.071960,0.071960,0.071960,0.071960,0.071960,0.071960,0.071960,0.071960,0.071960,0.071960,0.036519,-0.024760,-0.112872,-0.229451,-0.376781,-0.557839,-0.776346,-1.036836,-1.344733,-1.706428,-2.129374,-2.622165,-3.194628,-3.857906,-4.624560,
5.523194,4.556001,3.731882,3.031915,2.439487,1.940087,1.521139,1.171842,0.883016,0.646945,0.457230,0.308648,0.197029,0.119152,0.072664,0.056029,0.056029,0.056029,0.056029,0.056029,0.056029,0.056029,0.056029,0.056029,0.056029,0.056029,0.056029,0.056029,0.056029,0.056029,0.056029,0.056029,0.056029,0.056029,0.056029,0.056029,0.056029,0.056029,0.056029,0.056029,0.056029,0.056029,0.056029,0.056029,0.056029,0.056029,0.056029,0.056029,0.056029,0.056029,0.056029,0.056029,0.056029,0.056029,0.056029,0.056029,0.056029,0.055811,0.054360,0.050842,0.045150,0.036994,0.026650,0.014771,0.000970,-0.013828,-0.030314,-0.048149,-0.067469,-0.088792,-0.112322,-0.139043,-0.168608,-0.201483,-0.238110,-0.278380,-0.323097,-0.372757,-0.427301,-0.486899,-0.551797,-0.621227,-0.693755,-0.768456,-0.843519,-0.916409,-0.984354,-1.045907,-1.099557,-1.143672,-1.176613,-1.197105,-1.204915,-1.200030,-1.182632,-1.152561,-1.110389,-1.057048,-0.993132,-0.919087,-0.841360,-0.768417,-0.701303,-0.630863,-0.563422,-0.514251,-0.493947,-0.490800,-0.469259,-0.436486,-0.415231,-0.429690,-0.502889,-0.640272,-0.732721,-0.774749,-0.787417,-0.789256,-0.790366,-0.797391,-0.810263,-0.830650,-0.854800,-0.881224,-0.906921,-0.927580,-0.937648,-0.934493,-0.914356,-0.874203,-0.811014,-0.724897,-0.619995,-0.491865,-0.339764,-0.166064,0.029577,0.248065,0.484091,0.729622,0.972206,1.195629,1.374445,1.483584,1.521179,1.591278,1.683255,1.768938,1.820859,1.815363,1.745879,1.649772,1.542184,1.417306,1.269380,1.106829,0.953743,0.819169,0.699881,0.592165,0.500450,0.427574,0.374540,0.339767,0.320445,0.312590,0.312206,0.316384,0.323089,0.330315,0.336178,0.340239,0.343057,0.344604,0.344111,0.341060,0.335728,0.327958,0.317674,0.305218,0.290836,0.274646,0.256814,0.237445,0.216858,0.195689,0.174558,0.154088,0.134906,0.117419,0.102052,0.089056,0.078535,0.070416,0.064461,0.060402,0.057910,0.056611,0.056118,0.056029,0.056029,0.056029,0.056029,0.056029,0.056029,0.056029,0.056029,0.056029,0.056029,0.056029,0.056029,0.056029,0.056029,0.056029,0.056029,0.056029,0.056029,0.056029,0.056029,0.056029,0.056029,0.056029,0.056029,0.056029,0.056029,0.056029,0.056029,0.056029,0.056029,0.056029,0.056029,0.056029,0.056029,0.056029,0.056029,0.056029,0.056029,0.056029,0.056029,0.056029,0.056029,0.021722,-0.037827,-0.123614,-0.237278,-0.381120,-0.558145,-0.772124,-1.027666,-1.330306,-1.686596,-2.104192,-2.591945,-3.159974,-3.819725,-4.584026,
5.453849,4.487468,3.665978,2.970129,2.382871,1.889239,1.476250,1.132771,0.849376,0.618178,0.432667,0.287557,0.178643,0.102694,0.057355,0.041096,0.041096,0.041096,0.041096,0.041096,0.041096,0.041096,0.041096,0.041096,0.041096,0.041096,0.041096,0.041096,0.041096,0.041096,0.041096,0.041096,0.041096,0.041096,0.041096,0.041096,0.041096,0.041096,0.041096,0.041096,0.041096,0.041096,0.041096,0.041096,0.041096,0.041096,0.041096,0.041096,0.041096,0.041096,0.041096,0.041096,0.041096,0.041096,0.041096,0.041096,0.041096,0.041096,0.041096,0.040297,0.038111,0.034270,0.029030,0.022972,0.015614,0.007728,-0.001522,-0.011971,-0.023943,-0.038125,-0.054885,-0.075308,-0.099143,-0.126897,-0.158955,-0.195088,-0.235871,-0.281484,-0.331542,-0.385903,-0.444542,-0.506544,-0.570518,-0.635723,-0.700668,-0.763263,-0.821224,-0.873493,-0.918859,-0.956138,-0.984132,-1.001759,-1.008816,-1.005212,-0.991165,-0.966824,-0.932743,-0.889514,-0.838437,-0.781338,-0.721756,-0.663587,-0.608089,-0.554382,-0.505931,-0.468772,-0.446113,-0.432871,-0.418570,-0.405267,-0.403231,-0.423981,-0.474724,-0.548796,-0.611516,-0.652027,-0.674941,-0.688607,-0.699596,-0.711919,-0.727050,-0.745625,-0.766493,-0.788071,-0.807779,-0.822559,-0.828934,-0.824134,-0.805524,-0.771198,-0.719316,-0.649418,-0.562088,-0.456132,-0.331057,-0.188069,-0.028161,0.147178,0.333970,0.525902,0.712885,0.883212,1.023905,1.126475,1.195804,1.262260,1.328887,1.384513,1.415161,1.410060,1.367744,1.300527,1.216996,1.118646,1.006645,0.887274,0.770838,0.663697,0.567284,0.481252,0.407954,0.348687,0.304512,0.274479,0.256766,0.248728,0.247678,0.251290,0.257038,0.263120,0.268015,0.271124,0.272794,0.272918,0.270796,0.266036,0.258994,0.249679,0.238210,0.225070,0.210648,0.195204,0.178999,0.162206,0.145141,0.128331,0.112241,0.097308,0.083928,0.072298,0.062641,0.054998,0.049336,0.045446,0.043014,0.041714,0.041196,0.041096,0.041096,0.041096,0.041096,0.041096,0.041096,0.041096,0.041096,0.041096,0.041096,0.041096,0.041096,0.041096,0.041096,0.041096,0.041096,0.041096,0.041096,0.041096,0.041096,0.041096,0.041096,0.041096,0.041096,0.041096,0.041096,0.041096,0.041096,0.041096,0.041096,0.041096,0.041096,0.041096,0.041096,0.041096,0.041096,0.041096,0.041096,0.041096,0.041096,0.041096,0.041096,0.041096,0.041096,0.007988,-0.049664,-0.132853,-0.243216,-0.383058,-0.555400,-0.764051,-1.013690,-1.309967,-1.659610,-2.070525,-2.551894,-3.114239,-3.769444,-4.530754,
5.368918,4.403909,3.586317,2.896347,2.316265,1.830440,1.425328,1.089379,0.812881,0.587773,0.407446,0.266572,0.160938,0.087318,0.043374,0.027592,0.027592,0.027592,0.027592,0.027592,0.027592,0.027592,0.027592,0.027592,0.027592,0.027592,0.027592,0.027592,0.027592,0.027592,0.027592,0.027592,0.027592,0.027592,0.027592,0.027592,0.027592,0.027592,0.027592,0.027592,0.027592,0.027592,0.027592,0.027592,0.027592,0.027592,0.027592,0.027592,0.027592,0.027592,0.027592,0.027592,0.027592,0.027592,0.027592,0.027592,0.027592,0.027592,0.027592,0.027592,0.027592,0.026861,0.025506,0.024094,0.022059,0.020077,0.017206,0.013482,0.008435,0.001237,-0.008629,-0.022362,-0.039838,-0.061667,-0.088271,-0.119424,-0.155613,-0.196850,-0.242564,-0.292412,-0.346158,-0.402750,-0.460774,-0.519540,-0.577684,-0.633348,-0.684530,-0.730404,-0.769919,-0.802003,-0.825727,-0.840447,-0.846237,-0.843048,-0.831118,-0.810719,-0.782429,-0.746795,-0.705287,-0.659729,-0.612379,-0.565539,-0.520544,-0.478352,-0.441132,-0.411512,-0.390733,-0.377050,-0.367412,-0.362951,-0.368276,-0.388170,-0.424168,-0.471066,-0.515736,-0.550924,-0.576555,-0.595961,-0.612673,-0.628961,-0.646075,-0.664473,-0.683734,-0.702624,-0.719076,-0.730854,-0.735476,-0.730684,-0.714535,-0.685791,-0.643089,-0.585752,-0.513574,-0.426091,-0.323075,-0.205627,-0.075185,0.066255,0.215437,0.367523,0.514832,0.649564,0.764879,0.857632,0.929999,0.991613,1.045019,1.085560,1.106604,1.103334,1.075254,1.027174,0.964030,0.888555,0.803537,0.713638,0.624351,0.540095,0.463194,0.394313,0.335369,0.287111,0.250586,0.225231,0.209891,0.202426,0.200185,0.201414,0.204507,0.207905,0.210201,0.210798,0.209951,0.207555,0.203033,0.196155,0.187360,0.176809,0.164787,0.151869,0.138514,0.125039,0.111700,0.098625,0.086027,0.074253,0.063553,0.054156,0.046232,0.039789,0.034894,0.031426,0.029268,0.028131,0.027678,0.027592,0.027592,0.027592,0.027592,0.027592,0.027592,0.027592,0.027592,0.027592,0.027592,0.027592,0.027592,0.027592,0.027592,0.027592,0.027592,0.027592,0.027592,0.027592,0.027592,0.027592,0.027592,0.027592,0.027592,0.027592,0.027592,0.027592,0.027592,0.027592,0.027592,0.027592,0.027592,0.027592,0.027592,0.027592,0.027592,0.027592,0.027592,0.027592,0.027592,0.027592,0.027592,0.027592,0.027592,0.027592,0.027592,-0.004242,-0.059810,-0.140093,-0.246713,-0.381961,-0.548856,-0.751222,-0.993789,-1.282313,-1.623708,-2.026172,-2.499308,-3.054191,-3.703359,-4.460708,
5.263525,4.300741,3.488972,2.807478,2.237422,1.762185,1.367470,1.041223,0.773427,0.555864,0.381869,0.246109,0.144401,0.073557,0.031280,0.016087,0.016087,0.016087,0.016087,0.016087,0.016087,0.016087,0.016087,0.016087,0.016087,0.016087,0.016087,0.016087,0.016087,0.016087,0.016087,0.016087,0.016087,0.016087,0.016087,0.016087,0.016087,0.016087,0.016087,0.016087,0.016087,0.016087,0.016087,0.016087,0.016087,0.016087,0.016087,0.016087,0.016087,0.016087,0.016087,0.016087,0.016087,0.016087,0.016087,0.016087,0.016087,0.016087,0.016087,0.016087,0.016087,0.016087,0.016087,0.015616,0.014576,0.013737,0.012205,0.010054,0.006860,0.001860,-0.005387,-0.015984,-0.029738,-0.047188,-0.068681,-0.093952,-0.123435,-0.157100,-0.194379,-0.234989,-0.278763,-0.324819,-0.371984,-0.419867,-0.467422,-0.513175,-0.555514,-0.593939,-0.627622,-0.655673,-0.677284,-0.691870,-0.699668,-0.700765,-0.695198,-0.683050,-0.664744,-0.640700,-0.612219,-0.580759,-0.547820,-0.514901,-0.483076,-0.453433,-0.427360,-0.406155,-0.390520,-0.380054,-0.373972,-0.373039,-0.379313,-0.394541,-0.418554,-0.448263,-0.477905,-0.503228,-0.523269,-0.539288,-0.553063,-0.565812,-0.578413,-0.591288,-0.604348,-0.616761,-0.627000,-0.633472,-0.634395,-0.628082,-0.613123,-0.588727,-0.553835,-0.507766,-0.450149,-0.380686,-0.299249,-0.206891,-0.105021,0.004543,0.119283,0.235684,0.348064,0.451350,0.541754,0.617880,0.679828,0.730747,0.771883,0.801042,0.815164,0.812264,0.792246,0.757502,0.711130,0.655550,0.593453,0.528315,0.463518,0.402187,0.346424,0.296968,0.255477,0.222394,0.198575,0.183260,0.174856,0.171637,0.171875,0.174223,0.177381,0.180031,0.180954,0.179674,0.176471,0.171356,0.163982,0.154373,0.143126,0.130609,0.117295,0.103856,0.090802,0.078469,0.067069,0.056650,0.047303,0.039188,0.032361,0.026862,0.022670,0.019634,0.017695,0.016600,0.016163,0.016087,0.016087,0.016087,0.016087,0.016087,0.016087,0.016087,0.016087,0.016087,0.016087,0.016087,0.016087,0.016087,0.016087,0.016087,0.016087,0.016087,0.016087,0.016087,0.016087,0.016087,0.016087,0.016087,0.016087,0.016087,0.016087,0.016087,0.016087,0.016087,0.016087,0.016087,0.016087,0.016087,0.016087,0.016087,0.016087,0.016087,0.016087,0.016087,0.016087,0.016087,0.016087,0.016087,0.016087,0.016087,0.016087,0.016087,0.016087,-0.014395,-0.067677,-0.144716,-0.247103,-0.377092,-0.537667,-0.732633,-0.966733,-1.245799,-1.576914,-1.968594,-2.430960,-2.975838,-3.616735,-4.368613,
5.131053,4.171847,3.368930,2.699822,2.143867,1.682998,1.301948,0.988099,0.731164,0.522836,0.356467,0.226793,0.129714,0.062128,0.021807,0.007319,0.007319,0.007319,0.007319,0.007319,0.007319,0.007319,0.007319,0.007319,0.007319,0.007319,0.007319,0.007319,0.007319,0.007319,0.007319,0.007319,0.007319,0.007319,0.007319,0.007319,0.007319,0.007319,0.007319,0.007319,0.007319,0.007319,0.007319,0.007319,0.007319,0.007319,0.007319,0.007319,0.007319,0.007319,0.007319,0.007319,0.007319,0.007319,0.007319,0.007319,0.007319,0.007319,0.007319,0.007319,0.007319,0.007319,0.007319,0.007319,0.007319,0.007285,0.006752,0.005892,0.004324,0.001338,-0.003433,-0.011007,-0.021140,-0.034320,-0.050857,-0.070491,-0.093653,-0.120334,-0.150015,-0.182511,-0.217736,-0.254964,-0.293212,-0.332309,-0.371424,-0.409363,-0.444799,-0.477466,-0.506703,-0.531765,-0.551952,-0.566746,-0.576391,-0.580920,-0.580411,-0.575018,-0.564951,-0.550427,-0.532524,-0.512357,-0.490953,-0.469330,-0.448249,-0.428574,-0.411217,-0.396913,-0.386183,-0.379097,-0.375538,-0.376019,-0.381449,-0.392325,-0.408100,-0.427027,-0.446262,-0.463328,-0.477350,-0.488795,-0.498530,-0.507150,-0.515220,-0.523100,-0.530845,-0.537908,-0.543185,-0.545544,-0.543704,-0.536431,-0.522708,-0.502053,-0.473639,-0.436862,-0.391352,-0.336861,-0.273292,-0.201619,-0.123067,-0.039114,0.048380,0.136917,0.222259,0.301059,0.371084,0.431578,0.481640,0.522218,0.553834,0.575254,0.585072,0.582652,0.568150,0.543102,0.509659,0.469689,0.425387,0.379369,0.333898,0.291251,0.253113,0.220045,0.193617,0.173692,0.160027,0.152044,0.148723,0.148665,0.150494,0.153158,0.155629,0.156844,0.155830,0.152300,0.146624,0.138969,0.129221,0.117642,0.104944,0.091624,0.078248,0.065485,0.053799,0.043459,0.034573,0.027070,0.020905,0.016071,0.012462,0.009977,0.008453,0.007621,0.007348,0.007319,0.007319,0.007319,0.007319,0.007319,0.007319,0.007319,0.007319,0.007319,0.007319,0.007319,0.007319,0.007319,0.007319,0.007319,0.007319,0.007319,0.007319,0.007319,0.007319,0.007319,0.007319,0.007319,0.007319,0.007319,0.007319,0.007319,0.007319,0.007319,0.007319,0.007319,0.007319,0.007319,0.007319,0.007319,0.007319,0.007319,0.007319,0.007319,0.007319,0.007319,0.007319,0.007319,0.007319,0.007319,0.007319,0.007319,0.007319,0.007319,0.007319,-0.021730,-0.072515,-0.145955,-0.243587,-0.367598,-0.520893,-0.707204,-0.931225,-1.198791,-1.517099,-1.894966,-2.343094,-2.874291,-3.503495,-4.247439,
4.962178,4.008863,3.219792,2.569094,2.033089,1.591665,1.228418,0.930216,0.686634,0.489424,0.332084,0.209522,0.117804,0.053969,0.015897,0.002232,0.002232,0.002232,0.002232,0.002232,0.002232,0.002232,0.002232,0.002232,0.002232,0.002232,0.002232,0.002232,0.002232,0.002232,0.002232,0.002232,0.002232,0.002232,0.002232,0.002232,0.002232,0.002232,0.002232,0.002232,0.002232,0.002232,0.002232,0.002232,0.002232,0.002232,0.002232,0.002232,0.002232,0.002232,0.002232,0.002232,0.002232,0.002232,0.002232,0.002232,0.002232,0.002232,0.002232,0.002232,0.002232,0.002232,0.002232,0.002232,0.002232,0.002232,0.002232,0.002232,0.001770,0.000321,-0.002421,-0.007396,-0.014298,-0.023567,-0.035484,-0.049806,-0.066979,-0.087042,-0.109561,-0.134480,-0.161828,-0.191057,-0.221371,-0.252806,-0.284705,-0.316100,-0.345888,-0.373974,-0.399815,-0.422772,-0.442228,-0.457710,-0.469453,-0.477435,-0.481656,-0.482167,-0.479050,-0.472473,-0.463345,-0.452469,-0.440539,-0.428229,-0.416012,-0.404479,-0.394218,-0.385673,-0.379253,-0.375138,-0.373372,-0.374293,-0.378298,-0.385417,-0.395136,-0.406480,-0.417931,-0.428031,-0.436173,-0.442578,-0.447681,-0.451762,-0.455195,-0.458291,-0.461188,-0.463542,-0.464575,-0.463495,-0.459395,-0.451388,-0.438755,-0.421236,-0.398191,-0.369112,-0.333663,-0.291616,-0.242864,-0.188262,-0.128799,-0.065589,0.000059,0.066417,0.130258,0.189345,0.242324,0.288768,0.327413,0.358466,0.382158,0.397679,0.404399,0.402335,0.391796,0.373982,0.350512,0.322775,0.292470,0.261580,0.231674,0.204506,0.181513,0.162458,0.147648,0.137293,0.131210,0.128843,0.129306,0.131430,0.134110,0.136540,0.137935,0.137501,0.134540,0.128991,0.121343,0.111921,0.100809,0.088440,0.075562,0.062696,0.050397,0.039250,0.029603,0.021620,0.015284,0.010415,0.006856,0.004475,0.003048,0.002380,0.002232,0.002232,0.002232,0.002232,0.002232,0.002232,0.002232,0.002232,0.002232,0.002232,0.002232,0.002232,0.002232,0.002232,0.002232,0.002232,0.002232,0.002232,0.002232,0.002232,0.002232,0.002232,0.002232,0.002232,0.002232,0.002232,0.002232,0.002232,0.002232,0.002232,0.002232,0.002232,0.002232,0.002232,0.002232,0.002232,0.002232,0.002232,0.002232,0.002232,0.002232,0.002232,0.002232,0.002232,0.002232,0.002232,0.002232,0.002232,0.002232,0.002232,0.002232,0.002232,0.002232,-0.025306,-0.073382,-0.142865,-0.235213,-0.352502,-0.497506,-0.673808,-0.885954,-1.139665,-1.442121,-1.802320,-2.231521,-2.743699,-3.355837,-4.087630,
4.743032,3.800009,3.033509,2.410695,1.902982,1.487658,1.147260,0.868439,0.640941,0.456833,0.309956,0.195533,0.109893,0.050286,0.014744,0.002013,0.002013,0.002013,0.002013,0.002013,0.002013,0.002013,0.002013,0.002013,0.002013,0.002013,0.002013,0.002013,0.002013,0.002013,0.002013,0.002013,0.002013,0.002013,0.002013,0.002013,0.002013,0.002013,0.002013,0.002013,0.002013,0.002013,0.002013,0.002013,0.002013,0.002013,0.002013,0.002013,0.002013,0.002013,0.002013,0.002013,0.002013,0.002013,0.002013,0.002013,0.002013,0.002013,0.002013,0.002013,0.002013,0.002013,0.002013,0.002013,0.002013,0.002013,0.002013,0.002013,0.002013,0.002013,0.001685,0.000119,-0.002599,-0.006919,-0.013163,-0.021164,-0.031460,-0.044206,-0.059128,-0.076355,-0.096103,-0.118027,-0.141558,-0.166907,-0.193554,-0.220651,-0.247183,-0.273056,-0.297655,-0.320250,-0.340118,-0.356675,-0.370013,-0.379965,-0.386413,-0.389313,-0.388671,-0.384583,-0.377845,-0.369216,-0.359472,-0.349359,-0.339393,-0.330085,-0.321871,-0.315088,-0.310105,-0.307125,-0.306231,-0.307652,-0.311553,-0.317792,-0.325934,-0.335397,-0.345251,-0.354537,-0.362802,-0.370105,-0.376578,-0.382240,-0.387245,-0.391751,-0.395826,-0.399157,-0.401103,-0.401045,-0.398262,-0.392063,-0.381902,-0.367651,-0.348800,-0.324936,-0.295788,-0.261174,-0.221010,-0.176101,-0.127295,-0.075473,-0.021617,0.032988,0.085702,0.134895,0.179639,0.219613,0.253376,0.280816,0.301989,0.316218,0.323182,0.323160,0.316510,0.304246,0.287675,0.267835,0.246059,0.223930,0.202368,0.182121,0.163837,0.147887,0.134560,0.124080,0.116367,0.111066,0.107574,0.105080,0.102865,0.100463,0.097423,0.093266,0.087581,0.080493,0.072514,0.063955,0.054867,0.045591,0.036643,0.028312,0.020918,0.014784,0.010020,0.006603,0.004363,0.003007,0.002299,0.002051,0.002013,0.002013,0.002013,0.002013,0.002013,0.002013,0.002013,0.002013,0.002013,0.002013,0.002013,0.002013,0.002013,0.002013,0.002013,0.002013,0.002013,0.002013,0.002013,0.002013,0.002013,0.002013,0.002013,0.002013,0.002013,0.002013,0.002013,0.002013,0.002013,0.002013,0.002013,0.002013,0.002013,0.002013,0.002013,0.002013,0.002013,0.002013,0.002013,0.002013,0.002013,0.002013,0.002013,0.002013,0.002013,0.002013,0.002013,0.002013,0.002013,0.002013,0.002013,0.002013,0.002013,0.002013,0.002013,-0.023940,-0.069108,-0.134295,-0.220847,-0.330689,-0.466397,-0.631308,-0.829689,-1.066965,-1.350059,-1.687871,-2.091956,-2.577414,-3.163861,-3.875851,
4.451125,3.528238,2.800522,2.220603,1.752753,1.371811,1.060030,0.804581,0.595935,0.426863,0.291805,0.186466,0.107556,0.052603,0.019841,0.008142,0.008142,0.008142,0.008142,0.008142,0.008142,0.008142,0.008142,0.008142,0.008142,0.008142,0.008142,0.008142,0.008142,0.008142,0.008142,0.008142,0.008142,0.008142,0.008142,0.008142,0.008142,0.008142,0.008142,0.008142,0.008142,0.008142,0.008142,0.008142,0.008142,0.008142,0.008142,0.008142,0.008142,0.008142,0.008142,0.008142,0.008142,0.008142,0.008142,0.008142,0.008142,0.008142,0.008142,0.008142,0.008142,0.008142,0.008142,0.008142,0.008142,0.008142,0.008142,0.008142,0.008142,0.008142,0.008142,0.008142,0.008142,0.007344,0.005367,0.002363,-0.002252,-0.008709,-0.016846,-0.026931,-0.039333,-0.053894,-0.070265,-0.088856,-0.109340,-0.131060,-0.153176,-0.175685,-0.197994,-0.219351,-0.238975,-0.256187,-0.270931,-0.282872,-0.291733,-0.297326,-0.299526,-0.298317,-0.294360,-0.288260,-0.280644,-0.272187,-0.263585,-0.255531,-0.248490,-0.242750,-0.238636,-0.236331,-0.235911,-0.237543,-0.241287,-0.246960,-0.254214,-0.262687,-0.271749,-0.280721,-0.289256,-0.297340,-0.304938,-0.311924,-0.318304,-0.324125,-0.329387,-0.333782,-0.336766,-0.337831,-0.336389,-0.331883,-0.323891,-0.312379,-0.296931,-0.277218,-0.253020,-0.224191,-0.190658,-0.153171,-0.112447,-0.069182,-0.024112,0.021781,0.066254,0.108069,0.146568,0.181508,0.211409,0.236053,0.255429,0.268913,0.276325,0.278055,0.274469,0.266425,0.254849,0.240364,0.223667,0.205665,0.187232,0.169111,0.151850,0.135804,0.121314,0.108690,0.098018,0.089182,0.081877,0.075626,0.070049,0.064946,0.060086,0.055162,0.049867,0.044327,0.038898,0.033711,0.028635,0.023820,0.019518,0.015789,0.012754,0.010553,0.009153,0.008430,0.008181,0.008142,0.008142,0.008142,0.008142,0.008142,0.008142,0.008142,0.008142,0.008142,0.008142,0.008142,0.008142,0.008142,0.008142,0.008142,0.008142,0.008142,0.008142,0.008142,0.008142,0.008142,0.008142,0.008142,0.008142,0.008142,0.008142,0.008142,0.008142,0.008142,0.008142,0.008142,0.008142,0.008142,0.008142,0.008142,0.008142,0.008142,0.008142,0.008142,0.008142,0.008142,0.008142,0.008142,0.008142,0.008142,0.008142,0.008142,0.008142,0.008142,0.008142,0.008142,0.008142,0.008142,0.008142,0.008142,0.008142,0.008142,0.008142,-0.016162,-0.058249,-0.118839,-0.199142,-0.300883,-0.426368,-0.578587,-0.761363,-0.979586,-1.239563,-1.549574,-1.920785,-2.368721,-2.915558,-3.593002,
4.044605,3.168858,2.511562,1.997640,1.584543,1.247300,0.970004,0.741698,0.554385,0.402014,0.279906,0.184429,0.112772,0.062815,0.033031,0.022439,0.022439,0.022439,0.022439,0.022439,0.022439,0.022439,0.022439,0.022439,0.022439,0.022439,0.022439,0.022439,0.022439,0.022439,0.022439,0.022439,0.022439,0.022439,0.022439,0.022439,0.022439,0.022439,0.022439,0.022439,0.022439,0.022439,0.022439,0.022439,0.022439,0.022439,0.022439,0.022439,0.022439,0.022439,0.022439,0.022439,0.022439,0.022439,0.022439,0.022439,0.022439,0.022439,0.022439,0.022439,0.022439,0.022439,0.022439,0.022439,0.022439,0.022439,0.022439,0.022439,0.022439,0.022439,0.022439,0.022439,0.022439,0.022439,0.022439,0.022439,0.021599,0.019649,0.016721,0.012485,0.006481,-0.001252,-0.010526,-0.021919,-0.035294,-0.050216,-0.066089,-0.083111,-0.100854,-0.118697,-0.135945,-0.151942,-0.166574,-0.179385,-0.189951,-0.197917,-0.202983,-0.204962,-0.204323,-0.201474,-0.196859,-0.190993,-0.184440,-0.177773,-0.171550,-0.166306,-0.162537,-0.160490,-0.160239,-0.161910,-0.165517,-0.170881,-0.177721,-0.185799,-0.194638,-0.203721,-0.212761,-0.221705,-0.230413,-0.238674,-0.246399,-0.253546,-0.260057,-0.265614,-0.269733,-0.271982,-0.271860,-0.268905,-0.262778,-0.253508,-0.240754,-0.224249,-0.203818,-0.179339,-0.150750,-0.118750,-0.083951,-0.046907,-0.008178,0.031456,0.070020,0.106533,0.140515,0.171788,0.198878,0.221542,0.239750,0.252891,0.260785,0.263795,0.262126,0.255990,0.245904,0.232522,0.216584,0.198860,0.180117,0.161046,0.142207,0.124047,0.107040,0.091649,0.078164,0.066696,0.057182,0.049380,0.043098,0.038225,0.034551,0.031733,0.029383,0.027473,0.026117,0.025217,0.024447,0.023789,0.023306,0.022914,0.022611,0.022468,0.022439,0.022439,0.022439,0.022439,0.022439,0.022439,0.022439,0.022439,0.022439,0.022439,0.022439,0.022439,0.022439,0.022439,0.022439,0.022439,0.022439,0.022439,0.022439,0.022439,0.022439,0.022439,0.022439,0.022439,0.022439,0.022439,0.022439,0.022439,0.022439,0.022439,0.022439,0.022439,0.022439,0.022439,0.022439,0.022439,0.022439,0.022439,0.022439,0.022439,0.022439,0.022439,0.022439,0.022439,0.022439,0.022439,0.022439,0.022439,0.022439,0.022439,0.022439,0.022439,0.022439,0.022439,0.022439,0.022439,0.022439,0.022439,0.022439,0.022439,0.022439,-0.000166,-0.039036,-0.094793,-0.168486,-0.261599,-0.376106,-0.514544,-0.680134,-0.876961,-1.110266,-1.386952,-1.716517,-2.112901,-2.598368,-3.211639,
