3.500000	,190.000000	,190.000000	,189.500000	,178.000000	,170.500000	,188.500000	,192.000000	,189.500000	,184.500000	,182.500000	,192.000000	,181.500000	,189.500000	,185.500000	,189.000000	,192.000000	,193.000000	,192.000000	,191.000000	,193.500000	,195.500000	,191.000000	,182.000000	,178.500000	,190.000000	,185.500000	,177.500000	,185.000000	,198.000000	,193.000000	,196.000000	,179.500000	,174.500000	,183.000000	,172.000000	,177.000000	,196.500000	,195.000000	,186.000000	,189.000000	,189.000000	,187.500000	,194.000000	,196.000000	,190.000000	,186.500000	,195.000000	,187.000000	,192.500000	,193.000000	,173.500000	,172.000000	,192.000000	,189.500000	,175.000000	,169.000000	,192.000000	,188.000000	,192.000000	,190.500000	,189.000000	,192.000000	,192.000000	,183.000000	,162.000000	,182.000000	,193.500000	,187.000000	,186.000000	,174.500000	,173.500000	,189.000000	,186.000000	,180.500000	,191.500000	,195.000000	,203.000000	,182.500000	,170.500000	,187.000000	,191.500000	,194.000000	,183.500000	,183.000000	,189.500000	,180.000000	,190.000000	,188.000000	,192.500000	,199.500000	,189.000000	,180.000000	,191.500000	,185.500000	,185.500000	,195.000000	,192.000000	,183.000000	,189.500000	,185.500000	,181.500000	,183.000000	,175.500000	,178.500000	,191.500000	,194.500000	,182.500000	,184.000000	,191.000000	,188.000000	,181.000000	,190.000000	,190.500000	,189.000000	,191.500000	,192.500000	,183.500000	,173.500000	,192.000000	,195.000000	,192.000000	,185.000000	,184.000000	,195.500000	,179.500000	,168.000000	,194.000000	,195.500000	,190.000000	,192.500000	,193.000000	,181.000000	,191.000000	,199.000000	,188.500000	,185.000000	,201.500000	,191.500000	,174.000000	,180.000000	,191.500000	,189.000000	,188.000000	,190.000000	,179.000000	,187.500000	,195.500000	,181.000000	,180.500000	,198.500000	,178.000000	,172.000000	,178.000000	,159.500000	,186.500000	,185.500000	,177.000000	,191.000000	,182.000000	,179.000000	,186.500000	,179.500000	,187.500000	,189.000000	,189.500000	,184.000000	,190.500000	,188.000000	,184.000000	,187.500000	,183.000000	,192.000000	,198.000000	,192.000000	,183.000000	,190.500000	,188.500000	,190.000000	,192.000000	,180.000000	,179.500000	,184.000000	,187.000000	,183.000000	,188.500000	,181.000000	,186.500000	,178.500000	,177.000000	,187.000000	,185.500000	,187.000000	,178.000000	,190.500000	,190.000000	,195.000000	,193.500000	,183.500000	,192.000000	,202.500000	,181.500000	,171.500000	,192.500000	,199.000000	,193.000000	,196.500000	,191.500000	,168.500000	,179.500000	,185.000000	,191.000000	,195.500000	,192.000000	,179.500000	,186.500000	,195.500000	,193.500000	,195.500000	,188.000000	,181.000000	,186.500000	,176.500000	,184.500000	,191.000000	,191.000000	,187.500000	,183.500000	,185.000000	,187.500000	,199.000000	,187.500000	,182.500000	,188.000000	,186.500000	,185.000000	,189.000000	,192.000000	,183.000000	,241.000000	,
-188.000000	,-8.000000	,4.500000	,7.000000	,10.500000	,-6.500000	,12.500000	,7.500000	,15.500000	,0.500000	,3.500000	,-12.000000	,-6.500000	,1.500000	,-2.500000	,-1.500000	,-2.500000	,-9.500000	,-20.500000	,-17.000000	,0.000000	,2.500000	,11.500000	,0.500000	,-11.500000	,-5.500000	,1.500000	,-10.500000	,-11.000000	,12.500000	,12.500000	,28.000000	,2.000000	,5.500000	,5.000000	,-7.000000	,-10.000000	,4.000000	,8.000000	,-7.000000	,-2.500000	,-3.000000	,0.000000	,4.000000	,8.000000	,-5.000000	,-10.500000	,2.500000	,-11.000000	,15.000000	,16.500000	,-9.500000	,0.000000	,5.500000	,18.500000	,-7.500000	,-5.500000	,-3.000000	,0.000000	,-3.500000	,-16.000000	,-22.000000	,-23.000000	,0.000000	,12.000000	,-9.000000	,-2.500000	,-6.500000	,3.000000	,8.500000	,-3.000000	,-8.500000	,4.500000	,0.000000	,-18.500000	,-27.500000	,11.000000	,33.000000	,9.500000	,-9.500000	,-7.000000	,-0.500000	,5.500000	,-2.500000	,0.500000	,0.000000	,-14.500000	,0.000000	,2.500000	,6.000000	,19.500000	,10.500000	,0.000000	,-14.500000	,6.500000	,0.000000	,6.000000	,-1.500000	,-1.000000	,3.500000	,-1.500000	,-1.000000	,8.000000	,-2.000000	,0.000000	,10.000000	,18.500000	,8.000000	,0.000000	,6.000000	,3.000000	,-2.000000	,-10.000000	,-25.000000	,-4.000000	,-9.000000	,3.500000	,-20.500000	,-30.500000	,1.500000	,3.000000	,-0.500000	,3.000000	,-1.000000	,18.500000	,1.500000	,-9.500000	,4.000000	,9.000000	,2.000000	,6.000000	,-5.000000	,-29.000000	,-11.000000	,-6.000000	,-0.500000	,-0.500000	,18.500000	,12.500000	,-5.500000	,-27.500000	,-20.000000	,-3.500000	,-6.000000	,0.500000	,-4.000000	,9.500000	,14.000000	,-16.500000	,-16.000000	,19.000000	,6.500000	,5.000000	,-3.500000	,-24.000000	,-4.500000	,-1.500000	,-7.500000	,6.000000	,-1.000000	,-8.500000	,-13.500000	,-4.000000	,-4.500000	,-3.500000	,2.000000	,-4.500000	,4.000000	,0.000000	,0.000000	,-1.000000	,-4.500000	,0.000000	,8.500000	,3.000000	,2.500000	,17.000000	,9.500000	,12.500000	,2.500000	,-7.500000	,-24.000000	,-9.500000	,1.500000	,1.500000	,3.500000	,-0.500000	,8.000000	,-2.000000	,-11.500000	,-9.500000	,11.500000	,8.500000	,-3.500000	,-13.000000	,-12.500000	,11.000000	,2.500000	,-29.000000	,-6.000000	,31.500000	,10.500000	,-7.000000	,-5.500000	,6.000000	,2.500000	,22.000000	,11.500000	,6.000000	,-1.500000	,-6.500000	,-2.500000	,18.500000	,8.500000	,-22.500000	,-16.500000	,9.500000	,3.500000	,17.500000	,8.000000	,-4.500000	,6.500000	,-3.000000	,-2.500000	,3.500000	,5.500000	,4.500000	,-1.000000	,-13.000000	,-19.000000	,11.500000	,3.500000	,0.000000	,-5.000000	,7.000000	,-2.500000	,9.500000	,12.000000	,7.000000	,183.000000	,
-186.500000	,1.000000	,-0.500000	,8.000000	,8.500000	,1.000000	,-11.500000	,-21.000000	,15.500000	,14.500000	,4.000000	,-11.000000	,-3.500000	,5.500000	,1.500000	,-4.000000	,-8.000000	,3.000000	,-8.000000	,-21.500000	,-26.000000	,-6.500000	,9.000000	,14.000000	,-5.000000	,-8.000000	,18.500000	,1.000000	,-11.500000	,0.000000	,9.000000	,3.500000	,-9.500000	,11.500000	,22.000000	,3.500000	,-16.000000	,-9.500000	,-11.500000	,-22.500000	,-10.000000	,1.500000	,-1.500000	,-4.000000	,5.000000	,-2.000000	,7.000000	,2.500000	,0.500000	,11.500000	,12.000000	,-4.500000	,-0.500000	,10.500000	,23.500000	,8.000000	,-0.500000	,-9.000000	,-7.000000	,1.000000	,1.000000	,0.000000	,-9.000000	,11.500000	,13.000000	,12.500000	,-6.000000	,-21.500000	,6.000000	,17.000000	,8.500000	,-6.000000	,-3.000000	,20.000000	,1.000000	,-18.500000	,-1.500000	,17.000000	,6.000000	,-14.500000	,-32.500000	,-23.000000	,13.500000	,4.000000	,7.500000	,1.000000	,-6.000000	,0.500000	,10.000000	,2.500000	,-23.000000	,4.000000	,-4.000000	,-15.000000	,1.000000	,2.000000	,0.500000	,-12.000000	,-20.000000	,10.500000	,11.500000	,19.000000	,13.500000	,5.000000	,7.000000	,-3.000000	,-5.000000	,0.000000	,-4.000000	,1.000000	,-6.500000	,15.500000	,1.000000	,-18.000000	,-16.000000	,-5.000000	,12.000000	,1.000000	,-11.000000	,7.500000	,-1.500000	,-1.000000	,-3.500000	,-8.000000	,11.500000	,-9.500000	,0.000000	,-7.500000	,-20.500000	,-16.000000	,6.000000	,-2.000000	,-3.500000	,-1.500000	,-9.500000	,-3.500000	,1.500000	,-5.500000	,4.500000	,16.000000	,-5.000000	,-3.500000	,5.000000	,4.000000	,-6.500000	,-2.500000	,2.000000	,14.500000	,-0.500000	,-7.000000	,9.500000	,9.000000	,30.000000	,25.000000	,-10.000000	,-17.000000	,2.000000	,0.000000	,13.000000	,13.000000	,1.500000	,-18.500000	,-6.500000	,-8.500000	,-1.000000	,-16.500000	,-17.000000	,2.000000	,4.500000	,9.000000	,3.000000	,-2.000000	,3.500000	,1.500000	,7.500000	,5.000000	,0.500000	,3.500000	,-3.500000	,-0.500000	,16.500000	,-11.000000	,-15.000000	,3.000000	,5.500000	,7.000000	,4.500000	,14.500000	,10.500000	,8.500000	,-1.000000	,3.000000	,4.000000	,3.500000	,-11.500000	,-7.500000	,11.500000	,9.500000	,-12.000000	,-8.500000	,10.000000	,7.000000	,-2.000000	,-14.500000	,-16.000000	,3.500000	,2.500000	,-15.500000	,13.500000	,8.500000	,-2.500000	,-4.500000	,7.500000	,11.000000	,-9.000000	,-6.500000	,7.500000	,-10.500000	,2.000000	,-3.500000	,-6.500000	,10.500000	,4.500000	,-0.500000	,0.500000	,7.000000	,8.000000	,15.000000	,3.500000	,-2.500000	,-0.500000	,3.500000	,5.500000	,-4.000000	,4.500000	,0.000000	,1.000000	,13.500000	,13.000000	,184.000000	,
-184.000000	,13.500000	,4.000000	,-8.500000	,-4.500000	,11.500000	,0.000000	,-9.000000	,0.000000	,16.000000	,13.000000	,0.500000	,-4.000000	,-6.500000	,1.500000	,6.500000	,9.000000	,23.500000	,21.500000	,-4.500000	,-25.000000	,-6.500000	,-10.500000	,18.000000	,9.000000	,-7.500000	,9.000000	,5.500000	,0.000000	,2.500000	,12.000000	,7.000000	,-9.500000	,-12.500000	,2.500000	,0.000000	,0.000000	,9.500000	,11.500000	,-1.500000	,-5.500000	,-7.500000	,-22.000000	,-5.500000	,15.000000	,4.000000	,12.500000	,5.000000	,-12.500000	,4.500000	,9.500000	,-7.000000	,-14.000000	,11.000000	,5.500000	,7.500000	,8.000000	,-1.500000	,-0.500000	,13.500000	,14.500000	,10.000000	,10.500000	,-4.500000	,-9.500000	,12.500000	,-6.500000	,-4.500000	,-3.000000	,-10.500000	,6.000000	,0.000000	,-7.500000	,28.000000	,19.000000	,-6.500000	,-18.500000	,-5.000000	,15.500000	,6.500000	,-14.000000	,-14.500000	,9.000000	,0.000000	,9.500000	,6.000000	,-7.000000	,-10.000000	,13.000000	,16.000000	,-3.500000	,18.000000	,12.000000	,-0.500000	,-1.000000	,9.000000	,14.000000	,4.000000	,-16.000000	,-6.500000	,3.500000	,8.000000	,4.500000	,5.000000	,7.000000	,1.000000	,-3.000000	,-8.000000	,5.000000	,0.500000	,-8.500000	,24.000000	,22.500000	,8.000000	,1.500000	,7.500000	,19.500000	,9.500000	,0.500000	,12.000000	,3.000000	,2.500000	,-6.500000	,-6.000000	,1.000000	,-11.000000	,3.500000	,1.000000	,-12.000000	,2.000000	,22.000000	,17.000000	,22.000000	,16.500000	,2.500000	,-1.500000	,11.000000	,1.000000	,7.000000	,18.500000	,-11.500000	,-1.000000	,14.500000	,11.500000	,1.500000	,1.500000	,14.000000	,28.000000	,16.000000	,0.000000	,0.000000	,6.000000	,8.000000	,26.000000	,10.000000	,-6.500000	,-8.000000	,-22.500000	,-6.000000	,12.500000	,-10.500000	,-6.500000	,-3.000000	,-8.000000	,-7.500000	,-10.500000	,-23.000000	,-10.000000	,-7.000000	,1.500000	,-1.500000	,-7.500000	,-4.500000	,-3.500000	,-0.500000	,-1.500000	,-3.500000	,12.000000	,2.500000	,-4.500000	,21.500000	,8.000000	,-12.000000	,-7.000000	,2.500000	,-3.000000	,-7.500000	,4.000000	,9.500000	,-2.000000	,-21.000000	,-9.000000	,10.000000	,18.500000	,4.000000	,-4.500000	,19.500000	,21.500000	,-7.500000	,-4.000000	,-9.000000	,-9.500000	,14.000000	,5.000000	,-4.000000	,18.500000	,5.000000	,-9.000000	,3.000000	,9.500000	,4.500000	,-6.000000	,14.000000	,21.000000	,-1.500000	,10.000000	,15.000000	,0.500000	,20.500000	,2.000000	,-22.000000	,-9.500000	,0.000000	,-2.000000	,-1.000000	,-5.500000	,-10.500000	,13.500000	,-1.500000	,-26.000000	,-9.000000	,0.500000	,5.000000	,-12.000000	,-30.000000	,-13.000000	,4.500000	,-3.000000	,12.500000	,192.000000	,
-192.000000	,11.000000	,11.500000	,0.000000	,-1.500000	,23.000000	,10.500000	,-5.000000	,0.500000	,-11.500000	,-23.500000	,-5.000000	,-11.500000	,-2.000000	,10.500000	,3.000000	,-11.500000	,3.000000	,36.500000	,13.500000	,-3.500000	,-24.000000	,-32.000000	,11.000000	,5.000000	,-9.000000	,2.000000	,-2.000000	,-0.500000	,-5.000000	,-5.500000	,11.500000	,2.500000	,-8.500000	,-8.000000	,-4.000000	,10.000000	,15.500000	,19.500000	,-3.000000	,-5.500000	,10.000000	,-15.000000	,-19.000000	,-3.000000	,-14.000000	,-3.500000	,9.000000	,-5.500000	,-6.500000	,7.500000	,0.000000	,-8.000000	,0.000000	,0.000000	,0.500000	,9.000000	,1.000000	,-11.500000	,-12.500000	,-0.500000	,-3.500000	,13.500000	,3.500000	,2.000000	,5.000000	,-13.000000	,4.500000	,0.500000	,-3.000000	,15.000000	,6.500000	,-7.000000	,-10.000000	,16.500000	,12.500000	,-8.000000	,-16.500000	,11.500000	,31.000000	,5.000000	,-7.000000	,4.500000	,-3.500000	,-10.000000	,-1.500000	,2.000000	,-2.000000	,16.000000	,17.000000	,6.500000	,-6.500000	,0.000000	,-6.000000	,-6.500000	,2.000000	,20.000000	,20.000000	,1.500000	,-6.000000	,-2.500000	,-5.500000	,0.000000	,-1.000000	,3.000000	,6.000000	,6.000000	,-10.500000	,-8.000000	,2.500000	,-7.500000	,-16.500000	,17.000000	,6.500000	,8.500000	,-2.000000	,-16.000000	,-3.500000	,-4.500000	,3.000000	,0.500000	,16.000000	,5.500000	,12.500000	,11.000000	,-2.000000	,14.500000	,20.500000	,7.000000	,3.500000	,3.500000	,1.000000	,-0.500000	,2.000000	,0.000000	,2.000000	,12.000000	,4.500000	,8.500000	,-1.000000	,-24.000000	,-14.500000	,8.000000	,6.500000	,10.500000	,0.500000	,0.000000	,2.000000	,0.000000	,-7.000000	,-12.000000	,-6.000000	,-3.000000	,23.000000	,9.500000	,-2.500000	,0.500000	,-10.000000	,8.500000	,17.500000	,7.500000	,14.000000	,9.000000	,11.500000	,19.500000	,9.500000	,-9.500000	,-14.500000	,-34.500000	,-5.500000	,-7.000000	,-22.500000	,-7.500000	,-4.500000	,-1.000000	,-2.500000	,-1.500000	,17.000000	,2.000000	,-23.000000	,4.000000	,16.000000	,-1.500000	,-9.000000	,4.000000	,-8.500000	,0.000000	,-9.500000	,-11.500000	,6.000000	,-11.500000	,-8.000000	,7.000000	,5.500000	,6.000000	,1.500000	,6.500000	,-3.000000	,-17.000000	,7.000000	,0.000000	,-4.000000	,6.000000	,-1.000000	,0.000000	,13.000000	,5.000000	,-1.500000	,-6.000000	,-2.000000	,-6.000000	,-23.000000	,4.000000	,-12.000000	,-29.000000	,3.500000	,5.000000	,0.000000	,13.500000	,9.000000	,-6.500000	,-2.500000	,2.000000	,-3.000000	,-5.500000	,-6.500000	,-5.500000	,12.500000	,2.500000	,-11.500000	,-7.000000	,2.000000	,19.500000	,8.500000	,-13.500000	,-9.000000	,4.000000	,-10.000000	,-1.000000	,201.000000	,
-192.500000	,5.000000	,6.000000	,-5.500000	,-17.000000	,-10.500000	,-17.000000	,-14.000000	,14.500000	,1.000000	,-13.500000	,3.500000	,-1.000000	,2.500000	,6.500000	,0.000000	,-18.500000	,-24.000000	,9.500000	,0.000000	,24.500000	,-2.000000	,-17.000000	,-6.500000	,-6.000000	,2.000000	,-7.000000	,-18.500000	,-5.000000	,-18.500000	,-7.500000	,4.500000	,7.000000	,-1.500000	,-27.000000	,-4.000000	,1.000000	,1.000000	,8.000000	,-4.000000	,3.000000	,15.000000	,-4.500000	,-9.500000	,-1.000000	,-10.500000	,6.000000	,24.000000	,11.500000	,-2.500000	,11.000000	,8.000000	,-2.500000	,-16.500000	,-22.500000	,3.500000	,10.000000	,10.500000	,-4.500000	,-8.000000	,-5.500000	,-6.000000	,6.000000	,-2.500000	,5.500000	,-4.500000	,-16.000000	,8.500000	,2.500000	,-3.500000	,-6.000000	,-1.000000	,-13.000000	,-5.000000	,13.000000	,22.000000	,5.000000	,-10.000000	,-8.000000	,13.000000	,1.000000	,-9.000000	,9.000000	,-0.500000	,-14.500000	,1.000000	,-11.500000	,-6.000000	,1.500000	,11.500000	,4.500000	,-1.000000	,8.000000	,-2.500000	,-10.000000	,-2.500000	,-5.000000	,14.000000	,1.000000	,-7.500000	,-1.500000	,-10.000000	,-9.500000	,-7.000000	,-1.500000	,2.000000	,5.500000	,3.000000	,-9.500000	,3.000000	,-10.000000	,-11.500000	,3.000000	,4.000000	,7.500000	,-9.500000	,-18.000000	,-12.500000	,-29.500000	,3.000000	,2.500000	,11.500000	,-30.000000	,-71.000000	,5.000000	,0.500000	,6.000000	,-4.000000	,-11.500000	,-8.500000	,1.000000	,1.000000	,-1.000000	,2.000000	,2.000000	,0.000000	,0.500000	,-11.500000	,-0.500000	,11.000000	,-23.500000	,-17.000000	,-19.500000	,-7.500000	,-15.500000	,-13.500000	,-5.000000	,-6.500000	,-16.000000	,-2.000000	,-3.500000	,-2.000000	,-2.000000	,2.000000	,-5.500000	,11.500000	,11.500000	,3.500000	,20.000000	,13.000000	,2.500000	,-3.500000	,6.000000	,4.000000	,19.500000	,10.500000	,18.000000	,8.500000	,-13.000000	,10.000000	,5.500000	,-10.500000	,3.000000	,0.500000	,-1.500000	,0.000000	,-7.000000	,2.000000	,16.500000	,-3.000000	,-7.000000	,6.500000	,-3.500000	,-9.500000	,7.500000	,-2.000000	,13.500000	,-1.000000	,14.000000	,21.000000	,1.000000	,-3.500000	,-6.000000	,-8.500000	,2.000000	,-4.500000	,12.000000	,9.000000	,-7.000000	,15.500000	,6.000000	,-8.000000	,-20.500000	,-1.500000	,4.500000	,-3.500000	,-11.000000	,-5.000000	,-0.500000	,14.500000	,-3.500000	,-23.000000	,-2.500000	,-9.000000	,-9.500000	,-8.500000	,-12.000000	,-5.000000	,11.500000	,14.000000	,4.500000	,-1.000000	,2.000000	,1.000000	,-2.500000	,0.500000	,-0.500000	,26.000000	,22.500000	,9.000000	,-6.500000	,0.500000	,26.000000	,27.500000	,8.000000	,-7.500000	,1.000000	,-8.500000	,-5.500000	,199.000000	,
-192.000000	,-7.500000	,-16.500000	,-16.000000	,-2.500000	,-1.500000	,-12.000000	,-11.000000	,16.500000	,1.000000	,-12.500000	,-5.000000	,-20.500000	,0.000000	,10.000000	,12.500000	,0.000000	,-3.500000	,0.000000	,5.500000	,34.000000	,11.000000	,-9.000000	,-3.000000	,-2.000000	,13.500000	,-0.500000	,-3.500000	,2.500000	,-12.500000	,0.500000	,-5.500000	,24.000000	,13.500000	,-6.500000	,-12.500000	,-28.000000	,-13.500000	,-7.000000	,-4.000000	,-6.000000	,1.500000	,7.000000	,9.500000	,3.000000	,0.000000	,-1.500000	,-3.000000	,4.500000	,-7.000000	,-19.500000	,0.000000	,2.000000	,-16.000000	,-19.500000	,2.000000	,-2.500000	,19.000000	,-1.000000	,-10.500000	,-20.500000	,-4.000000	,6.000000	,1.000000	,10.500000	,4.500000	,-5.000000	,-5.000000	,3.500000	,0.000000	,4.500000	,2.000000	,-19.000000	,0.000000	,3.500000	,12.500000	,9.500000	,-9.500000	,-7.000000	,6.000000	,3.000000	,-4.500000	,7.000000	,6.000000	,-4.500000	,-22.500000	,-32.000000	,-12.500000	,0.000000	,3.500000	,-13.000000	,-25.500000	,7.000000	,5.000000	,-3.000000	,-6.000000	,-2.500000	,6.000000	,-2.000000	,-9.000000	,-7.500000	,0.000000	,-2.500000	,-3.500000	,1.000000	,-1.000000	,15.000000	,11.500000	,-8.000000	,-5.000000	,-12.000000	,-3.500000	,-65.500000	,-222.500000	,-230.500000	,-164.500000	,-138.500000	,-255.000000	,-327.000000	,-277.500000	,-238.000000	,-168.000000	,-275.500000	,-376.500000	,-301.500000	,-277.500000	,-213.500000	,-167.000000	,-93.000000	,-50.000000	,-154.000000	,-285.000000	,-214.500000	,-147.000000	,-101.000000	,-44.500000	,-0.500000	,0.500000	,5.000000	,14.500000	,5.000000	,4.000000	,-1.000000	,8.000000	,-1.000000	,-4.500000	,8.000000	,-0.500000	,-8.500000	,1.500000	,5.000000	,0.500000	,-4.000000	,0.000000	,8.000000	,1.500000	,-2.500000	,-1.000000	,0.000000	,-2.000000	,-1.500000	,-1.500000	,-12.000000	,-9.500000	,4.000000	,-8.500000	,0.000000	,22.000000	,4.500000	,23.000000	,4.500000	,-8.500000	,-3.500000	,3.500000	,-0.500000	,3.500000	,-9.000000	,0.500000	,16.000000	,7.000000	,0.000000	,11.500000	,-1.000000	,-6.500000	,0.000000	,1.500000	,11.000000	,-11.000000	,-4.000000	,5.500000	,-15.500000	,-16.000000	,-1.000000	,-8.000000	,3.000000	,-1.000000	,8.500000	,-1.500000	,-12.500000	,-10.500000	,-15.500000	,-1.000000	,-9.000000	,-2.500000	,1.500000	,5.500000	,-1.500000	,-3.500000	,-4.500000	,27.500000	,17.500000	,8.000000	,14.000000	,8.500000	,0.500000	,-11.000000	,-10.000000	,-21.500000	,-24.000000	,-12.500000	,-6.000000	,-18.000000	,-1.000000	,9.000000	,-11.500000	,-12.500000	,-21.500000	,-9.500000	,7.500000	,2.500000	,-9.000000	,-12.000000	,-10.000000	,-3.500000	,0.500000	,0.000000	,7.500000	,6.000000	,-8.000000	,185.000000	,
-184.500000	,9.500000	,-2.000000	,-13.500000	,18.500000	,8.000000	,-9.500000	,-11.000000	,-3.500000	,-2.500000	,0.500000	,-0.500000	,-21.500000	,-20.000000	,-0.500000	,20.000000	,7.500000	,8.000000	,8.500000	,-4.500000	,-11.000000	,-8.000000	,4.500000	,-15.000000	,-11.500000	,16.500000	,8.000000	,11.000000	,-21.500000	,-8.500000	,6.500000	,6.500000	,25.000000	,1.500000	,5.500000	,3.000000	,-3.000000	,2.000000	,-13.500000	,1.000000	,10.000000	,-3.000000	,-1.000000	,7.500000	,-7.500000	,-15.000000	,0.500000	,-15.000000	,-23.000000	,-18.500000	,-8.000000	,6.500000	,16.500000	,-15.000000	,-0.500000	,-3.000000	,-7.000000	,-13.000000	,-5.500000	,-7.000000	,-4.500000	,2.500000	,10.000000	,0.000000	,3.000000	,-14.500000	,-8.000000	,-10.500000	,-12.000000	,-9.000000	,16.000000	,6.000000	,-9.000000	,-6.000000	,-5.000000	,11.500000	,-1.000000	,-14.000000	,-11.000000	,1.000000	,-2.000000	,3.500000	,8.500000	,6.000000	,21.500000	,8.000000	,-6.500000	,-6.500000	,-3.500000	,12.500000	,2.000000	,-12.500000	,1.500000	,5.500000	,5.000000	,-0.500000	,0.000000	,14.000000	,8.000000	,-7.500000	,-1.000000	,8.000000	,-9.500000	,-36.500000	,-27.500000	,-19.500000	,-73.500000	,-73.000000	,-54.000000	,-79.000000	,-77.000000	,-64.500000	,-172.500000	,-285.500000	,-345.500000	,-294.500000	,-214.500000	,-284.000000	,-347.000000	,-335.000000	,-326.000000	,-202.000000	,-259.500000	,-307.000000	,-319.000000	,-343.000000	,-344.500000	,-363.000000	,-336.000000	,-198.000000	,-255.000000	,-378.000000	,-370.000000	,-360.000000	,-370.000000	,-322.000000	,-271.500000	,-248.000000	,-184.500000	,-103.500000	,-12.500000	,6.500000	,11.500000	,14.500000	,9.500000	,-0.500000	,17.500000	,17.500000	,-0.500000	,-1.000000	,-11.000000	,-19.500000	,1.000000	,-16.500000	,-3.000000	,1.500000	,-13.500000	,-23.500000	,4.500000	,1.500000	,-1.000000	,4.000000	,-2.000000	,-10.500000	,10.500000	,0.000000	,-13.000000	,0.000000	,5.500000	,11.500000	,-0.500000	,-5.000000	,1.500000	,3.000000	,-2.000000	,5.000000	,4.000000	,-4.500000	,-8.500000	,-3.000000	,3.500000	,13.000000	,-9.500000	,-14.500000	,-4.000000	,1.000000	,-6.000000	,-9.000000	,-11.000000	,-6.500000	,-13.000000	,-3.000000	,-4.000000	,1.000000	,8.000000	,3.500000	,10.500000	,0.000000	,5.500000	,8.000000	,5.500000	,-4.000000	,0.000000	,0.000000	,6.000000	,12.500000	,9.000000	,-5.500000	,-14.000000	,0.500000	,8.500000	,24.000000	,7.000000	,2.000000	,8.000000	,8.000000	,4.500000	,-20.000000	,-23.000000	,1.500000	,1.500000	,-21.000000	,-0.500000	,6.000000	,-8.500000	,-7.000000	,-6.500000	,-5.000000	,8.000000	,2.500000	,-2.500000	,-4.500000	,-0.500000	,-1.000000	,7.000000	,3.000000	,-4.500000	,-17.500000	,-9.000000	,188.500000	,
-181.500000	,27.500000	,6.000000	,-18.500000	,4.000000	,-1.500000	,-1.500000	,8.000000	,14.500000	,5.500000	,15.000000	,21.500000	,0.000000	,-18.000000	,-23.000000	,-7.000000	,-22.000000	,-8.500000	,-3.500000	,7.500000	,-1.000000	,-1.500000	,-1.500000	,-7.000000	,-9.500000	,4.500000	,16.500000	,18.500000	,-8.500000	,-4.500000	,-4.000000	,-3.000000	,3.000000	,-3.000000	,21.500000	,18.500000	,25.000000	,29.500000	,-5.500000	,-13.000000	,11.000000	,1.500000	,-7.500000	,-7.000000	,-3.500000	,-18.500000	,-2.500000	,3.000000	,5.000000	,-9.000000	,-20.000000	,9.000000	,13.500000	,-7.500000	,1.000000	,1.500000	,16.500000	,10.000000	,14.000000	,-2.500000	,-5.000000	,9.500000	,5.500000	,2.500000	,-5.000000	,-3.500000	,3.500000	,0.000000	,-10.500000	,-22.500000	,-3.500000	,5.000000	,-4.500000	,-12.000000	,-13.000000	,12.000000	,-9.000000	,-7.500000	,-0.500000	,-9.000000	,-17.500000	,10.000000	,-5.000000	,-0.500000	,30.000000	,17.500000	,6.500000	,0.000000	,0.500000	,26.500000	,16.500000	,-2.500000	,0.000000	,6.000000	,3.000000	,0.000000	,0.000000	,-7.500000	,-29.000000	,-59.500000	,-85.500000	,-50.500000	,-51.500000	,-70.500000	,-88.000000	,-70.000000	,-75.500000	,-52.000000	,-62.500000	,-88.500000	,-23.000000	,61.000000	,-38.500000	,-91.000000	,-162.000000	,-105.500000	,-4.000000	,-18.000000	,-55.000000	,-91.500000	,-76.500000	,5.000000	,15.000000	,9.000000	,-29.500000	,-76.000000	,-149.500000	,-255.000000	,-256.500000	,-71.000000	,-28.000000	,-121.500000	,-156.500000	,-231.500000	,-304.000000	,-312.000000	,-324.000000	,-342.000000	,-377.500000	,-346.000000	,-168.500000	,-58.000000	,-65.000000	,-60.000000	,-27.500000	,-5.000000	,2.000000	,-0.500000	,-17.500000	,3.500000	,-9.000000	,6.500000	,10.000000	,-14.000000	,-20.500000	,12.500000	,-1.500000	,-13.500000	,5.000000	,-14.500000	,-20.500000	,-6.000000	,7.500000	,-2.000000	,25.000000	,12.500000	,-1.000000	,-1.000000	,10.000000	,10.500000	,1.500000	,-11.000000	,-7.000000	,6.500000	,6.000000	,-5.500000	,-1.500000	,3.500000	,-2.500000	,-5.000000	,6.500000	,14.000000	,2.000000	,-1.000000	,1.000000	,0.500000	,12.000000	,11.000000	,10.500000	,19.500000	,12.000000	,-6.500000	,-24.500000	,-3.000000	,0.000000	,-4.000000	,2.000000	,-2.000000	,19.500000	,9.500000	,-4.500000	,-2.500000	,0.500000	,-2.000000	,0.000000	,0.000000	,15.500000	,4.500000	,-4.500000	,-1.000000	,-9.000000	,-7.500000	,-0.500000	,7.500000	,7.000000	,15.000000	,25.500000	,7.500000	,-17.000000	,10.000000	,13.000000	,-10.500000	,10.500000	,14.000000	,11.000000	,1.500000	,4.500000	,-1.000000	,3.500000	,6.000000	,10.000000	,-1.500000	,-6.000000	,2.500000	,8.500000	,5.000000	,3.500000	,-3.500000	,-5.500000	,183.000000	,
-196.000000	,-4.500000	,-16.000000	,-13.000000	,13.000000	,-2.000000	,-5.000000	,13.500000	,4.000000	,0.000000	,-3.000000	,18.000000	,6.500000	,-17.000000	,-12.000000	,-12.500000	,-26.500000	,-14.500000	,5.500000	,26.000000	,10.000000	,0.500000	,7.000000	,-4.500000	,-1.500000	,0.000000	,24.500000	,17.500000	,-2.500000	,2.000000	,-0.500000	,2.000000	,9.000000	,3.500000	,0.000000	,-10.000000	,-17.500000	,13.000000	,-2.500000	,-17.500000	,10.000000	,12.000000	,-8.500000	,3.500000	,3.000000	,0.500000	,16.500000	,28.500000	,19.000000	,9.000000	,-10.500000	,5.500000	,-2.000000	,-11.500000	,-21.500000	,11.000000	,15.000000	,15.500000	,4.500000	,-1.000000	,-2.500000	,9.000000	,9.000000	,20.000000	,8.000000	,-6.000000	,14.500000	,19.000000	,12.500000	,-15.000000	,-8.500000	,-1.500000	,7.000000	,-3.000000	,-0.500000	,15.000000	,-8.500000	,-16.500000	,6.500000	,-5.500000	,-10.500000	,8.000000	,-2.000000	,-4.500000	,-4.500000	,-12.000000	,-2.500000	,-12.500000	,0.000000	,3.000000	,0.000000	,-3.000000	,-7.000000	,-23.000000	,-46.500000	,-80.000000	,-47.500000	,-46.000000	,-67.500000	,-75.000000	,-84.500000	,-65.000000	,-35.000000	,-21.000000	,-24.500000	,-6.000000	,4.500000	,23.500000	,9.000000	,-14.500000	,179.000000	,204.000000	,-3.500000	,4.000000	,2.000000	,-1.000000	,22.000000	,5.500000	,0.500000	,6.000000	,10.500000	,5.500000	,8.500000	,3.500000	,18.500000	,38.500000	,49.000000	,7.000000	,20.000000	,31.500000	,29.500000	,20.500000	,52.500000	,12.500000	,1.000000	,-3.500000	,-46.500000	,-115.000000	,-269.000000	,-332.000000	,-143.500000	,-55.000000	,-71.500000	,-91.000000	,-91.000000	,-89.000000	,-55.000000	,-79.500000	,-67.000000	,-15.000000	,-4.500000	,8.500000	,18.000000	,3.500000	,-7.000000	,25.000000	,11.500000	,6.500000	,14.000000	,9.000000	,-4.000000	,1.000000	,-1.500000	,-12.000000	,0.000000	,0.000000	,-4.500000	,-10.500000	,-1.000000	,3.000000	,-2.500000	,-4.000000	,-11.500000	,-1.500000	,4.000000	,-11.000000	,2.000000	,9.500000	,5.000000	,0.000000	,7.500000	,9.500000	,2.000000	,1.500000	,11.000000	,-2.000000	,0.000000	,12.500000	,10.500000	,4.500000	,20.500000	,1.500000	,-24.500000	,-13.500000	,-5.000000	,-1.500000	,-16.000000	,-22.000000	,-14.000000	,3.000000	,-5.000000	,2.500000	,-1.500000	,-6.500000	,-9.000000	,-2.000000	,0.500000	,-16.500000	,1.000000	,-4.000000	,0.000000	,-0.500000	,-3.500000	,-2.500000	,-0.500000	,4.500000	,19.500000	,9.500000	,-4.000000	,12.500000	,13.000000	,-1.000000	,7.000000	,21.000000	,1.000000	,-17.000000	,-10.000000	,1.500000	,8.000000	,3.500000	,-0.500000	,-10.000000	,-7.000000	,0.000000	,-3.000000	,19.500000	,19.500000	,0.500000	,-17.000000	,181.500000	,
-177.500000	,-4.000000	,-9.000000	,4.000000	,14.000000	,-0.500000	,-6.500000	,-2.000000	,-2.500000	,-5.000000	,-7.500000	,-9.000000	,22.500000	,10.500000	,28.500000	,11.500000	,-1.000000	,-5.000000	,-2.000000	,-0.500000	,5.000000	,1.000000	,4.000000	,-4.000000	,-1.000000	,1.500000	,4.500000	,2.500000	,0.500000	,6.500000	,-8.500000	,-21.000000	,-10.000000	,0.000000	,7.000000	,-4.000000	,-11.500000	,21.000000	,9.000000	,-5.000000	,1.500000	,13.000000	,0.500000	,-0.500000	,-2.500000	,10.500000	,-2.500000	,-12.500000	,19.000000	,21.500000	,4.500000	,-10.000000	,-15.000000	,-20.000000	,-25.000000	,-7.000000	,-13.500000	,-9.000000	,-12.000000	,2.000000	,0.000000	,-1.000000	,7.000000	,6.000000	,-9.500000	,-9.500000	,-7.000000	,5.000000	,4.000000	,-5.500000	,10.000000	,7.000000	,17.000000	,5.500000	,5.000000	,15.000000	,-2.000000	,-7.000000	,14.000000	,3.000000	,2.500000	,13.000000	,2.500000	,3.000000	,-4.500000	,-9.500000	,-7.000000	,-13.500000	,0.000000	,-10.500000	,-50.500000	,-56.000000	,-71.000000	,-74.500000	,-65.000000	,-88.000000	,-12.500000	,-20.500000	,2.000000	,-6.500000	,21.000000	,-18.500000	,-13.000000	,29.000000	,24.000000	,-9.000000	,7.500000	,14.000000	,24.000000	,28.000000	,213.000000	,194.000000	,1.500000	,7.500000	,0.000000	,5.000000	,0.000000	,26.500000	,14.500000	,22.000000	,3.500000	,-8.000000	,-2.000000	,-3.000000	,-12.500000	,23.000000	,21.000000	,6.000000	,13.000000	,13.500000	,-25.000000	,-19.000000	,14.000000	,-8.000000	,-4.000000	,33.500000	,23.000000	,19.500000	,-139.000000	,-242.000000	,-54.000000	,8.500000	,-1.500000	,-40.000000	,-85.000000	,-77.000000	,-42.000000	,-69.500000	,-77.000000	,-82.000000	,-28.000000	,0.000000	,16.500000	,1.000000	,-18.500000	,-8.500000	,-11.000000	,12.500000	,20.500000	,19.500000	,2.500000	,3.000000	,0.000000	,-11.500000	,-7.500000	,4.500000	,2.500000	,-4.500000	,-2.000000	,2.000000	,4.000000	,5.500000	,0.500000	,0.500000	,3.500000	,-16.000000	,-13.000000	,-6.000000	,-12.500000	,-6.000000	,-9.000000	,-0.500000	,1.500000	,8.500000	,4.000000	,-5.000000	,0.000000	,-1.000000	,-2.500000	,-3.000000	,18.500000	,16.500000	,0.000000	,-3.000000	,2.500000	,8.000000	,12.000000	,0.000000	,8.500000	,6.500000	,-2.500000	,2.500000	,6.500000	,1.000000	,-4.000000	,9.500000	,-16.500000	,-37.500000	,-1.000000	,3.500000	,7.500000	,4.000000	,-7.000000	,-9.000000	,5.000000	,-8.500000	,3.000000	,-1.500000	,2.500000	,11.500000	,5.500000	,0.000000	,-5.000000	,-0.500000	,-1.000000	,-11.500000	,-30.000000	,-19.500000	,0.000000	,5.000000	,8.000000	,2.000000	,-4.000000	,-1.000000	,-3.000000	,-9.500000	,-11.500000	,7.000000	,2.000000	,185.500000	,
-153.500000	,22.000000	,3.000000	,8.500000	,16.500000	,6.500000	,5.000000	,0.000000	,-11.000000	,1.500000	,8.000000	,13.000000	,-3.000000	,-15.500000	,21.000000	,17.000000	,5.000000	,4.000000	,1.000000	,-1.000000	,-12.500000	,-11.500000	,2.000000	,0.000000	,-0.500000	,3.000000	,10.500000	,4.500000	,-3.000000	,-4.500000	,0.000000	,-15.000000	,-18.000000	,3.000000	,21.500000	,10.000000	,-3.000000	,8.500000	,5.000000	,-4.500000	,1.000000	,1.500000	,11.000000	,-0.500000	,-5.500000	,5.000000	,0.000000	,-8.500000	,-3.500000	,-1.000000	,8.000000	,15.500000	,27.500000	,-2.500000	,-11.000000	,3.000000	,-1.000000	,-11.500000	,-6.500000	,-1.500000	,-5.000000	,-14.500000	,-16.000000	,7.500000	,4.500000	,-0.500000	,0.000000	,9.500000	,1.000000	,-5.000000	,-2.000000	,-11.000000	,8.500000	,5.500000	,3.000000	,21.000000	,13.500000	,6.000000	,-9.000000	,-3.500000	,5.000000	,0.000000	,-4.500000	,7.000000	,6.000000	,-2.000000	,-26.500000	,-33.500000	,-29.000000	,-36.000000	,-54.500000	,-52.500000	,-44.500000	,-22.500000	,-30.000000	,-15.500000	,17.500000	,12.500000	,18.000000	,10.000000	,25.000000	,-10.000000	,-15.000000	,6.000000	,-2.000000	,-30.000000	,-6.000000	,-12.500000	,-1.000000	,46.000000	,233.000000	,144.000000	,-3.000000	,24.000000	,20.000000	,26.000000	,19.000000	,5.000000	,2.500000	,1.500000	,12.500000	,-1.000000	,-11.000000	,-1.000000	,-13.500000	,-16.000000	,-22.500000	,-24.000000	,-8.000000	,10.500000	,-12.000000	,13.000000	,15.500000	,-32.000000	,-29.000000	,16.500000	,29.000000	,40.000000	,-179.500000	,-229.500000	,-39.500000	,-15.500000	,2.000000	,31.500000	,-27.500000	,-9.500000	,0.000000	,-22.500000	,-77.000000	,-85.000000	,-69.500000	,-69.500000	,-63.000000	,-51.000000	,-64.000000	,-41.500000	,-26.500000	,0.000000	,0.500000	,0.500000	,-1.500000	,11.500000	,1.500000	,-18.500000	,-6.000000	,8.500000	,5.500000	,5.000000	,7.500000	,4.500000	,-5.000000	,3.000000	,9.000000	,13.500000	,9.000000	,-8.000000	,-5.500000	,-13.000000	,-14.500000	,4.500000	,-1.500000	,4.500000	,3.500000	,-4.000000	,-5.000000	,-2.000000	,-0.500000	,-9.000000	,3.000000	,0.000000	,8.000000	,13.500000	,12.000000	,11.500000	,9.000000	,12.500000	,30.000000	,8.500000	,-2.000000	,-4.000000	,-16.000000	,-3.500000	,-1.500000	,-7.000000	,2.500000	,40.000000	,4.000000	,-16.500000	,4.000000	,0.500000	,4.500000	,2.500000	,-7.500000	,4.000000	,-1.000000	,-10.500000	,-11.000000	,-34.500000	,-4.000000	,0.500000	,1.000000	,3.000000	,3.500000	,3.000000	,17.500000	,11.000000	,-25.500000	,-28.000000	,2.000000	,12.500000	,6.500000	,6.000000	,7.000000	,-1.000000	,-4.500000	,-7.000000	,6.500000	,3.000000	,13.500000	,198.000000	,
-181.000000	,-4.000000	,0.500000	,-5.000000	,1.500000	,0.000000	,8.500000	,10.000000	,2.500000	,13.500000	,1.500000	,8.500000	,-14.500000	,-19.000000	,-13.000000	,-3.500000	,-0.500000	,8.500000	,7.500000	,17.000000	,-8.500000	,-36.000000	,-4.000000	,0.500000	,0.000000	,-3.000000	,-6.000000	,6.000000	,3.500000	,-7.500000	,-7.000000	,-3.000000	,-14.500000	,6.000000	,10.000000	,-2.000000	,-17.500000	,-13.500000	,5.500000	,2.000000	,0.000000	,-10.000000	,1.000000	,6.000000	,1.000000	,10.500000	,-4.000000	,-21.000000	,7.000000	,7.000000	,13.000000	,20.000000	,27.500000	,11.000000	,12.000000	,16.500000	,5.500000	,-18.500000	,0.000000	,0.000000	,5.500000	,-6.500000	,1.500000	,4.000000	,8.000000	,9.000000	,10.500000	,-4.000000	,-3.000000	,7.000000	,-1.500000	,-18.000000	,-9.500000	,0.000000	,-1.000000	,2.500000	,7.000000	,2.000000	,-14.000000	,-7.500000	,-1.000000	,-36.000000	,-81.500000	,-13.500000	,-43.000000	,-61.000000	,-84.000000	,-72.500000	,-63.500000	,-20.000000	,-14.000000	,4.000000	,4.000000	,19.500000	,-16.500000	,-1.000000	,-6.000000	,-16.000000	,9.000000	,8.000000	,-6.000000	,-17.000000	,-22.500000	,10.000000	,-1.500000	,-18.000000	,12.500000	,-7.500000	,-19.500000	,52.500000	,260.000000	,228.000000	,39.500000	,-26.000000	,-10.500000	,2.000000	,-2.500000	,-2.500000	,-19.500000	,-33.500000	,9.500000	,38.000000	,31.500000	,3.500000	,4.500000	,-32.000000	,-26.000000	,-5.500000	,21.000000	,25.500000	,-12.000000	,0.500000	,13.500000	,-30.500000	,-29.500000	,-6.000000	,10.500000	,41.500000	,-170.000000	,-180.000000	,-1.500000	,-18.000000	,7.000000	,32.000000	,-12.000000	,-9.000000	,-19.500000	,-6.000000	,-45.500000	,-59.500000	,-59.500000	,-81.000000	,-80.000000	,-76.000000	,-62.500000	,-78.000000	,-80.500000	,-55.500000	,-1.000000	,-4.000000	,1.500000	,10.500000	,10.000000	,-3.500000	,0.500000	,0.000000	,1.000000	,1.500000	,-3.500000	,8.000000	,-5.000000	,-22.500000	,-31.500000	,-0.500000	,12.500000	,-5.500000	,-5.500000	,7.000000	,-2.500000	,-7.500000	,-4.500000	,-9.000000	,3.500000	,1.500000	,-6.500000	,5.500000	,0.500000	,-7.000000	,3.000000	,-8.500000	,-34.000000	,-24.000000	,-9.500000	,0.000000	,5.500000	,0.000000	,3.000000	,0.000000	,3.500000	,-1.000000	,-10.500000	,-10.500000	,-12.500000	,-15.000000	,-8.000000	,27.500000	,18.000000	,-8.000000	,-9.000000	,-5.000000	,0.000000	,-0.500000	,-17.000000	,14.500000	,-0.500000	,12.000000	,0.000000	,-13.000000	,-14.000000	,-24.000000	,0.500000	,9.500000	,12.000000	,-8.000000	,8.500000	,37.500000	,6.000000	,-9.500000	,5.500000	,3.500000	,6.000000	,-1.000000	,6.000000	,-0.500000	,-2.500000	,-14.000000	,-15.500000	,-14.000000	,-0.500000	,196.500000	,
-196.000000	,-7.500000	,-6.000000	,-29.000000	,-23.000000	,-5.000000	,-5.000000	,0.500000	,5.500000	,-1.500000	,-0.500000	,27.000000	,14.000000	,6.000000	,-9.500000	,-22.500000	,-18.000000	,-7.000000	,3.500000	,33.000000	,13.000000	,-20.500000	,-14.500000	,0.000000	,3.000000	,0.000000	,-3.000000	,15.500000	,22.500000	,-6.000000	,-8.500000	,4.500000	,-12.000000	,-18.000000	,5.500000	,6.500000	,-3.000000	,-5.500000	,3.000000	,-1.000000	,0.500000	,2.500000	,-12.000000	,-16.000000	,0.500000	,10.500000	,3.500000	,-12.000000	,-2.500000	,7.500000	,0.500000	,-3.000000	,-7.000000	,-9.500000	,-0.500000	,23.000000	,7.500000	,-7.500000	,-2.000000	,-5.500000	,8.500000	,1.000000	,-6.500000	,-4.000000	,-12.000000	,12.000000	,0.000000	,-23.500000	,-2.000000	,16.000000	,11.000000	,0.500000	,-7.000000	,-12.500000	,-2.500000	,0.000000	,14.500000	,6.000000	,-15.000000	,-5.000000	,-32.000000	,-229.500000	,-324.500000	,-154.500000	,-15.000000	,-37.000000	,-47.500000	,-28.500000	,-26.000000	,-2.000000	,2.000000	,-13.500000	,-13.500000	,-17.000000	,-20.500000	,16.000000	,1.500000	,-11.500000	,4.000000	,33.000000	,22.500000	,3.500000	,-21.000000	,12.000000	,14.000000	,-12.000000	,-17.500000	,-11.000000	,-25.500000	,32.500000	,226.000000	,244.000000	,38.500000	,-20.500000	,-30.500000	,-3.500000	,0.500000	,-4.500000	,17.000000	,-10.500000	,-21.500000	,-6.500000	,7.000000	,13.500000	,22.500000	,14.500000	,3.500000	,-21.500000	,8.000000	,0.000000	,-21.000000	,5.500000	,0.500000	,-19.000000	,-5.000000	,-25.500000	,-26.000000	,-28.500000	,-213.000000	,-138.000000	,40.000000	,-15.000000	,17.000000	,24.000000	,20.000000	,15.500000	,29.000000	,11.500000	,-33.000000	,-12.000000	,20.000000	,0.500000	,-28.500000	,-33.500000	,-33.000000	,-60.000000	,-99.000000	,-84.000000	,-86.000000	,-84.000000	,-72.500000	,-12.000000	,10.500000	,1.000000	,2.000000	,-1.500000	,-4.000000	,-1.000000	,-1.000000	,10.000000	,15.500000	,2.500000	,-12.000000	,1.000000	,7.000000	,-2.500000	,7.000000	,13.000000	,-7.000000	,-17.500000	,-12.500000	,-8.000000	,7.500000	,6.000000	,-1.500000	,6.500000	,-4.500000	,-7.000000	,6.000000	,11.000000	,-9.500000	,-5.000000	,-6.000000	,-20.500000	,-10.000000	,-6.500000	,-7.000000	,-1.000000	,1.000000	,10.000000	,5.000000	,11.000000	,5.000000	,3.500000	,-3.000000	,1.000000	,6.500000	,4.000000	,-1.000000	,1.000000	,15.500000	,-0.500000	,-6.500000	,16.000000	,7.500000	,21.000000	,10.000000	,13.500000	,-2.500000	,-16.000000	,1.000000	,2.500000	,1.000000	,-2.500000	,0.500000	,19.000000	,1.000000	,-17.500000	,-0.500000	,-1.500000	,-0.500000	,-12.500000	,0.500000	,-0.500000	,-19.500000	,-7.000000	,-5.500000	,-3.500000	,-11.000000	,186.000000	,
-194.500000	,-2.000000	,17.000000	,-9.000000	,-14.000000	,1.000000	,-5.000000	,-4.000000	,3.000000	,-6.000000	,13.500000	,6.000000	,7.500000	,1.500000	,-0.500000	,-5.500000	,-1.500000	,-12.500000	,-19.000000	,23.000000	,13.500000	,-13.000000	,-37.500000	,-13.000000	,0.000000	,3.000000	,0.000000	,7.000000	,38.000000	,18.500000	,3.500000	,8.000000	,-2.000000	,-6.000000	,2.000000	,5.500000	,1.500000	,7.500000	,-3.000000	,-8.500000	,14.500000	,14.000000	,-2.000000	,-6.500000	,2.000000	,23.000000	,17.000000	,-7.500000	,-18.000000	,-3.500000	,-11.500000	,-10.000000	,-3.000000	,-6.500000	,0.000000	,17.500000	,8.000000	,6.000000	,6.500000	,0.000000	,-9.500000	,-15.500000	,1.500000	,0.000000	,-9.000000	,21.000000	,17.000000	,-14.500000	,-20.000000	,7.000000	,12.000000	,16.000000	,-0.500000	,-14.000000	,-1.500000	,0.000000	,9.000000	,-52.500000	,-183.000000	,-192.500000	,-90.500000	,-253.000000	,-330.500000	,-158.000000	,33.500000	,22.500000	,22.500000	,18.000000	,22.000000	,11.500000	,22.500000	,20.500000	,-5.000000	,-4.500000	,-2.000000	,15.000000	,7.500000	,-25.500000	,-28.500000	,4.500000	,7.000000	,16.000000	,-8.000000	,17.500000	,16.500000	,-2.500000	,-13.500000	,-5.000000	,8.000000	,-3.500000	,171.500000	,226.000000	,33.000000	,-7.500000	,-3.000000	,5.500000	,-9.000000	,-5.000000	,8.500000	,-10.000000	,-36.000000	,-21.000000	,-14.500000	,-7.500000	,4.000000	,13.500000	,6.000000	,-14.500000	,5.500000	,4.000000	,9.500000	,34.500000	,26.500000	,22.500000	,25.000000	,-8.000000	,-2.000000	,-94.500000	,-254.500000	,-110.500000	,10.000000	,-22.500000	,7.500000	,-1.500000	,-3.000000	,3.500000	,23.000000	,4.500000	,-18.500000	,-18.000000	,11.000000	,30.000000	,-1.500000	,-6.000000	,-24.000000	,-8.500000	,-59.000000	,-46.000000	,-60.000000	,-95.000000	,-106.500000	,-88.000000	,-41.000000	,-8.000000	,3.500000	,-6.000000	,-19.500000	,-15.500000	,-12.500000	,-9.000000	,27.500000	,19.500000	,7.500000	,10.000000	,25.500000	,6.500000	,-2.000000	,11.000000	,4.500000	,-5.500000	,1.500000	,-13.500000	,-19.500000	,2.500000	,2.000000	,-2.500000	,0.500000	,-3.000000	,9.000000	,17.000000	,14.000000	,18.000000	,4.500000	,-14.500000	,0.500000	,0.000000	,0.500000	,-2.000000	,-19.000000	,8.000000	,-3.000000	,-3.000000	,5.000000	,11.000000	,3.500000	,-13.500000	,-1.000000	,4.500000	,-5.500000	,-1.500000	,19.500000	,3.000000	,2.000000	,5.000000	,0.500000	,-17.500000	,0.000000	,28.500000	,1.000000	,-26.500000	,-4.000000	,-17.500000	,-6.500000	,7.500000	,0.000000	,1.000000	,-10.500000	,-4.000000	,-3.000000	,2.000000	,4.500000	,-8.500000	,17.000000	,16.000000	,6.500000	,-2.000000	,2.000000	,-6.000000	,3.000000	,192.000000	,
-189.500000	,0.000000	,28.500000	,12.000000	,7.000000	,11.500000	,4.000000	,5.500000	,3.000000	,-1.000000	,-8.000000	,-13.000000	,-1.000000	,-0.500000	,17.000000	,12.000000	,4.500000	,0.000000	,-10.000000	,-9.000000	,19.000000	,3.000000	,-27.000000	,-8.000000	,-12.000000	,-6.000000	,0.000000	,-7.000000	,-4.500000	,1.500000	,-2.500000	,14.000000	,1.000000	,-9.000000	,5.000000	,-5.000000	,-6.500000	,13.000000	,3.000000	,-3.000000	,2.500000	,18.000000	,8.000000	,-1.500000	,-9.500000	,-14.000000	,18.500000	,3.000000	,-3.500000	,-2.000000	,-11.000000	,6.000000	,5.000000	,0.500000	,-2.000000	,-4.000000	,-4.000000	,7.500000	,14.500000	,5.000000	,-12.000000	,-14.000000	,11.000000	,2.500000	,-11.000000	,10.500000	,15.000000	,-11.500000	,-13.000000	,-11.000000	,-7.000000	,14.000000	,1.500000	,-7.500000	,-32.500000	,-75.000000	,-33.500000	,-152.500000	,-257.500000	,-151.500000	,8.000000	,-44.000000	,-275.000000	,-266.500000	,-50.000000	,29.500000	,-7.500000	,-16.500000	,5.500000	,6.500000	,31.500000	,35.000000	,39.500000	,-1.000000	,-16.000000	,-13.000000	,-7.000000	,-16.500000	,-3.500000	,-19.000000	,-22.000000	,-5.000000	,-9.500000	,7.500000	,24.000000	,34.500000	,18.500000	,-0.500000	,0.500000	,-11.500000	,202.000000	,303.000000	,140.500000	,-23.000000	,-11.000000	,3.500000	,-13.000000	,7.000000	,12.000000	,-6.000000	,-8.500000	,0.000000	,3.500000	,-1.000000	,-31.500000	,0.500000	,27.500000	,15.000000	,33.000000	,-15.000000	,-13.000000	,11.500000	,9.500000	,18.500000	,12.000000	,4.000000	,40.000000	,-118.500000	,-237.000000	,-51.000000	,-11.000000	,-24.500000	,10.000000	,-10.500000	,-32.500000	,-33.000000	,-15.000000	,5.000000	,1.000000	,-29.000000	,0.500000	,7.000000	,4.500000	,-9.000000	,-14.500000	,-36.500000	,-37.500000	,-4.500000	,9.000000	,-33.000000	,-67.000000	,-74.500000	,-74.000000	,-72.500000	,-57.000000	,-35.500000	,-10.500000	,2.500000	,-12.500000	,-26.000000	,-10.500000	,-6.500000	,0.000000	,11.000000	,5.000000	,3.000000	,1.000000	,14.000000	,17.000000	,-7.000000	,-9.000000	,-4.500000	,-11.000000	,2.500000	,6.500000	,2.000000	,8.500000	,8.500000	,-4.500000	,-8.000000	,-7.000000	,-10.000000	,-6.000000	,-2.500000	,9.000000	,-0.500000	,17.000000	,-3.000000	,-1.000000	,7.500000	,-6.000000	,-5.500000	,0.000000	,0.500000	,-1.500000	,-5.500000	,-3.000000	,3.500000	,-4.000000	,3.000000	,3.000000	,-5.500000	,-8.500000	,17.000000	,4.500000	,-13.000000	,-15.500000	,-3.500000	,-10.500000	,-16.000000	,8.500000	,-21.500000	,-11.500000	,4.000000	,1.500000	,5.000000	,4.000000	,10.500000	,1.500000	,6.000000	,11.500000	,5.500000	,22.500000	,11.500000	,5.500000	,-5.500000	,-14.000000	,-3.500000	,9.000000	,192.500000	,
-186.500000	,-13.000000	,-5.500000	,5.500000	,1.500000	,-7.500000	,-23.500000	,-20.000000	,-22.500000	,9.500000	,0.000000	,8.000000	,8.500000	,-13.500000	,-7.000000	,-9.000000	,9.000000	,5.500000	,11.000000	,-0.500000	,29.000000	,10.500000	,-5.500000	,4.000000	,-7.000000	,-3.000000	,2.500000	,-7.500000	,-5.000000	,1.000000	,3.000000	,10.500000	,0.000000	,-3.000000	,1.500000	,-16.000000	,-6.500000	,-6.500000	,-7.000000	,-23.500000	,-10.000000	,-6.500000	,-12.500000	,7.000000	,-0.500000	,-14.000000	,-2.500000	,8.000000	,10.000000	,20.000000	,4.500000	,-1.500000	,-3.500000	,1.500000	,1.500000	,-1.000000	,-2.500000	,1.000000	,13.500000	,22.500000	,0.000000	,-6.500000	,5.000000	,2.000000	,-12.500000	,-3.500000	,23.000000	,5.500000	,-6.500000	,-3.500000	,-1.500000	,10.500000	,1.500000	,-27.000000	,-210.000000	,-289.500000	,-139.000000	,-63.500000	,-52.500000	,-5.500000	,23.500000	,-44.000000	,-246.000000	,-271.000000	,-62.500000	,7.000000	,-26.500000	,-23.500000	,-10.500000	,-14.500000	,12.000000	,-9.500000	,-11.500000	,-15.000000	,-22.000000	,-4.500000	,16.500000	,15.500000	,19.500000	,8.000000	,7.500000	,-15.000000	,-27.000000	,-26.500000	,0.000000	,11.500000	,-14.500000	,-19.500000	,-7.000000	,18.000000	,151.500000	,281.000000	,152.000000	,-37.500000	,6.000000	,1.500000	,-37.000000	,5.000000	,53.000000	,-7.000000	,-20.000000	,11.500000	,7.500000	,21.500000	,-8.000000	,-19.500000	,-0.500000	,8.500000	,41.000000	,-1.000000	,-19.000000	,2.000000	,-8.500000	,10.500000	,-8.500000	,23.000000	,41.000000	,-156.000000	,-223.500000	,-6.500000	,-2.000000	,-11.500000	,24.000000	,24.500000	,2.500000	,4.000000	,-32.500000	,-12.000000	,-9.500000	,-17.500000	,-4.500000	,3.000000	,13.000000	,9.500000	,14.500000	,-13.500000	,-26.000000	,-4.000000	,-5.500000	,-10.000000	,-23.500000	,-59.000000	,-64.500000	,-79.000000	,-83.500000	,-57.000000	,-24.000000	,15.000000	,8.500000	,-11.500000	,-20.500000	,-3.500000	,-2.000000	,0.500000	,-2.500000	,2.500000	,6.000000	,12.000000	,12.500000	,-10.500000	,-4.000000	,7.500000	,-5.500000	,-3.500000	,0.000000	,-7.500000	,5.500000	,18.000000	,7.500000	,7.000000	,7.500000	,0.000000	,-4.000000	,-5.500000	,-23.500000	,-14.000000	,8.000000	,-11.000000	,10.000000	,11.500000	,-8.500000	,4.500000	,5.000000	,2.000000	,-12.500000	,-19.500000	,0.500000	,9.500000	,0.500000	,5.000000	,5.000000	,-15.500000	,-24.000000	,10.500000	,-1.500000	,8.500000	,-5.500000	,7.500000	,1.000000	,7.000000	,8.000000	,-8.500000	,-9.500000	,6.000000	,8.500000	,-8.000000	,-5.500000	,1.000000	,-2.000000	,-0.500000	,-9.500000	,-8.500000	,0.000000	,9.500000	,13.500000	,7.000000	,-7.000000	,-8.000000	,2.000000	,190.000000	,
-189.500000	,-15.000000	,-10.500000	,-19.500000	,-14.500000	,-10.000000	,-8.000000	,-27.500000	,-30.000000	,14.000000	,-0.500000	,16.500000	,1.500000	,-22.500000	,3.500000	,5.500000	,-5.000000	,-7.000000	,4.000000	,-2.000000	,1.500000	,-7.000000	,1.000000	,1.500000	,-8.000000	,4.500000	,7.500000	,-7.500000	,-1.000000	,-10.000000	,0.500000	,18.000000	,5.000000	,1.500000	,4.000000	,1.500000	,5.500000	,-1.500000	,1.500000	,-11.500000	,-9.500000	,-12.000000	,-4.000000	,13.500000	,12.000000	,3.000000	,-5.000000	,7.500000	,15.000000	,3.000000	,-11.000000	,-24.500000	,-26.000000	,-5.500000	,2.500000	,-7.000000	,1.500000	,3.500000	,3.000000	,-8.000000	,8.500000	,1.000000	,1.000000	,-5.500000	,-14.000000	,-8.500000	,10.500000	,3.000000	,5.500000	,4.500000	,0.500000	,-109.000000	,-240.500000	,-91.500000	,-167.000000	,-138.500000	,-41.000000	,8.000000	,-17.500000	,-38.000000	,24.000000	,13.000000	,-154.000000	,-289.500000	,-166.500000	,6.000000	,-14.000000	,16.000000	,-14.500000	,-42.500000	,-5.000000	,-3.500000	,23.500000	,10.000000	,23.500000	,14.000000	,-3.500000	,2.500000	,14.000000	,18.000000	,22.500000	,1.000000	,-9.000000	,-25.000000	,-5.000000	,0.000000	,-14.500000	,4.000000	,-2.500000	,24.500000	,44.500000	,216.000000	,116.000000	,-28.500000	,24.500000	,18.500000	,-35.000000	,-15.000000	,39.000000	,14.000000	,18.500000	,-5.000000	,-9.500000	,30.500000	,-17.000000	,-23.500000	,-34.500000	,-18.000000	,3.000000	,-15.500000	,-10.500000	,10.000000	,14.000000	,5.500000	,2.000000	,-2.500000	,15.500000	,-204.500000	,-219.000000	,3.500000	,-33.500000	,-24.000000	,18.500000	,26.000000	,24.000000	,31.500000	,-1.000000	,-14.500000	,-15.500000	,-22.000000	,-16.000000	,20.000000	,14.500000	,32.000000	,42.500000	,29.000000	,19.500000	,27.000000	,13.000000	,1.500000	,-25.000000	,-11.500000	,10.000000	,18.500000	,-36.000000	,-90.500000	,-101.500000	,-80.000000	,-102.000000	,-191.000000	,-79.500000	,-8.000000	,-17.500000	,-2.000000	,-8.500000	,-2.500000	,1.000000	,-4.500000	,12.000000	,11.500000	,-3.500000	,5.500000	,-7.500000	,-15.500000	,-2.500000	,-2.500000	,3.000000	,-2.000000	,-6.000000	,17.000000	,25.500000	,10.500000	,9.500000	,14.500000	,-8.000000	,1.500000	,4.500000	,-7.000000	,3.500000	,-11.000000	,-16.000000	,-4.000000	,-1.000000	,0.500000	,-7.500000	,-12.000000	,-13.500000	,-5.000000	,-6.000000	,-7.500000	,13.500000	,1.500000	,-11.500000	,-27.500000	,-15.500000	,26.000000	,13.500000	,1.500000	,11.000000	,17.000000	,7.000000	,-1.500000	,-10.000000	,4.500000	,8.500000	,-4.500000	,-8.000000	,1.500000	,-4.500000	,-17.000000	,-1.500000	,-3.500000	,-5.500000	,6.000000	,14.500000	,2.500000	,0.000000	,-11.500000	,-17.000000	,185.000000	,
-179.500000	,-5.000000	,-8.000000	,-7.000000	,-2.500000	,8.500000	,28.000000	,6.500000	,-9.500000	,-13.000000	,-5.500000	,20.500000	,16.000000	,2.000000	,-4.000000	,2.500000	,4.000000	,-5.000000	,5.000000	,13.000000	,7.000000	,-16.000000	,-27.000000	,-4.500000	,-10.000000	,12.500000	,4.500000	,0.000000	,-5.500000	,-17.500000	,-4.000000	,-4.000000	,0.000000	,15.000000	,11.000000	,22.500000	,11.000000	,16.500000	,20.500000	,11.500000	,10.500000	,-7.000000	,-10.000000	,0.000000	,16.000000	,9.500000	,-1.500000	,-9.500000	,3.500000	,5.000000	,5.000000	,-1.500000	,-13.500000	,-11.000000	,-7.000000	,-7.500000	,-9.500000	,13.000000	,0.000000	,-18.500000	,-12.000000	,-1.500000	,6.000000	,5.000000	,-10.500000	,-8.500000	,4.500000	,-5.500000	,-18.500000	,-46.500000	,-100.500000	,-246.000000	,-190.000000	,-14.000000	,38.000000	,38.500000	,11.000000	,35.000000	,-17.500000	,-14.000000	,32.500000	,17.000000	,-129.000000	,-276.500000	,-187.500000	,40.000000	,-9.500000	,19.500000	,6.500000	,-25.500000	,-9.500000	,11.500000	,-2.500000	,7.000000	,-3.000000	,-14.000000	,6.000000	,-26.500000	,-9.500000	,13.500000	,18.000000	,22.000000	,15.500000	,-2.500000	,11.000000	,15.000000	,-0.500000	,-14.000000	,-12.500000	,16.000000	,125.500000	,263.000000	,91.000000	,-4.500000	,32.500000	,20.000000	,-34.500000	,-24.000000	,2.000000	,-0.500000	,7.500000	,-10.000000	,-23.500000	,4.500000	,0.000000	,2.500000	,-10.500000	,-8.000000	,-4.500000	,-11.500000	,-15.500000	,-5.000000	,4.500000	,-14.500000	,-3.000000	,-10.000000	,12.500000	,-199.500000	,-180.500000	,17.500000	,-2.000000	,-32.000000	,-12.500000	,-1.500000	,-3.000000	,5.500000	,27.000000	,17.000000	,26.500000	,-7.500000	,-23.500000	,4.000000	,-14.500000	,-8.500000	,12.000000	,12.000000	,2.500000	,10.000000	,9.500000	,13.000000	,9.500000	,-6.000000	,-10.500000	,6.000000	,-3.000000	,-28.000000	,-59.500000	,-11.000000	,-113.500000	,-341.000000	,-301.000000	,-221.000000	,-117.500000	,2.500000	,-2.000000	,0.000000	,10.000000	,10.000000	,9.500000	,4.000000	,-4.000000	,14.500000	,5.500000	,-7.500000	,-7.000000	,-14.500000	,-1.500000	,-9.500000	,-4.500000	,5.000000	,2.000000	,-2.000000	,12.000000	,27.000000	,8.500000	,10.500000	,7.000000	,0.000000	,7.500000	,-16.000000	,-20.000000	,6.000000	,8.000000	,14.500000	,12.500000	,-4.500000	,-13.000000	,3.500000	,2.000000	,1.500000	,18.500000	,21.000000	,16.000000	,-26.500000	,-26.500000	,16.000000	,11.500000	,1.000000	,17.500000	,13.000000	,11.000000	,8.500000	,-1.500000	,0.000000	,11.500000	,7.000000	,-8.500000	,2.500000	,13.500000	,6.500000	,8.000000	,-9.000000	,-12.000000	,0.000000	,0.000000	,-0.500000	,14.000000	,3.000000	,-14.500000	,183.000000	,
-178.000000	,12.000000	,18.000000	,24.000000	,15.500000	,12.000000	,16.000000	,-1.500000	,-21.000000	,-13.000000	,-20.500000	,19.500000	,12.500000	,-5.000000	,-16.000000	,2.000000	,8.500000	,2.500000	,15.000000	,19.500000	,15.000000	,-11.500000	,-11.500000	,-11.500000	,-10.500000	,2.500000	,0.500000	,6.500000	,3.000000	,-13.000000	,-9.000000	,4.000000	,4.000000	,0.000000	,2.000000	,-7.500000	,-14.500000	,-4.000000	,-7.000000	,15.000000	,1.500000	,-25.500000	,-13.000000	,2.000000	,0.000000	,6.500000	,0.500000	,-5.500000	,-0.500000	,-1.500000	,22.500000	,14.000000	,-8.000000	,-23.000000	,4.000000	,0.500000	,-6.000000	,24.500000	,18.500000	,3.000000	,-5.000000	,11.000000	,11.500000	,7.000000	,4.000000	,-0.500000	,-28.500000	,-132.000000	,-175.000000	,-151.000000	,-60.000000	,-29.000000	,-5.000000	,-13.000000	,17.500000	,7.000000	,-2.500000	,36.500000	,-1.000000	,6.000000	,17.000000	,-12.000000	,-29.000000	,-229.000000	,-250.000000	,-43.000000	,6.000000	,-5.000000	,8.500000	,9.500000	,-2.000000	,4.000000	,-22.000000	,-2.500000	,-3.000000	,18.500000	,0.000000	,-32.500000	,-20.000000	,5.000000	,-16.500000	,-17.500000	,4.500000	,1.500000	,15.500000	,6.500000	,-6.500000	,-19.500000	,-1.000000	,-8.000000	,135.000000	,308.500000	,173.000000	,8.000000	,2.500000	,-32.500000	,-28.500000	,-6.500000	,-10.500000	,-5.500000	,29.000000	,4.500000	,7.000000	,-6.000000	,9.500000	,21.500000	,25.000000	,19.500000	,-9.500000	,-4.000000	,2.000000	,8.000000	,-18.500000	,-1.000000	,14.500000	,-1.000000	,-18.500000	,-221.500000	,-128.000000	,45.000000	,29.000000	,4.000000	,-2.500000	,-1.500000	,-20.000000	,-17.500000	,-17.000000	,1.000000	,34.500000	,17.000000	,-18.000000	,-18.000000	,-33.500000	,-45.500000	,-4.000000	,-5.000000	,-15.500000	,-23.000000	,-4.500000	,-30.000000	,-4.500000	,-9.500000	,-31.500000	,-18.000000	,16.000000	,28.000000	,10.500000	,89.000000	,-101.000000	,-275.500000	,-328.500000	,-375.000000	,-287.000000	,-87.000000	,-45.000000	,0.000000	,12.500000	,5.000000	,1.500000	,-1.500000	,-14.500000	,-9.500000	,4.000000	,-10.000000	,-4.000000	,-12.000000	,8.000000	,-0.500000	,-9.500000	,-16.000000	,-6.500000	,-17.000000	,-2.000000	,8.000000	,3.000000	,-6.000000	,-13.500000	,-7.500000	,14.500000	,-7.000000	,0.500000	,15.000000	,12.000000	,1.000000	,15.500000	,4.500000	,-10.000000	,6.000000	,3.500000	,2.000000	,-1.000000	,26.500000	,34.000000	,0.000000	,-13.500000	,0.000000	,1.000000	,-0.500000	,-1.000000	,-4.000000	,-6.500000	,4.500000	,-8.000000	,-5.000000	,-2.000000	,7.500000	,-2.500000	,-3.000000	,-17.500000	,-13.500000	,-5.000000	,-3.000000	,-0.500000	,4.500000	,-2.500000	,-14.000000	,21.000000	,20.000000	,4.000000	,190.000000	,
-176.500000	,8.500000	,8.500000	,14.000000	,15.000000	,7.500000	,16.000000	,14.000000	,1.000000	,-4.500000	,-20.500000	,-15.500000	,-16.000000	,3.500000	,-5.500000	,-12.000000	,0.000000	,-2.000000	,-4.000000	,1.500000	,21.000000	,13.000000	,-4.500000	,2.500000	,-0.500000	,1.500000	,0.000000	,8.500000	,9.500000	,3.500000	,-0.500000	,0.000000	,-2.500000	,-4.000000	,-7.000000	,-37.000000	,-9.000000	,-2.000000	,-5.500000	,11.500000	,11.500000	,-16.500000	,-6.500000	,-2.000000	,0.000000	,3.000000	,-12.500000	,6.000000	,4.500000	,-14.500000	,-18.500000	,8.000000	,-2.500000	,-10.500000	,7.000000	,3.000000	,-13.000000	,-12.500000	,9.500000	,11.500000	,6.000000	,7.500000	,7.000000	,-8.500000	,5.500000	,-38.500000	,-163.000000	,-238.500000	,-152.000000	,3.000000	,-14.500000	,-25.000000	,-19.000000	,-18.000000	,12.000000	,-16.500000	,-17.000000	,-11.000000	,-2.500000	,-7.500000	,11.500000	,-6.500000	,1.000000	,-206.500000	,-317.500000	,-173.500000	,-12.500000	,-7.000000	,-9.000000	,-22.000000	,9.500000	,0.000000	,-6.500000	,-2.000000	,-18.000000	,6.500000	,25.500000	,3.000000	,-13.500000	,6.500000	,-3.500000	,-8.000000	,9.000000	,-2.000000	,13.000000	,27.500000	,9.000000	,-7.500000	,2.000000	,-17.000000	,99.500000	,264.000000	,197.500000	,16.000000	,13.000000	,-27.000000	,-34.000000	,-0.500000	,-5.500000	,7.000000	,31.000000	,16.000000	,10.500000	,-18.500000	,3.500000	,14.500000	,10.500000	,-4.500000	,-29.000000	,-5.000000	,21.000000	,21.500000	,-4.500000	,0.000000	,7.000000	,4.000000	,-34.500000	,-214.000000	,-102.500000	,20.500000	,21.000000	,17.000000	,15.000000	,36.000000	,21.500000	,-9.000000	,-41.000000	,-34.000000	,-10.000000	,-9.000000	,3.000000	,25.500000	,-10.500000	,-27.000000	,7.500000	,19.500000	,21.500000	,16.500000	,19.500000	,-16.500000	,-4.000000	,16.000000	,4.500000	,-15.000000	,-10.000000	,3.500000	,88.000000	,89.000000	,-35.000000	,-36.000000	,-87.500000	,-302.000000	,-396.000000	,-357.000000	,-326.500000	,-180.500000	,0.000000	,-2.000000	,-3.500000	,2.000000	,-2.500000	,0.500000	,1.500000	,10.000000	,8.000000	,3.500000	,6.000000	,9.500000	,-2.000000	,-9.000000	,-10.000000	,-12.500000	,-4.500000	,-11.000000	,-4.500000	,3.500000	,0.500000	,-1.500000	,19.500000	,-2.500000	,-6.000000	,-8.500000	,-3.500000	,1.500000	,14.000000	,0.500000	,-5.500000	,-18.000000	,-20.000000	,-5.000000	,0.000000	,15.000000	,26.500000	,8.500000	,-8.000000	,-4.000000	,-2.500000	,-2.000000	,-0.500000	,-11.000000	,-11.500000	,-18.500000	,-13.000000	,-10.500000	,-8.000000	,6.000000	,10.500000	,-18.500000	,-19.000000	,10.500000	,-10.500000	,-13.000000	,4.000000	,12.000000	,-2.000000	,-15.500000	,0.000000	,-1.000000	,-3.500000	,177.000000	,
-190.500000	,-1.500000	,-2.500000	,-8.500000	,-10.000000	,-5.000000	,19.000000	,10.000000	,14.000000	,10.000000	,0.500000	,4.500000	,6.000000	,13.000000	,1.500000	,-8.000000	,-2.000000	,0.000000	,4.500000	,11.000000	,-2.500000	,14.000000	,5.000000	,9.000000	,0.500000	,12.000000	,-7.500000	,-24.500000	,2.500000	,4.000000	,0.000000	,-5.500000	,-16.000000	,16.500000	,23.000000	,-9.500000	,-6.000000	,-13.000000	,1.000000	,26.000000	,20.500000	,0.000000	,0.000000	,-4.500000	,1.000000	,2.000000	,-8.000000	,18.500000	,13.500000	,-5.000000	,-2.500000	,18.500000	,4.500000	,-12.000000	,-5.000000	,8.500000	,-5.500000	,-15.500000	,-16.500000	,-20.500000	,-4.000000	,16.000000	,8.000000	,-24.000000	,-66.000000	,-127.000000	,-107.500000	,-87.500000	,6.500000	,33.000000	,7.500000	,-1.000000	,-35.500000	,-29.000000	,5.000000	,-3.000000	,-12.000000	,8.500000	,6.500000	,5.000000	,8.000000	,-18.000000	,4.500000	,-69.000000	,-289.500000	,-285.000000	,-47.000000	,28.500000	,-23.000000	,-30.000000	,0.000000	,3.000000	,-6.500000	,-23.500000	,-9.500000	,-13.000000	,18.000000	,1.500000	,-7.000000	,27.500000	,34.000000	,1.000000	,-9.000000	,-12.000000	,-10.000000	,-0.500000	,-13.000000	,-3.000000	,-11.000000	,-20.000000	,-12.000000	,191.000000	,193.000000	,19.500000	,43.500000	,6.500000	,-31.000000	,-19.500000	,-26.000000	,-18.000000	,-15.500000	,1.500000	,-7.000000	,-19.000000	,6.500000	,-0.500000	,2.000000	,7.000000	,-16.000000	,-24.500000	,17.500000	,23.000000	,1.500000	,2.500000	,-31.000000	,0.000000	,-108.500000	,-233.000000	,-60.000000	,16.000000	,1.000000	,-7.500000	,-3.500000	,23.500000	,31.500000	,24.500000	,2.500000	,-18.000000	,2.500000	,0.500000	,9.000000	,17.500000	,-12.500000	,-14.000000	,-9.500000	,0.000000	,-18.000000	,-2.000000	,21.500000	,7.000000	,0.000000	,0.500000	,-8.500000	,-22.500000	,-13.000000	,15.500000	,175.000000	,129.000000	,-5.000000	,-10.500000	,16.000000	,-132.000000	,-234.500000	,-285.500000	,-405.000000	,-380.000000	,-227.500000	,-157.000000	,-67.500000	,15.500000	,-3.000000	,5.000000	,2.500000	,-5.000000	,-1.000000	,0.000000	,-4.000000	,11.000000	,13.500000	,18.000000	,3.000000	,-2.500000	,-5.000000	,0.000000	,2.500000	,17.500000	,10.500000	,9.500000	,4.000000	,1.500000	,3.000000	,-3.000000	,-1.500000	,-6.500000	,-10.000000	,6.000000	,6.500000	,-14.000000	,-9.000000	,-7.000000	,-4.000000	,-3.000000	,-1.000000	,8.000000	,3.000000	,3.000000	,1.000000	,-2.000000	,0.000000	,1.500000	,-6.500000	,-3.500000	,1.000000	,-4.000000	,1.000000	,7.000000	,32.000000	,13.000000	,12.500000	,26.500000	,3.500000	,-23.500000	,-18.500000	,13.000000	,0.500000	,-11.000000	,0.000000	,-9.000000	,-20.000000	,183.000000	,
-192.500000	,-4.500000	,5.000000	,-2.000000	,-8.000000	,-20.500000	,-22.000000	,-32.000000	,-15.500000	,2.000000	,19.000000	,6.500000	,-9.500000	,12.000000	,4.000000	,-9.500000	,-3.000000	,-4.500000	,13.000000	,6.500000	,5.000000	,2.000000	,2.000000	,-1.000000	,-4.000000	,13.500000	,5.000000	,-14.000000	,-7.500000	,0.000000	,8.000000	,4.000000	,-7.500000	,34.000000	,22.500000	,9.000000	,-2.500000	,-10.500000	,-4.500000	,10.000000	,6.500000	,1.000000	,-7.000000	,-19.000000	,12.500000	,12.000000	,2.000000	,-0.500000	,-1.500000	,-2.000000	,14.500000	,0.500000	,-4.000000	,-3.000000	,4.000000	,13.500000	,-3.000000	,-0.500000	,-2.000000	,-9.500000	,-6.500000	,-69.500000	,-145.000000	,-84.500000	,-79.000000	,-16.000000	,7.000000	,-21.500000	,-33.000000	,25.000000	,36.500000	,33.500000	,-14.000000	,-5.500000	,33.000000	,10.500000	,-17.500000	,6.000000	,17.500000	,20.500000	,-12.500000	,-19.500000	,-12.500000	,-47.000000	,-187.000000	,-290.500000	,-117.000000	,32.000000	,22.500000	,17.000000	,6.000000	,-10.000000	,-5.500000	,3.500000	,-4.000000	,-38.500000	,-3.500000	,-0.500000	,-15.000000	,-5.000000	,9.500000	,0.000000	,-11.000000	,-17.500000	,-21.000000	,-20.000000	,3.500000	,30.000000	,18.000000	,3.500000	,8.000000	,205.500000	,160.500000	,-1.000000	,54.500000	,23.000000	,8.000000	,3.000000	,-8.000000	,0.500000	,-11.000000	,-0.500000	,4.000000	,-11.500000	,-9.000000	,2.000000	,-20.500000	,-30.500000	,-17.500000	,-14.500000	,17.500000	,9.500000	,5.500000	,16.000000	,-15.000000	,1.000000	,-144.000000	,-231.000000	,-38.000000	,1.500000	,0.000000	,-28.500000	,-9.000000	,13.500000	,35.000000	,39.000000	,19.500000	,19.000000	,38.500000	,13.500000	,-8.500000	,-1.500000	,-10.000000	,8.000000	,-9.500000	,-10.000000	,-33.000000	,-27.000000	,-2.500000	,-7.000000	,2.500000	,0.500000	,-7.500000	,-12.000000	,19.500000	,66.000000	,60.000000	,35.000000	,-7.500000	,-8.000000	,23.500000	,18.500000	,8.500000	,-1.000000	,-229.000000	,-343.500000	,-356.000000	,-369.500000	,-221.000000	,-36.000000	,-3.000000	,-1.500000	,-0.500000	,-8.500000	,-6.500000	,3.000000	,0.000000	,0.500000	,13.000000	,7.000000	,-2.000000	,6.000000	,-0.500000	,9.500000	,-5.500000	,-15.500000	,-7.000000	,4.000000	,5.000000	,12.000000	,10.500000	,1.500000	,4.000000	,5.000000	,-6.000000	,17.500000	,21.000000	,7.500000	,1.500000	,-9.000000	,-4.000000	,-8.500000	,2.000000	,5.000000	,-9.000000	,-16.000000	,6.500000	,8.000000	,-1.000000	,-13.000000	,-20.000000	,10.500000	,6.000000	,-2.500000	,-9.000000	,11.000000	,17.000000	,7.000000	,-0.500000	,16.500000	,11.000000	,-1.000000	,-10.000000	,7.000000	,-6.500000	,-10.500000	,11.500000	,3.000000	,-6.000000	,194.000000	,
-191.000000	,0.500000	,12.000000	,13.000000	,15.500000	,6.500000	,4.500000	,-8.000000	,-6.500000	,-7.000000	,6.500000	,-5.000000	,-11.500000	,4.000000	,-4.000000	,-19.000000	,-4.000000	,-23.000000	,-14.500000	,7.000000	,0.000000	,-7.500000	,-10.500000	,-7.000000	,-2.000000	,25.000000	,24.000000	,1.000000	,-6.500000	,-7.500000	,6.000000	,6.500000	,-8.000000	,-6.000000	,7.000000	,19.000000	,7.500000	,-2.500000	,-1.500000	,-4.500000	,-9.000000	,-4.000000	,-5.000000	,-6.000000	,-0.500000	,-4.500000	,-4.000000	,9.500000	,-0.500000	,3.500000	,7.500000	,6.500000	,4.000000	,2.500000	,0.500000	,2.500000	,-3.500000	,19.500000	,13.500000	,-11.000000	,-73.000000	,-288.500000	,-246.500000	,-45.500000	,-13.000000	,22.500000	,38.000000	,7.500000	,-32.500000	,-29.500000	,1.000000	,21.000000	,-23.000000	,-23.000000	,-3.500000	,-23.500000	,-11.000000	,1.500000	,4.500000	,28.500000	,15.500000	,10.500000	,-6.000000	,27.500000	,-111.500000	,-300.500000	,-228.500000	,1.000000	,14.500000	,3.500000	,4.000000	,10.500000	,13.000000	,23.500000	,5.000000	,4.000000	,16.000000	,11.500000	,-10.500000	,-4.500000	,26.500000	,3.000000	,4.000000	,-6.500000	,-25.500000	,-12.000000	,2.500000	,7.000000	,23.500000	,13.000000	,36.000000	,250.500000	,221.500000	,53.500000	,26.500000	,9.000000	,9.500000	,0.000000	,8.000000	,17.500000	,-6.000000	,-23.000000	,-28.000000	,-2.000000	,-14.000000	,17.500000	,5.000000	,6.500000	,-11.000000	,-22.000000	,5.000000	,-13.000000	,11.000000	,8.000000	,-9.500000	,31.500000	,-160.000000	,-216.000000	,-16.500000	,2.500000	,1.500000	,-9.500000	,-4.500000	,-9.000000	,-9.000000	,45.000000	,15.500000	,-8.000000	,4.000000	,37.500000	,28.500000	,-13.000000	,-36.000000	,-19.500000	,-9.000000	,-6.000000	,9.000000	,6.500000	,-22.000000	,4.000000	,11.500000	,8.500000	,-10.000000	,-39.000000	,72.500000	,154.000000	,30.000000	,-2.000000	,22.000000	,50.000000	,39.500000	,14.000000	,-9.500000	,21.500000	,-43.500000	,-69.500000	,-154.000000	,-353.000000	,-414.000000	,-321.500000	,-129.500000	,9.000000	,5.500000	,-1.500000	,-14.000000	,-11.500000	,1.500000	,-12.500000	,-13.000000	,-6.500000	,-7.500000	,-8.000000	,-19.000000	,9.000000	,5.500000	,-6.000000	,-17.000000	,-25.000000	,1.000000	,0.000000	,1.500000	,0.000000	,14.500000	,8.500000	,0.000000	,5.500000	,-11.500000	,1.500000	,-6.500000	,-12.500000	,-7.500000	,-10.000000	,-3.500000	,7.000000	,-9.000000	,-31.000000	,3.000000	,6.500000	,-0.500000	,-2.000000	,-8.000000	,7.500000	,10.000000	,-1.000000	,-2.500000	,-4.500000	,-15.000000	,0.500000	,2.000000	,0.500000	,11.500000	,12.000000	,2.000000	,14.500000	,3.000000	,-3.500000	,26.500000	,8.500000	,2.000000	,195.000000	,
-188.500000	,0.000000	,0.000000	,15.000000	,21.000000	,31.500000	,25.000000	,17.000000	,3.000000	,0.000000	,17.000000	,6.500000	,-5.500000	,9.000000	,2.000000	,1.000000	,18.000000	,-6.500000	,-23.000000	,-4.000000	,3.000000	,-4.500000	,-8.500000	,-12.500000	,-2.000000	,-4.000000	,5.000000	,1.500000	,3.500000	,-1.000000	,-2.000000	,4.000000	,-3.500000	,-1.500000	,-2.500000	,-2.000000	,2.500000	,-5.500000	,-11.500000	,4.000000	,4.500000	,11.000000	,-6.000000	,0.500000	,3.500000	,3.000000	,9.500000	,16.000000	,8.000000	,-4.000000	,-0.500000	,0.000000	,0.000000	,1.000000	,13.000000	,3.500000	,-17.500000	,-5.500000	,-58.000000	,-110.000000	,-56.000000	,-146.500000	,-51.500000	,-6.500000	,-21.500000	,2.000000	,12.500000	,14.000000	,7.000000	,-47.500000	,-19.000000	,10.000000	,-16.500000	,-3.000000	,5.500000	,-9.500000	,10.000000	,7.500000	,-2.000000	,20.500000	,-7.500000	,5.500000	,-15.500000	,7.500000	,-50.000000	,-233.500000	,-253.000000	,-42.000000	,8.500000	,13.000000	,4.500000	,20.500000	,12.000000	,22.500000	,25.000000	,16.000000	,12.000000	,9.000000	,-2.000000	,1.000000	,14.000000	,23.000000	,40.500000	,28.500000	,-23.000000	,-40.000000	,-29.000000	,-6.500000	,-14.000000	,-5.500000	,41.000000	,236.000000	,256.000000	,75.000000	,23.000000	,-13.000000	,-7.500000	,1.500000	,7.000000	,22.000000	,9.500000	,-14.500000	,9.000000	,4.000000	,4.500000	,34.500000	,19.500000	,19.000000	,-14.000000	,-19.000000	,5.000000	,-14.500000	,4.500000	,6.500000	,-35.500000	,-32.500000	,-211.500000	,-161.500000	,16.000000	,4.500000	,-4.500000	,-3.500000	,-19.000000	,-37.000000	,-36.000000	,16.500000	,13.000000	,-15.000000	,-9.000000	,15.500000	,26.500000	,-2.500000	,-16.500000	,3.000000	,3.500000	,-1.500000	,10.500000	,8.500000	,6.500000	,5.500000	,9.000000	,9.500000	,22.000000	,-19.500000	,144.500000	,225.500000	,28.500000	,-37.000000	,-12.000000	,28.000000	,14.000000	,-22.000000	,8.000000	,-7.500000	,-34.500000	,2.000000	,10.000000	,-140.500000	,-324.000000	,-436.500000	,-374.000000	,-294.000000	,-202.000000	,-35.000000	,-9.500000	,-14.000000	,-0.500000	,-19.500000	,5.500000	,6.000000	,3.500000	,-7.500000	,-11.500000	,15.000000	,16.000000	,19.500000	,-4.500000	,-18.000000	,2.000000	,1.000000	,-2.500000	,-18.500000	,-13.000000	,-8.500000	,-6.000000	,-9.000000	,-13.500000	,11.500000	,6.500000	,5.000000	,-2.000000	,-1.500000	,0.000000	,24.000000	,5.500000	,-16.000000	,7.500000	,28.500000	,24.500000	,12.500000	,2.500000	,1.500000	,10.000000	,-1.000000	,12.500000	,2.500000	,-13.500000	,-9.000000	,10.500000	,2.000000	,-1.000000	,4.000000	,6.000000	,15.500000	,7.500000	,5.000000	,8.000000	,-0.500000	,-9.000000	,187.000000	,
-192.000000	,-0.500000	,0.000000	,-5.500000	,-4.000000	,10.500000	,1.500000	,0.500000	,-5.500000	,-4.000000	,4.500000	,2.000000	,-4.500000	,16.000000	,4.500000	,5.000000	,26.000000	,5.000000	,-8.000000	,-7.500000	,11.000000	,15.000000	,4.500000	,-13.000000	,-23.000000	,-5.000000	,-14.500000	,-17.000000	,8.000000	,-1.000000	,-9.000000	,9.500000	,1.500000	,-6.000000	,-6.000000	,-0.500000	,2.500000	,-19.000000	,-10.000000	,11.000000	,18.500000	,0.000000	,-10.000000	,0.000000	,4.000000	,7.500000	,3.500000	,0.000000	,0.000000	,-20.000000	,-21.500000	,-9.000000	,-14.500000	,-3.500000	,20.000000	,5.500000	,-30.500000	,-79.000000	,-144.000000	,-21.000000	,48.500000	,42.500000	,46.500000	,10.500000	,-2.500000	,4.500000	,-25.000000	,8.500000	,33.500000	,-12.500000	,-0.500000	,5.000000	,-3.500000	,19.000000	,-4.000000	,-30.500000	,-12.000000	,1.000000	,-5.500000	,0.000000	,21.500000	,-14.000000	,-22.000000	,-7.000000	,23.000000	,-181.500000	,-317.500000	,-157.500000	,16.500000	,7.000000	,-10.500000	,-22.000000	,-23.500000	,-6.500000	,-5.500000	,-7.500000	,6.000000	,-15.000000	,-10.500000	,-0.500000	,11.500000	,-4.000000	,19.500000	,46.500000	,13.000000	,-7.000000	,17.500000	,26.000000	,-22.000000	,-12.500000	,-24.000000	,141.000000	,221.500000	,51.000000	,8.500000	,-14.500000	,-10.000000	,-3.500000	,20.000000	,17.500000	,3.000000	,-19.500000	,5.500000	,8.500000	,-7.500000	,-13.000000	,-10.000000	,19.000000	,2.500000	,12.000000	,3.000000	,-26.000000	,17.000000	,28.500000	,1.500000	,-47.000000	,-206.500000	,-97.000000	,34.500000	,-2.000000	,6.000000	,-1.500000	,4.500000	,-31.500000	,-29.500000	,-17.000000	,1.500000	,13.000000	,1.500000	,3.500000	,25.000000	,37.000000	,28.500000	,39.000000	,25.000000	,-12.500000	,-7.000000	,-11.000000	,-1.500000	,-19.000000	,-16.000000	,-13.000000	,4.500000	,-8.000000	,111.000000	,120.500000	,4.000000	,-59.000000	,-64.500000	,-2.000000	,12.000000	,-15.500000	,16.000000	,-1.500000	,-22.000000	,-24.500000	,9.500000	,50.000000	,-45.500000	,-211.500000	,-309.000000	,-374.500000	,-350.500000	,-163.000000	,-64.500000	,9.500000	,17.500000	,-4.000000	,7.500000	,15.000000	,16.500000	,-3.000000	,-2.500000	,1.500000	,1.000000	,21.500000	,9.500000	,-3.500000	,-3.000000	,-5.500000	,-10.500000	,-13.000000	,-3.000000	,0.500000	,7.000000	,-12.000000	,-0.500000	,4.000000	,10.500000	,2.000000	,-6.500000	,-16.000000	,3.000000	,18.000000	,8.000000	,-1.000000	,19.000000	,7.500000	,-15.500000	,-5.000000	,-15.000000	,-6.000000	,-1.500000	,-16.000000	,-4.500000	,2.500000	,-4.500000	,-3.000000	,2.000000	,-2.000000	,2.000000	,-4.000000	,-11.000000	,-2.000000	,-2.500000	,-8.500000	,2.000000	,0.000000	,-0.500000	,189.000000	,
-191.500000	,0.000000	,0.500000	,-12.000000	,-5.500000	,3.000000	,5.500000	,0.500000	,-3.500000	,-3.000000	,-1.500000	,-2.000000	,4.500000	,3.500000	,-3.000000	,-2.000000	,-1.000000	,11.000000	,-6.500000	,-19.500000	,-6.000000	,-3.000000	,5.000000	,4.000000	,-5.000000	,5.500000	,-13.000000	,-13.500000	,4.500000	,0.000000	,-8.500000	,-4.000000	,4.000000	,-2.000000	,-8.000000	,1.000000	,8.500000	,-2.500000	,-4.500000	,0.500000	,12.500000	,1.500000	,-9.500000	,-7.500000	,-3.000000	,-1.500000	,0.000000	,-1.500000	,-4.500000	,-8.500000	,-0.500000	,3.000000	,-11.000000	,-11.500000	,14.000000	,17.500000	,-34.000000	,-99.000000	,-20.500000	,-15.000000	,-18.000000	,-4.000000	,10.500000	,1.500000	,-9.000000	,6.500000	,-18.500000	,1.500000	,35.500000	,-2.000000	,-1.000000	,-0.500000	,4.000000	,7.500000	,29.500000	,0.000000	,-1.500000	,-17.000000	,6.500000	,28.000000	,36.500000	,5.000000	,-3.500000	,2.000000	,15.000000	,-130.000000	,-291.000000	,-160.500000	,29.000000	,-8.500000	,8.000000	,9.000000	,4.000000	,-8.000000	,-28.500000	,-1.000000	,18.000000	,-15.500000	,4.000000	,-4.000000	,-6.500000	,-26.000000	,-32.000000	,7.500000	,11.000000	,-19.500000	,23.000000	,36.000000	,-10.000000	,14.000000	,-21.000000	,148.500000	,172.500000	,11.000000	,36.500000	,2.000000	,-10.000000	,-19.000000	,-12.500000	,6.000000	,-9.500000	,-2.000000	,8.000000	,-5.000000	,-4.000000	,19.500000	,22.500000	,13.000000	,10.500000	,21.000000	,-0.500000	,-22.000000	,-6.500000	,7.000000	,17.000000	,-92.000000	,-215.500000	,-63.000000	,18.500000	,2.000000	,13.500000	,34.500000	,36.000000	,0.500000	,-29.500000	,-29.000000	,9.000000	,-0.500000	,1.500000	,-5.500000	,-19.000000	,0.500000	,9.500000	,17.000000	,6.500000	,20.500000	,-16.000000	,-6.000000	,40.500000	,-6.000000	,-18.000000	,-22.000000	,-18.000000	,17.000000	,79.500000	,2.000000	,14.500000	,-11.000000	,-33.000000	,39.500000	,32.500000	,40.000000	,30.500000	,19.500000	,5.500000	,-8.000000	,27.000000	,2.500000	,-3.500000	,1.000000	,-25.500000	,-205.000000	,-350.000000	,-368.500000	,-261.500000	,-5.500000	,11.000000	,-0.500000	,-2.500000	,10.000000	,7.000000	,-18.000000	,-17.000000	,-5.500000	,1.500000	,2.000000	,0.500000	,1.000000	,6.500000	,13.500000	,-1.000000	,-24.500000	,11.500000	,17.500000	,4.500000	,-2.500000	,-3.000000	,2.000000	,4.000000	,-2.500000	,-11.000000	,-11.500000	,2.500000	,9.000000	,1.500000	,1.000000	,8.000000	,0.000000	,-4.500000	,6.000000	,-10.500000	,-10.000000	,5.500000	,-9.000000	,-14.000000	,8.500000	,5.000000	,2.000000	,-1.000000	,-2.000000	,5.000000	,1.000000	,-5.000000	,1.500000	,0.500000	,-11.500000	,-14.500000	,-7.000000	,6.000000	,196.000000	,
-191.000000	,-1.500000	,-18.000000	,-25.000000	,-7.000000	,-10.000000	,10.000000	,8.500000	,1.000000	,0.500000	,1.500000	,-14.500000	,-6.500000	,4.500000	,4.000000	,8.500000	,-0.500000	,18.500000	,-3.000000	,-33.000000	,-12.500000	,-19.000000	,7.000000	,12.000000	,14.000000	,26.000000	,9.500000	,0.000000	,13.000000	,10.500000	,0.000000	,3.000000	,11.000000	,4.000000	,2.500000	,12.000000	,1.500000	,3.000000	,-6.500000	,-13.000000	,-4.000000	,-11.500000	,-4.000000	,-4.000000	,-11.500000	,0.000000	,8.500000	,13.000000	,5.500000	,4.500000	,12.500000	,18.000000	,2.000000	,-8.000000	,-5.000000	,105.500000	,160.000000	,25.000000	,-7.000000	,-23.500000	,-34.000000	,-22.500000	,-10.500000	,-8.500000	,-18.000000	,0.500000	,7.500000	,-6.000000	,10.500000	,2.500000	,-12.000000	,-8.500000	,11.500000	,14.500000	,14.500000	,3.500000	,-5.000000	,-16.000000	,-8.500000	,19.500000	,10.500000	,-3.500000	,-6.500000	,4.000000	,25.000000	,-31.500000	,-272.000000	,-248.000000	,-48.000000	,14.000000	,12.500000	,-4.500000	,3.000000	,-17.500000	,-42.500000	,15.000000	,1.500000	,-9.500000	,-9.000000	,-15.500000	,14.000000	,0.000000	,-6.500000	,6.000000	,-18.500000	,-35.500000	,17.000000	,52.000000	,7.000000	,7.000000	,19.500000	,209.500000	,223.500000	,82.500000	,15.500000	,7.500000	,7.000000	,-15.000000	,-24.000000	,22.000000	,30.500000	,2.500000	,16.500000	,-17.500000	,-12.500000	,20.000000	,26.500000	,7.000000	,6.500000	,23.000000	,17.000000	,-9.500000	,-8.500000	,-21.500000	,2.000000	,-158.500000	,-220.500000	,-36.500000	,-24.000000	,3.000000	,12.000000	,11.500000	,5.500000	,7.000000	,5.000000	,-3.500000	,13.500000	,-4.000000	,2.500000	,9.500000	,1.000000	,-8.000000	,-2.500000	,4.500000	,15.500000	,36.500000	,0.000000	,16.000000	,39.500000	,11.500000	,0.500000	,8.000000	,30.000000	,179.500000	,122.000000	,-13.000000	,9.500000	,-1.500000	,-15.500000	,-9.000000	,-1.500000	,20.000000	,22.500000	,8.000000	,-7.000000	,3.000000	,33.500000	,9.500000	,9.000000	,-13.500000	,-3.500000	,-58.000000	,-161.500000	,-363.500000	,-414.500000	,-312.500000	,-184.500000	,-4.500000	,-15.000000	,13.000000	,3.500000	,-20.000000	,-9.500000	,-5.500000	,3.500000	,-0.500000	,-1.500000	,4.500000	,14.500000	,21.500000	,-2.500000	,-29.500000	,-6.000000	,1.000000	,8.000000	,9.000000	,2.500000	,6.000000	,-4.500000	,12.000000	,6.000000	,0.000000	,1.500000	,-10.500000	,-13.000000	,3.500000	,17.000000	,2.500000	,7.000000	,22.500000	,2.000000	,-7.500000	,20.500000	,11.500000	,3.000000	,2.000000	,-4.000000	,-7.000000	,2.000000	,0.000000	,10.000000	,7.000000	,-6.000000	,-9.000000	,12.500000	,4.500000	,-14.000000	,-21.000000	,-13.500000	,193.000000	,
-184.500000	,17.500000	,-15.500000	,-13.000000	,-6.500000	,-8.000000	,-1.000000	,0.500000	,1.500000	,8.000000	,0.000000	,-6.000000	,-2.500000	,2.000000	,9.000000	,4.000000	,-3.500000	,25.500000	,22.500000	,3.500000	,13.000000	,1.000000	,-18.000000	,-29.000000	,0.000000	,8.000000	,1.000000	,-2.000000	,0.000000	,8.000000	,4.000000	,2.000000	,9.000000	,1.000000	,8.500000	,5.000000	,-9.000000	,7.500000	,-5.000000	,-21.500000	,-8.500000	,1.500000	,5.000000	,-13.000000	,-20.000000	,-1.500000	,14.500000	,7.500000	,0.000000	,0.000000	,-5.000000	,1.500000	,7.000000	,2.500000	,4.000000	,207.500000	,283.500000	,163.000000	,24.000000	,17.000000	,-5.500000	,-6.000000	,15.500000	,23.000000	,2.000000	,-6.000000	,4.000000	,5.000000	,2.500000	,5.000000	,-22.000000	,7.500000	,-18.000000	,4.500000	,-16.000000	,-8.500000	,14.000000	,-15.000000	,-19.500000	,22.500000	,12.000000	,-33.000000	,-25.500000	,-1.000000	,19.000000	,-19.500000	,-247.000000	,-320.000000	,-184.000000	,-6.000000	,6.000000	,-8.000000	,23.000000	,8.500000	,-34.000000	,-8.500000	,-31.000000	,-11.500000	,16.000000	,6.000000	,25.000000	,34.500000	,24.000000	,26.000000	,15.500000	,-23.000000	,18.500000	,32.000000	,-16.000000	,-16.500000	,27.500000	,223.500000	,264.500000	,124.000000	,-6.000000	,-12.500000	,11.000000	,5.500000	,-19.500000	,-1.500000	,15.000000	,20.000000	,14.000000	,-16.000000	,-22.500000	,5.000000	,-5.000000	,-13.500000	,0.500000	,4.000000	,-1.000000	,13.500000	,28.500000	,3.500000	,-22.500000	,-195.000000	,-202.500000	,2.000000	,-30.500000	,-20.500000	,-17.500000	,-28.000000	,-5.500000	,31.500000	,-8.500000	,-24.000000	,23.500000	,-5.500000	,14.500000	,9.500000	,-19.500000	,-23.500000	,-14.000000	,-19.000000	,-29.500000	,-10.500000	,-19.000000	,-14.500000	,23.000000	,17.000000	,14.500000	,14.500000	,66.000000	,245.000000	,120.000000	,10.500000	,-2.000000	,-20.000000	,-33.000000	,-32.500000	,-48.500000	,-11.500000	,6.000000	,9.500000	,-13.500000	,-8.500000	,-4.000000	,26.000000	,30.500000	,15.000000	,5.000000	,8.000000	,17.000000	,-171.500000	,-295.000000	,-405.500000	,-362.000000	,-223.500000	,-115.500000	,9.500000	,-8.000000	,1.500000	,-18.500000	,-22.000000	,3.500000	,3.500000	,1.000000	,3.000000	,0.500000	,35.500000	,15.000000	,1.000000	,6.000000	,-17.000000	,-19.000000	,2.000000	,4.500000	,-1.000000	,5.000000	,3.000000	,4.500000	,4.500000	,6.000000	,-7.000000	,-14.000000	,-10.000000	,-7.000000	,-15.000000	,-1.000000	,17.000000	,8.000000	,1.500000	,5.500000	,-9.500000	,-3.000000	,-1.500000	,-9.000000	,-23.000000	,-14.500000	,-9.000000	,-2.500000	,3.500000	,2.500000	,-8.000000	,19.000000	,24.500000	,14.500000	,-6.000000	,-7.000000	,192.000000	,
-177.000000	,19.000000	,5.500000	,3.500000	,3.000000	,0.500000	,-3.000000	,-4.000000	,5.000000	,9.000000	,5.500000	,-5.000000	,-4.000000	,-6.500000	,1.500000	,-0.500000	,-10.000000	,8.000000	,10.000000	,15.000000	,14.000000	,17.000000	,4.000000	,-15.500000	,-17.000000	,-14.500000	,-3.000000	,-3.500000	,-8.500000	,-11.000000	,-14.000000	,-12.000000	,3.000000	,0.000000	,9.000000	,4.500000	,-3.000000	,13.000000	,2.000000	,9.500000	,0.000000	,-9.000000	,18.000000	,2.000000	,-5.500000	,6.000000	,11.500000	,-1.000000	,-1.000000	,-6.500000	,-24.000000	,-15.500000	,-34.500000	,-34.000000	,10.500000	,116.500000	,281.000000	,280.000000	,118.000000	,19.000000	,-4.500000	,7.500000	,25.000000	,4.000000	,-18.000000	,-21.500000	,11.000000	,31.500000	,22.000000	,-16.500000	,-19.000000	,-9.000000	,-1.000000	,21.000000	,2.500000	,-30.500000	,1.500000	,-13.000000	,-0.500000	,42.000000	,14.000000	,-18.500000	,-16.500000	,-30.500000	,-5.500000	,17.500000	,-100.500000	,-276.500000	,-228.000000	,-7.000000	,16.500000	,-1.000000	,20.500000	,-4.500000	,-5.000000	,-30.000000	,-35.000000	,-13.000000	,10.500000	,-16.500000	,8.000000	,11.500000	,-5.000000	,18.500000	,6.000000	,-33.000000	,-9.000000	,4.000000	,-17.500000	,-16.500000	,9.000000	,107.000000	,234.000000	,111.000000	,9.000000	,21.000000	,21.000000	,-2.000000	,-25.500000	,-19.500000	,1.000000	,16.500000	,25.500000	,-11.000000	,-22.500000	,-23.000000	,-2.500000	,1.500000	,-7.000000	,-15.500000	,-25.500000	,-8.000000	,36.500000	,11.500000	,-25.000000	,-199.000000	,-168.500000	,14.500000	,-33.500000	,-7.000000	,4.500000	,-1.000000	,-12.000000	,-1.500000	,-39.000000	,-9.500000	,21.500000	,3.500000	,-11.500000	,-18.000000	,-29.500000	,0.500000	,-17.000000	,-7.500000	,-8.500000	,-19.500000	,-2.500000	,-20.000000	,3.000000	,18.500000	,27.000000	,8.000000	,48.000000	,78.500000	,29.000000	,-3.000000	,17.500000	,22.000000	,9.000000	,6.000000	,-36.500000	,-16.000000	,11.500000	,12.500000	,20.000000	,-3.000000	,-14.500000	,-5.500000	,17.500000	,12.000000	,9.000000	,11.000000	,4.500000	,-11.500000	,-24.500000	,-227.000000	,-339.000000	,-399.500000	,-278.500000	,-85.500000	,-15.000000	,4.000000	,-9.000000	,-14.000000	,-7.000000	,1.000000	,-3.500000	,-4.000000	,-3.500000	,8.000000	,8.000000	,10.500000	,4.500000	,-5.000000	,-19.000000	,3.500000	,9.500000	,-5.500000	,-17.000000	,-28.000000	,-19.000000	,7.500000	,9.500000	,-7.000000	,1.000000	,6.000000	,-3.000000	,-29.500000	,-21.000000	,9.000000	,1.500000	,5.000000	,0.500000	,-8.500000	,-11.000000	,6.000000	,5.500000	,-4.500000	,-11.000000	,-5.500000	,-9.500000	,5.000000	,-6.000000	,-9.500000	,2.000000	,11.500000	,14.000000	,-9.000000	,-23.000000	,192.000000	,
-180.000000	,3.500000	,2.000000	,0.000000	,-7.000000	,-13.000000	,-9.000000	,-6.500000	,4.000000	,0.000000	,2.000000	,0.500000	,0.000000	,-5.000000	,2.000000	,6.500000	,2.000000	,-4.000000	,-7.000000	,1.000000	,-2.000000	,24.500000	,23.500000	,8.000000	,-8.500000	,-13.000000	,-10.000000	,3.500000	,1.500000	,2.500000	,-4.000000	,-7.000000	,4.000000	,0.000000	,0.000000	,3.000000	,0.500000	,1.000000	,2.000000	,-10.500000	,-5.000000	,-10.000000	,-0.500000	,3.000000	,-6.500000	,5.500000	,3.000000	,-5.000000	,4.500000	,-5.000000	,-34.500000	,-68.000000	,-41.500000	,-18.500000	,2.000000	,12.500000	,181.500000	,304.000000	,253.500000	,61.000000	,-28.000000	,2.500000	,8.500000	,3.500000	,20.500000	,-18.000000	,-15.500000	,23.000000	,45.000000	,-9.500000	,-19.000000	,-16.000000	,-18.000000	,-5.500000	,-3.000000	,-11.500000	,9.000000	,-35.000000	,-34.000000	,5.000000	,-1.000000	,15.000000	,0.500000	,-21.500000	,-1.500000	,12.000000	,-25.000000	,-225.500000	,-283.000000	,-105.000000	,32.000000	,-14.000000	,-12.500000	,17.000000	,27.000000	,17.000000	,-18.000000	,-4.500000	,-7.500000	,-37.500000	,10.000000	,12.500000	,-25.000000	,-15.500000	,-15.000000	,-3.000000	,0.000000	,-2.000000	,-6.000000	,5.500000	,-23.500000	,93.000000	,257.000000	,146.500000	,-6.000000	,3.000000	,6.000000	,12.000000	,17.000000	,-37.000000	,-27.000000	,-6.000000	,2.000000	,-12.500000	,-33.500000	,4.000000	,4.000000	,6.500000	,8.000000	,-15.000000	,-32.000000	,-51.500000	,25.000000	,41.000000	,-8.500000	,-213.000000	,-144.500000	,29.000000	,11.500000	,21.000000	,27.500000	,3.000000	,-5.000000	,10.000000	,-4.500000	,7.500000	,1.500000	,0.000000	,25.500000	,0.500000	,-0.500000	,7.000000	,-14.000000	,-7.500000	,7.500000	,16.000000	,0.000000	,-40.500000	,-15.000000	,-7.000000	,3.000000	,44.500000	,81.500000	,-8.500000	,-6.000000	,-29.500000	,13.500000	,16.000000	,14.000000	,0.500000	,-15.500000	,26.500000	,-4.000000	,-8.500000	,12.000000	,4.500000	,-3.500000	,-11.000000	,7.000000	,9.500000	,11.000000	,4.000000	,-4.500000	,-3.500000	,-3.500000	,-8.000000	,-108.500000	,-299.500000	,-380.000000	,-313.000000	,-105.500000	,14.500000	,7.500000	,-6.000000	,-12.000000	,-14.000000	,-1.000000	,0.500000	,0.000000	,-4.000000	,7.500000	,0.500000	,18.500000	,10.500000	,-4.500000	,6.000000	,1.500000	,3.000000	,-3.000000	,-22.000000	,-18.000000	,8.500000	,-12.000000	,-9.500000	,-4.000000	,9.500000	,11.500000	,-11.000000	,-17.500000	,1.500000	,-1.000000	,11.000000	,2.500000	,-2.500000	,3.500000	,5.500000	,8.000000	,11.000000	,-3.000000	,-0.500000	,-4.000000	,3.000000	,-11.000000	,-21.500000	,-6.500000	,3.500000	,11.000000	,-9.000000	,-29.000000	,182.000000	,
-190.000000	,-16.000000	,-12.000000	,0.500000	,-4.000000	,-1.000000	,-5.000000	,1.500000	,-4.000000	,1.000000	,-5.500000	,-13.500000	,-6.500000	,-1.000000	,8.500000	,2.500000	,0.500000	,-0.500000	,-2.000000	,1.000000	,-0.500000	,-3.500000	,2.000000	,18.000000	,4.000000	,-17.500000	,-3.500000	,2.000000	,6.500000	,16.000000	,7.000000	,0.000000	,-5.500000	,-25.000000	,-23.500000	,6.500000	,16.000000	,5.000000	,-10.000000	,2.000000	,5.000000	,-3.500000	,-15.500000	,-24.000000	,-34.000000	,-17.000000	,-1.500000	,-2.500000	,26.000000	,17.000000	,-19.500000	,-15.000000	,-8.500000	,-7.500000	,-6.500000	,-30.000000	,10.000000	,224.500000	,307.500000	,220.000000	,6.000000	,10.500000	,22.500000	,-10.000000	,13.000000	,8.500000	,-41.500000	,13.500000	,24.000000	,33.500000	,-0.500000	,-3.000000	,-10.500000	,12.000000	,22.000000	,6.500000	,23.000000	,-10.500000	,2.000000	,-1.500000	,-6.500000	,37.500000	,16.000000	,-19.500000	,18.000000	,52.500000	,-21.500000	,-203.500000	,-312.000000	,-156.500000	,54.500000	,16.000000	,0.000000	,11.500000	,16.500000	,33.500000	,15.000000	,15.000000	,-15.000000	,-33.000000	,10.500000	,21.500000	,-16.000000	,-6.500000	,10.500000	,22.000000	,5.500000	,15.000000	,12.000000	,-5.500000	,-12.500000	,100.000000	,280.500000	,200.500000	,-5.000000	,5.000000	,-3.000000	,13.500000	,15.500000	,18.500000	,-13.000000	,-23.000000	,-5.000000	,13.000000	,-6.000000	,-17.500000	,-3.000000	,14.500000	,19.000000	,4.000000	,11.500000	,-8.000000	,10.500000	,-6.000000	,-69.500000	,-226.500000	,-102.000000	,27.000000	,15.500000	,7.000000	,16.500000	,7.500000	,16.000000	,-12.500000	,-14.500000	,-6.000000	,-11.500000	,-7.000000	,5.000000	,-12.500000	,2.000000	,27.500000	,-17.000000	,-41.500000	,-13.000000	,22.000000	,23.500000	,-34.000000	,-32.500000	,-23.000000	,-11.000000	,172.000000	,173.500000	,4.500000	,1.500000	,-32.000000	,-12.500000	,3.500000	,7.500000	,-19.500000	,-20.000000	,-4.000000	,-16.000000	,-15.000000	,-9.000000	,2.000000	,-33.000000	,-9.500000	,-25.500000	,-28.500000	,-9.500000	,6.500000	,21.000000	,11.500000	,-3.500000	,27.500000	,-0.500000	,-82.500000	,-281.000000	,-405.500000	,-373.000000	,-233.000000	,-29.000000	,8.500000	,-2.000000	,-4.500000	,5.000000	,10.000000	,4.500000	,0.000000	,14.000000	,6.500000	,8.500000	,4.500000	,2.500000	,8.000000	,3.000000	,9.500000	,31.500000	,5.000000	,-7.500000	,7.000000	,8.500000	,-4.500000	,-10.500000	,8.000000	,24.500000	,8.500000	,-2.000000	,-1.500000	,-8.000000	,3.500000	,2.500000	,0.500000	,2.000000	,2.000000	,4.500000	,-1.000000	,-4.000000	,0.500000	,-3.500000	,20.500000	,8.000000	,-7.500000	,-17.000000	,-27.500000	,32.000000	,14.000000	,-2.500000	,184.500000	,
-179.000000	,-9.000000	,-16.500000	,2.000000	,10.000000	,8.000000	,1.500000	,9.500000	,3.500000	,2.000000	,-4.500000	,-7.500000	,-7.000000	,-6.500000	,8.500000	,4.500000	,-1.000000	,-1.000000	,1.500000	,1.000000	,3.500000	,0.000000	,0.000000	,9.000000	,13.000000	,-0.500000	,2.500000	,-2.500000	,-2.500000	,-3.500000	,-5.000000	,8.500000	,16.000000	,-4.000000	,-10.000000	,13.500000	,12.000000	,8.500000	,-12.500000	,6.000000	,16.000000	,13.500000	,11.500000	,4.000000	,-19.500000	,-6.000000	,-12.500000	,7.500000	,16.000000	,28.000000	,8.000000	,-26.000000	,-13.500000	,14.000000	,13.000000	,-26.000000	,-27.500000	,68.500000	,270.000000	,333.000000	,145.500000	,22.500000	,27.500000	,-16.000000	,-8.500000	,-22.500000	,-14.500000	,5.000000	,-4.500000	,21.500000	,23.500000	,12.000000	,-3.500000	,-7.500000	,-12.500000	,-7.000000	,-3.500000	,3.000000	,18.500000	,7.000000	,28.500000	,26.500000	,4.500000	,-34.500000	,-28.000000	,39.000000	,21.500000	,-50.000000	,-281.500000	,-254.500000	,-36.000000	,-3.000000	,20.500000	,-5.500000	,-26.000000	,-2.000000	,26.000000	,1.000000	,9.500000	,-25.500000	,-7.500000	,25.500000	,-2.000000	,-44.500000	,-3.500000	,6.000000	,-15.000000	,6.500000	,17.500000	,11.500000	,5.500000	,26.500000	,224.000000	,233.000000	,27.500000	,12.500000	,-22.000000	,1.000000	,11.500000	,-6.000000	,11.000000	,10.500000	,8.000000	,7.000000	,-1.500000	,-21.000000	,-8.500000	,26.000000	,18.000000	,0.000000	,-6.000000	,1.000000	,10.000000	,-1.000000	,-105.000000	,-229.500000	,-88.500000	,6.500000	,1.000000	,-26.000000	,-28.500000	,2.000000	,-4.500000	,-25.000000	,-5.500000	,32.000000	,12.500000	,7.500000	,-9.500000	,-19.000000	,1.500000	,38.000000	,14.000000	,-30.500000	,-19.000000	,28.000000	,34.500000	,4.000000	,-20.000000	,-16.500000	,11.500000	,203.500000	,166.500000	,-16.000000	,-7.500000	,-16.000000	,7.000000	,24.500000	,36.000000	,-24.000000	,-28.500000	,-13.000000	,-15.500000	,-4.000000	,-16.500000	,-13.500000	,-17.500000	,-3.000000	,-16.500000	,-23.500000	,13.000000	,16.000000	,-4.500000	,-5.000000	,-17.500000	,-21.500000	,24.500000	,54.500000	,-74.500000	,-228.500000	,-380.500000	,-412.500000	,-288.000000	,-158.500000	,9.000000	,-1.000000	,-4.000000	,-8.000000	,-3.500000	,-6.000000	,0.000000	,-1.000000	,-1.500000	,-1.500000	,3.000000	,2.000000	,-1.500000	,1.000000	,9.500000	,2.000000	,5.000000	,3.000000	,12.500000	,8.000000	,-4.000000	,-3.500000	,2.000000	,0.500000	,0.500000	,0.000000	,0.000000	,10.000000	,1.500000	,0.000000	,4.000000	,4.500000	,12.000000	,-1.500000	,-11.500000	,-5.000000	,-6.000000	,5.000000	,-2.000000	,15.500000	,-24.000000	,-44.000000	,15.000000	,8.000000	,8.500000	,191.000000	,
-166.000000	,5.000000	,-11.000000	,-0.500000	,-4.500000	,-12.000000	,-3.000000	,-7.500000	,5.500000	,9.500000	,8.500000	,4.000000	,-7.500000	,-5.000000	,8.000000	,8.500000	,-2.000000	,-7.000000	,-15.000000	,-13.000000	,-19.000000	,6.000000	,0.000000	,15.500000	,9.000000	,5.000000	,3.000000	,-6.500000	,3.500000	,-2.000000	,-7.500000	,15.000000	,25.000000	,5.000000	,-6.000000	,-12.500000	,15.500000	,-7.500000	,-9.500000	,-11.000000	,-12.000000	,14.000000	,31.000000	,27.500000	,6.000000	,0.000000	,-12.500000	,-15.500000	,-10.500000	,15.500000	,0.500000	,-13.000000	,-6.000000	,9.500000	,16.500000	,-29.000000	,-7.000000	,-43.500000	,104.500000	,300.500000	,254.000000	,91.000000	,8.500000	,18.000000	,26.500000	,-11.500000	,-10.500000	,-13.000000	,-53.000000	,-12.000000	,24.500000	,15.000000	,-9.500000	,-15.500000	,-5.000000	,27.000000	,-7.500000	,-19.000000	,-5.000000	,-14.500000	,5.500000	,23.500000	,26.500000	,-26.500000	,-27.000000	,5.000000	,14.000000	,-54.500000	,-254.500000	,-272.000000	,-63.500000	,34.000000	,17.500000	,-10.500000	,-38.000000	,-22.500000	,-17.500000	,-18.000000	,13.500000	,-5.500000	,-10.500000	,4.000000	,-10.500000	,-37.500000	,-4.500000	,-9.500000	,-39.000000	,-7.000000	,-11.000000	,-11.000000	,5.000000	,26.000000	,197.500000	,151.500000	,1.500000	,13.500000	,19.000000	,15.000000	,12.500000	,-9.000000	,-11.000000	,20.500000	,-15.000000	,-3.500000	,15.500000	,-5.500000	,-23.000000	,9.500000	,13.000000	,-10.000000	,-30.000000	,5.500000	,21.000000	,35.000000	,-124.500000	,-225.000000	,-55.500000	,-2.500000	,27.500000	,4.500000	,-13.000000	,4.000000	,21.500000	,-2.500000	,5.000000	,26.000000	,25.500000	,15.500000	,2.000000	,-3.500000	,-9.000000	,37.000000	,6.500000	,-4.000000	,-8.000000	,-7.000000	,14.500000	,32.000000	,11.500000	,-13.000000	,0.000000	,76.000000	,78.500000	,-7.500000	,-2.500000	,10.000000	,14.500000	,16.500000	,20.000000	,15.000000	,12.000000	,-8.000000	,-25.500000	,-4.000000	,10.000000	,-8.500000	,6.000000	,32.500000	,13.000000	,-18.000000	,0.000000	,-13.000000	,-12.000000	,12.500000	,-1.500000	,-17.500000	,14.000000	,15.500000	,-0.500000	,34.000000	,-139.500000	,-292.000000	,-339.000000	,-207.500000	,-29.500000	,4.000000	,0.000000	,-3.000000	,-5.000000	,-1.500000	,-0.500000	,-1.500000	,-4.500000	,-5.500000	,3.500000	,14.500000	,5.500000	,4.000000	,2.500000	,12.000000	,7.500000	,0.000000	,11.000000	,6.500000	,-9.500000	,-29.000000	,-17.500000	,0.000000	,2.000000	,-7.500000	,8.500000	,2.500000	,6.500000	,5.000000	,-8.000000	,-16.000000	,20.500000	,10.500000	,-1.500000	,-14.500000	,-3.500000	,1.000000	,-6.000000	,38.500000	,11.000000	,-15.000000	,-1.500000	,-10.000000	,3.000000	,186.500000	,
-178.500000	,4.000000	,-6.000000	,-8.000000	,-13.000000	,-7.500000	,-13.000000	,-3.500000	,11.500000	,2.500000	,-7.000000	,-9.000000	,-0.500000	,-4.500000	,-8.500000	,-14.500000	,3.500000	,0.000000	,5.500000	,0.000000	,-13.000000	,3.500000	,-0.500000	,-0.500000	,-1.000000	,4.500000	,-2.000000	,-8.500000	,9.000000	,3.500000	,-2.000000	,-2.500000	,-9.000000	,3.000000	,-0.500000	,-4.500000	,20.000000	,3.500000	,9.000000	,-4.000000	,-6.000000	,-9.000000	,7.500000	,6.500000	,13.500000	,-9.000000	,-29.000000	,0.000000	,11.500000	,48.000000	,38.000000	,-7.000000	,2.000000	,15.500000	,-9.000000	,-21.500000	,-19.500000	,-23.000000	,6.000000	,207.000000	,306.000000	,178.000000	,4.500000	,8.000000	,18.500000	,-9.000000	,-14.500000	,-7.500000	,-45.500000	,-13.500000	,14.000000	,6.500000	,29.500000	,2.500000	,12.000000	,37.500000	,3.500000	,10.500000	,-8.000000	,-21.500000	,5.500000	,1.000000	,18.000000	,8.500000	,-20.000000	,-13.500000	,-10.000000	,-9.000000	,-129.500000	,-261.000000	,-137.500000	,0.000000	,9.500000	,-2.500000	,-11.000000	,5.500000	,-9.500000	,-11.500000	,-8.500000	,0.000000	,-11.500000	,10.000000	,6.500000	,0.500000	,-5.000000	,-4.000000	,3.000000	,-12.000000	,1.500000	,-8.000000	,-2.500000	,55.000000	,225.500000	,191.500000	,-3.000000	,-31.000000	,-5.500000	,1.500000	,32.000000	,-11.500000	,-19.500000	,15.000000	,-8.500000	,3.000000	,26.000000	,8.000000	,-24.000000	,-5.000000	,12.000000	,11.000000	,-3.000000	,6.000000	,-14.500000	,19.500000	,-155.500000	,-192.500000	,-4.000000	,1.000000	,27.500000	,23.000000	,10.000000	,18.500000	,4.000000	,-26.000000	,9.000000	,3.000000	,18.500000	,38.000000	,4.000000	,-23.000000	,-18.500000	,18.000000	,-25.500000	,-36.000000	,10.500000	,0.000000	,-19.500000	,23.500000	,6.000000	,59.000000	,71.500000	,17.500000	,1.500000	,-9.000000	,-31.500000	,-3.500000	,0.500000	,-7.500000	,4.500000	,-24.500000	,25.500000	,20.000000	,6.500000	,17.000000	,-10.000000	,-8.000000	,-1.000000	,8.500000	,0.000000	,-25.500000	,10.500000	,5.000000	,-2.000000	,19.500000	,-4.500000	,-23.500000	,-2.000000	,21.500000	,2.000000	,29.000000	,14.000000	,-43.000000	,-185.000000	,-113.500000	,-79.500000	,-16.000000	,6.500000	,7.000000	,1.000000	,1.500000	,0.000000	,1.000000	,-8.500000	,3.500000	,6.000000	,-4.000000	,-1.000000	,3.500000	,0.000000	,2.500000	,1.000000	,-9.000000	,-3.000000	,13.000000	,8.500000	,-9.000000	,-5.500000	,9.000000	,-2.000000	,-10.500000	,7.000000	,3.500000	,0.000000	,6.500000	,-3.000000	,-12.500000	,8.000000	,22.500000	,4.500000	,-22.000000	,-2.500000	,-2.500000	,-6.000000	,29.000000	,15.000000	,4.000000	,10.000000	,3.000000	,7.500000	,193.500000	,
-181.000000	,-3.500000	,-0.500000	,-5.000000	,6.000000	,10.000000	,-5.000000	,-4.000000	,6.000000	,8.000000	,8.500000	,-3.000000	,0.500000	,1.000000	,-2.000000	,-10.000000	,14.500000	,7.500000	,25.500000	,12.000000	,-2.500000	,-8.000000	,-6.500000	,-15.000000	,-8.500000	,11.000000	,4.500000	,-2.000000	,0.000000	,-6.000000	,5.000000	,1.000000	,-18.000000	,-4.000000	,9.500000	,16.000000	,6.000000	,4.500000	,22.000000	,13.000000	,4.000000	,-3.000000	,1.000000	,1.000000	,1.500000	,-29.500000	,-11.000000	,33.500000	,8.500000	,11.000000	,5.000000	,-11.000000	,2.500000	,0.500000	,24.000000	,3.500000	,3.000000	,-1.500000	,6.000000	,71.500000	,267.500000	,280.000000	,140.000000	,-21.000000	,-25.000000	,-12.500000	,16.000000	,31.500000	,-21.500000	,-9.500000	,5.500000	,5.500000	,1.500000	,-11.500000	,-14.500000	,1.500000	,-26.000000	,-19.000000	,-17.500000	,4.000000	,0.500000	,-11.500000	,15.500000	,27.000000	,-12.000000	,6.500000	,-10.500000	,15.500000	,-105.500000	,-307.500000	,-255.500000	,-46.000000	,26.500000	,9.500000	,20.000000	,3.000000	,6.000000	,9.500000	,-10.500000	,7.000000	,19.500000	,9.000000	,4.000000	,21.500000	,-16.500000	,-1.500000	,14.500000	,-13.000000	,11.500000	,-23.500000	,-25.500000	,59.000000	,268.000000	,298.500000	,45.500000	,-40.500000	,-20.000000	,-38.500000	,6.000000	,-16.000000	,-16.000000	,0.000000	,-12.500000	,-29.500000	,4.500000	,23.000000	,10.500000	,-6.500000	,3.000000	,-17.500000	,-9.000000	,14.500000	,1.500000	,10.000000	,-200.500000	,-158.500000	,23.500000	,-12.000000	,8.000000	,-9.000000	,-34.000000	,-27.000000	,-20.500000	,-33.500000	,12.500000	,-15.000000	,4.500000	,12.000000	,1.500000	,-12.000000	,9.500000	,28.000000	,-20.500000	,-37.000000	,22.000000	,9.000000	,-17.500000	,11.000000	,19.000000	,153.500000	,166.000000	,39.000000	,20.000000	,5.000000	,-66.000000	,-44.000000	,-7.000000	,22.000000	,-1.500000	,-24.500000	,-5.000000	,7.000000	,25.500000	,31.500000	,7.000000	,6.500000	,6.500000	,17.500000	,-3.500000	,-9.500000	,22.500000	,25.000000	,-0.500000	,9.000000	,24.500000	,18.500000	,-3.500000	,1.500000	,5.500000	,-4.000000	,-1.000000	,-40.000000	,-58.000000	,-62.000000	,-102.500000	,-71.000000	,-19.000000	,1.000000	,-3.000000	,-1.000000	,-1.500000	,9.000000	,-2.000000	,-0.500000	,1.000000	,-2.500000	,-8.000000	,-25.000000	,-8.500000	,1.500000	,2.000000	,-1.500000	,-0.500000	,16.000000	,18.500000	,9.500000	,-0.500000	,15.000000	,1.500000	,-12.000000	,0.000000	,-1.500000	,-6.500000	,6.000000	,11.000000	,0.000000	,-4.500000	,16.000000	,17.500000	,-8.000000	,-6.500000	,-7.500000	,-10.000000	,-9.000000	,-16.000000	,0.500000	,-7.000000	,9.500000	,2.500000	,193.500000	,
-187.000000	,10.000000	,10.000000	,-11.500000	,10.000000	,4.000000	,0.000000	,-5.000000	,-4.000000	,13.500000	,0.000000	,-12.000000	,5.500000	,16.500000	,6.000000	,-2.500000	,-11.500000	,-22.500000	,-1.500000	,-7.000000	,-22.000000	,-18.500000	,2.000000	,-5.000000	,-4.000000	,4.000000	,0.000000	,-2.500000	,-5.000000	,-4.000000	,14.000000	,14.500000	,-10.500000	,-16.500000	,4.500000	,7.000000	,3.500000	,0.000000	,1.000000	,5.000000	,-3.000000	,0.000000	,7.500000	,5.000000	,15.500000	,-9.500000	,-26.500000	,-11.000000	,-32.000000	,-1.500000	,-9.000000	,-13.500000	,4.000000	,-3.500000	,4.500000	,-13.000000	,-37.500000	,-42.000000	,-26.000000	,43.000000	,153.000000	,280.500000	,283.500000	,103.500000	,2.000000	,14.000000	,28.000000	,27.500000	,-18.500000	,-20.500000	,6.000000	,-3.000000	,-16.500000	,-7.000000	,15.500000	,4.000000	,-25.000000	,-22.000000	,-26.500000	,1.500000	,2.500000	,-22.500000	,5.500000	,0.500000	,3.500000	,6.000000	,-34.500000	,-30.000000	,-38.500000	,-214.000000	,-308.500000	,-174.000000	,3.500000	,15.500000	,18.500000	,-16.000000	,9.000000	,29.500000	,7.500000	,-20.000000	,12.500000	,-17.500000	,6.000000	,17.000000	,-37.000000	,-17.500000	,4.000000	,-21.000000	,5.000000	,-5.000000	,-14.500000	,-18.500000	,172.500000	,277.500000	,57.000000	,19.500000	,5.500000	,2.000000	,24.000000	,0.000000	,3.500000	,-1.000000	,1.000000	,-19.000000	,-5.000000	,4.000000	,15.000000	,-4.000000	,22.500000	,-3.000000	,-16.000000	,-27.500000	,-23.000000	,-27.500000	,-242.500000	,-147.000000	,19.500000	,-11.500000	,4.500000	,4.500000	,-30.000000	,-14.000000	,-25.500000	,-18.000000	,-0.500000	,-37.000000	,-24.500000	,17.500000	,9.000000	,-20.000000	,-6.000000	,9.500000	,-6.500000	,-15.000000	,13.000000	,-13.000000	,-30.000000	,-17.500000	,-3.000000	,64.500000	,20.000000	,4.500000	,23.500000	,55.000000	,10.500000	,-26.500000	,-9.000000	,16.000000	,-5.500000	,-20.000000	,-22.500000	,-40.500000	,9.000000	,24.000000	,0.000000	,15.500000	,28.500000	,43.000000	,8.500000	,-22.000000	,-9.000000	,1.500000	,-30.500000	,-13.500000	,7.000000	,12.000000	,-11.000000	,-29.500000	,-13.000000	,-45.500000	,-72.000000	,-55.000000	,11.500000	,-16.000000	,-60.000000	,-90.500000	,-96.000000	,-35.000000	,-3.500000	,-12.000000	,6.000000	,4.500000	,-5.000000	,1.500000	,3.000000	,7.500000	,0.500000	,-12.500000	,-3.500000	,6.000000	,11.500000	,8.000000	,10.500000	,-0.500000	,-3.000000	,-4.000000	,-17.000000	,-7.000000	,0.500000	,-8.000000	,1.500000	,5.000000	,1.500000	,-3.500000	,9.000000	,2.500000	,-5.000000	,14.500000	,18.000000	,11.000000	,20.000000	,3.500000	,6.000000	,0.000000	,-0.500000	,0.000000	,-3.000000	,0.500000	,-9.000000	,183.000000	,
-188.000000	,9.000000	,-4.000000	,-15.000000	,-31.000000	,-2.000000	,7.000000	,3.500000	,-8.500000	,-6.500000	,0.000000	,-3.500000	,5.000000	,5.500000	,2.000000	,11.500000	,0.000000	,-9.000000	,2.000000	,4.000000	,-5.500000	,-4.000000	,12.000000	,-4.000000	,-16.000000	,1.500000	,1.500000	,3.500000	,-5.000000	,-9.000000	,-4.000000	,29.500000	,9.500000	,-22.000000	,-32.000000	,-0.500000	,0.000000	,0.000000	,5.000000	,-2.000000	,-5.000000	,-1.000000	,7.000000	,7.000000	,12.000000	,-14.500000	,1.000000	,-2.500000	,-22.500000	,22.500000	,14.000000	,19.000000	,18.000000	,19.000000	,0.000000	,-4.000000	,-28.500000	,-29.500000	,-22.500000	,2.000000	,35.000000	,177.000000	,324.000000	,250.000000	,41.500000	,-19.500000	,-1.000000	,23.000000	,0.500000	,-16.000000	,15.000000	,-25.500000	,-1.000000	,-11.500000	,15.000000	,32.500000	,-15.000000	,-13.500000	,-5.000000	,26.500000	,11.500000	,-13.500000	,-10.000000	,0.500000	,14.000000	,31.000000	,1.500000	,5.000000	,12.000000	,-94.000000	,-256.500000	,-211.000000	,-16.500000	,3.500000	,7.000000	,0.500000	,3.500000	,13.500000	,-11.500000	,-38.000000	,8.000000	,-12.000000	,0.000000	,17.000000	,-20.000000	,-13.500000	,-8.000000	,8.500000	,9.000000	,8.500000	,-17.500000	,-38.500000	,154.000000	,207.500000	,16.500000	,5.000000	,-2.000000	,22.000000	,22.500000	,24.000000	,29.500000	,34.500000	,25.000000	,-7.500000	,-25.500000	,-7.000000	,12.500000	,-17.500000	,27.500000	,-0.500000	,1.500000	,-40.000000	,-7.500000	,-79.000000	,-235.000000	,-101.000000	,-6.000000	,-2.500000	,11.500000	,30.500000	,23.500000	,21.500000	,-20.000000	,-33.000000	,-21.000000	,-23.000000	,4.000000	,31.000000	,11.000000	,-21.000000	,-1.500000	,8.500000	,-10.000000	,0.500000	,15.000000	,-13.500000	,-11.000000	,4.500000	,128.000000	,98.500000	,-40.000000	,-28.500000	,-5.000000	,26.500000	,20.500000	,5.000000	,16.500000	,9.500000	,10.000000	,29.500000	,8.000000	,-43.500000	,-26.500000	,-11.500000	,-6.500000	,-15.500000	,-4.000000	,14.500000	,-16.000000	,-52.000000	,-14.000000	,-3.500000	,-35.000000	,-32.500000	,-9.500000	,-10.500000	,8.000000	,-6.500000	,21.500000	,-17.000000	,-36.000000	,-21.000000	,16.000000	,1.500000	,-9.500000	,-66.500000	,-117.000000	,-89.500000	,-37.000000	,-10.000000	,-6.000000	,4.000000	,-0.500000	,-1.000000	,1.000000	,17.500000	,6.500000	,-14.500000	,-1.500000	,-10.000000	,-25.500000	,-4.000000	,6.000000	,2.000000	,-1.000000	,-4.000000	,-11.500000	,-7.500000	,2.000000	,-4.500000	,1.000000	,8.000000	,-7.500000	,-11.000000	,-4.000000	,-11.000000	,-2.000000	,8.500000	,6.500000	,5.000000	,8.500000	,-8.500000	,-1.500000	,0.000000	,9.000000	,-8.500000	,-3.000000	,-5.000000	,-1.500000	,182.000000	,
-189.000000	,-1.000000	,4.000000	,0.000000	,-13.000000	,-8.000000	,5.500000	,7.000000	,-12.000000	,-11.500000	,-5.500000	,-4.000000	,-11.000000	,-5.500000	,-3.500000	,23.000000	,7.000000	,0.000000	,17.000000	,19.000000	,2.500000	,-13.500000	,-17.000000	,0.000000	,-7.500000	,4.000000	,9.000000	,2.500000	,0.500000	,-10.500000	,-31.500000	,-7.500000	,-4.000000	,-30.000000	,-16.000000	,-1.000000	,0.000000	,-1.500000	,3.000000	,5.000000	,-7.500000	,-24.000000	,-14.500000	,-8.000000	,-17.000000	,-19.000000	,24.000000	,20.000000	,-11.000000	,-3.000000	,-5.000000	,9.500000	,40.000000	,32.500000	,35.000000	,35.500000	,14.000000	,-3.000000	,-18.500000	,-16.500000	,-10.500000	,31.000000	,234.000000	,310.500000	,179.000000	,2.500000	,-4.000000	,5.000000	,-10.500000	,-10.000000	,-4.500000	,-14.000000	,-21.000000	,-12.000000	,7.500000	,39.000000	,17.000000	,6.500000	,16.500000	,34.500000	,38.000000	,25.500000	,3.500000	,-0.500000	,0.500000	,21.000000	,12.500000	,3.500000	,19.000000	,-2.000000	,-214.000000	,-282.000000	,-82.500000	,23.500000	,-2.000000	,-2.000000	,-19.000000	,11.000000	,-5.000000	,10.500000	,11.000000	,14.000000	,6.500000	,20.000000	,12.000000	,-14.000000	,-16.500000	,-8.500000	,9.500000	,-6.500000	,-37.500000	,-33.000000	,210.500000	,217.000000	,19.500000	,-27.500000	,-21.000000	,-7.000000	,-14.500000	,-21.500000	,-11.500000	,2.000000	,1.500000	,9.000000	,-10.000000	,-3.500000	,-17.500000	,-11.000000	,9.000000	,-12.500000	,33.000000	,18.500000	,24.500000	,-104.500000	,-193.000000	,-50.000000	,-7.000000	,8.000000	,4.500000	,-6.500000	,18.500000	,8.500000	,3.000000	,11.000000	,15.500000	,13.500000	,-16.000000	,14.000000	,35.500000	,6.500000	,4.500000	,5.000000	,-7.500000	,20.000000	,21.000000	,-14.500000	,-0.500000	,54.000000	,265.000000	,160.500000	,-10.500000	,16.000000	,5.500000	,-7.000000	,-26.500000	,-16.500000	,29.500000	,14.500000	,11.000000	,20.000000	,6.000000	,-15.500000	,2.000000	,12.500000	,13.500000	,-13.500000	,-3.500000	,5.500000	,4.000000	,-20.500000	,9.500000	,6.500000	,-3.000000	,11.500000	,5.000000	,-28.500000	,1.000000	,-6.500000	,-57.500000	,-58.000000	,-8.500000	,-33.500000	,-8.000000	,-19.500000	,1.000000	,-4.500000	,-72.000000	,-92.000000	,-91.000000	,-43.000000	,-27.500000	,-15.500000	,-8.000000	,4.000000	,3.000000	,-6.500000	,-7.500000	,-5.000000	,10.000000	,2.000000	,-16.000000	,-7.500000	,-6.500000	,-11.000000	,4.500000	,7.500000	,-13.000000	,-13.500000	,0.500000	,-1.500000	,1.500000	,5.500000	,-3.500000	,0.500000	,-0.500000	,-11.000000	,-3.500000	,-5.000000	,0.000000	,-4.500000	,2.500000	,0.500000	,-15.000000	,-3.500000	,1.000000	,-2.500000	,2.000000	,-1.000000	,-7.000000	,180.500000	,
-182.500000	,-7.000000	,25.000000	,19.000000	,4.000000	,-2.000000	,3.500000	,22.000000	,11.500000	,-14.500000	,-11.500000	,-3.000000	,-14.500000	,-1.000000	,-1.500000	,4.500000	,0.000000	,7.500000	,12.000000	,-2.000000	,-5.000000	,0.000000	,3.500000	,-0.500000	,-16.000000	,0.500000	,5.500000	,-1.000000	,12.000000	,13.500000	,-8.500000	,-8.500000	,13.500000	,-3.500000	,-18.000000	,-18.500000	,3.500000	,-5.000000	,-23.500000	,0.500000	,9.500000	,-7.000000	,-10.000000	,9.000000	,-3.500000	,-25.500000	,6.000000	,17.500000	,-6.500000	,-14.500000	,-10.500000	,-1.000000	,-3.000000	,4.000000	,14.000000	,4.500000	,-15.500000	,11.500000	,8.500000	,-19.500000	,-29.500000	,-27.500000	,91.500000	,269.500000	,287.000000	,129.500000	,-10.000000	,17.000000	,11.000000	,-11.500000	,-4.500000	,-2.500000	,0.500000	,2.000000	,-13.000000	,18.000000	,9.000000	,-11.500000	,-23.500000	,-14.500000	,-3.000000	,-2.500000	,7.500000	,17.000000	,-6.000000	,-13.500000	,-1.500000	,-0.500000	,-10.000000	,-21.500000	,-184.000000	,-299.000000	,-112.000000	,5.500000	,-27.000000	,17.500000	,29.000000	,8.000000	,3.500000	,9.500000	,1.000000	,19.000000	,13.500000	,8.000000	,9.000000	,30.500000	,0.500000	,-9.000000	,23.000000	,9.000000	,-15.500000	,2.000000	,203.500000	,295.000000	,146.000000	,3.500000	,7.500000	,13.000000	,-24.000000	,-27.500000	,-18.500000	,25.500000	,32.500000	,36.000000	,0.000000	,15.000000	,-3.000000	,20.500000	,19.500000	,-10.000000	,0.500000	,14.000000	,20.500000	,-163.500000	,-169.500000	,-4.000000	,-18.000000	,-4.500000	,1.000000	,-7.500000	,-4.500000	,0.500000	,22.000000	,25.000000	,18.500000	,9.000000	,-18.500000	,-3.000000	,21.500000	,1.000000	,2.000000	,2.500000	,-5.500000	,33.500000	,2.500000	,4.500000	,-6.500000	,28.000000	,131.500000	,91.000000	,-23.500000	,-3.000000	,18.500000	,16.500000	,2.000000	,0.500000	,5.500000	,0.000000	,15.000000	,12.500000	,10.500000	,15.000000	,-11.500000	,-4.000000	,4.500000	,-22.000000	,9.000000	,45.000000	,25.000000	,-11.000000	,5.000000	,3.000000	,-10.000000	,14.000000	,3.500000	,-13.500000	,4.500000	,40.500000	,-50.500000	,-35.000000	,-16.500000	,-40.000000	,-19.000000	,12.000000	,11.500000	,8.500000	,-8.500000	,-67.000000	,-81.500000	,-71.500000	,-30.000000	,-16.000000	,-7.500000	,13.000000	,11.000000	,8.000000	,0.500000	,-3.000000	,22.500000	,16.500000	,-5.000000	,4.000000	,1.500000	,6.000000	,13.500000	,4.000000	,-21.000000	,-3.000000	,0.000000	,-5.000000	,6.500000	,9.500000	,-4.500000	,16.500000	,0.000000	,-12.000000	,0.000000	,2.000000	,3.500000	,-1.500000	,14.500000	,14.500000	,-8.500000	,12.500000	,10.000000	,12.000000	,10.000000	,-1.500000	,-0.500000	,192.500000	,
-183.500000	,1.500000	,0.000000	,2.000000	,2.000000	,-1.000000	,3.000000	,18.500000	,24.500000	,5.000000	,5.500000	,-4.000000	,-2.000000	,1.500000	,-3.500000	,2.000000	,4.500000	,-1.500000	,14.500000	,5.000000	,16.000000	,7.500000	,4.500000	,-9.000000	,-30.000000	,-9.000000	,-6.000000	,-17.000000	,8.500000	,29.000000	,25.000000	,24.500000	,-0.500000	,8.500000	,-7.000000	,-9.000000	,16.000000	,7.500000	,-9.000000	,8.500000	,21.000000	,7.000000	,5.500000	,13.500000	,11.500000	,-17.500000	,0.000000	,6.500000	,28.000000	,6.000000	,-8.500000	,-4.000000	,-13.500000	,-8.000000	,5.000000	,-14.000000	,-7.000000	,19.000000	,22.500000	,30.500000	,10.500000	,18.500000	,12.000000	,150.500000	,276.000000	,259.000000	,72.000000	,15.500000	,60.000000	,-4.000000	,6.000000	,2.000000	,14.500000	,21.500000	,-25.500000	,-41.500000	,-22.500000	,-12.000000	,-26.500000	,-8.000000	,-8.000000	,-18.000000	,2.000000	,21.000000	,-3.000000	,-9.500000	,4.500000	,4.500000	,-21.500000	,20.000000	,-74.500000	,-301.000000	,-220.000000	,-2.500000	,-6.000000	,7.500000	,39.000000	,-13.500000	,-0.500000	,-5.500000	,-5.000000	,-3.500000	,-6.500000	,-7.000000	,-26.000000	,13.500000	,-2.000000	,-16.500000	,1.000000	,6.000000	,3.500000	,14.500000	,160.500000	,302.500000	,142.000000	,-9.500000	,18.500000	,25.000000	,3.500000	,3.500000	,0.000000	,-12.500000	,-25.000000	,-2.000000	,-3.500000	,15.500000	,3.500000	,8.500000	,6.500000	,-33.500000	,-27.500000	,5.000000	,0.000000	,-189.000000	,-177.000000	,14.500000	,-17.000000	,-26.000000	,-11.500000	,5.500000	,6.000000	,-27.500000	,-14.500000	,-7.000000	,-8.500000	,37.000000	,30.000000	,13.500000	,15.500000	,17.500000	,12.000000	,-33.500000	,-23.000000	,2.500000	,16.000000	,10.500000	,50.500000	,52.000000	,7.500000	,15.500000	,-17.500000	,-1.000000	,-32.500000	,0.500000	,4.000000	,16.000000	,-23.500000	,1.000000	,32.500000	,11.000000	,0.000000	,4.500000	,-15.500000	,-11.500000	,-7.000000	,-18.500000	,-4.000000	,26.000000	,23.000000	,-15.500000	,9.000000	,22.000000	,12.500000	,5.000000	,1.000000	,-2.000000	,-5.000000	,50.000000	,67.000000	,18.500000	,0.500000	,-16.500000	,-10.500000	,5.500000	,20.500000	,-5.000000	,14.000000	,5.500000	,-45.500000	,-77.500000	,-73.500000	,-45.000000	,-5.500000	,9.500000	,17.500000	,7.500000	,-5.500000	,-12.000000	,5.000000	,9.500000	,-6.000000	,-0.500000	,1.000000	,1.500000	,28.000000	,19.500000	,-3.500000	,3.500000	,1.000000	,-8.500000	,-9.500000	,-6.000000	,-7.000000	,11.500000	,-2.500000	,1.500000	,1.500000	,-4.000000	,-16.500000	,-19.500000	,2.500000	,4.500000	,-5.500000	,-10.500000	,-11.000000	,1.500000	,15.500000	,14.500000	,-6.500000	,170.000000	,
-183.500000	,-0.500000	,-4.500000	,-8.000000	,-3.000000	,-2.500000	,-6.000000	,2.000000	,11.000000	,-1.000000	,-16.500000	,-11.500000	,-2.000000	,-5.000000	,-18.500000	,-6.500000	,1.500000	,-0.500000	,12.000000	,8.000000	,2.000000	,-1.500000	,22.500000	,9.000000	,-6.000000	,6.000000	,5.000000	,-12.000000	,-7.000000	,-4.000000	,15.000000	,3.000000	,-5.500000	,16.500000	,-1.000000	,-9.000000	,18.000000	,7.500000	,-19.000000	,-21.000000	,-10.500000	,-5.500000	,-4.000000	,1.500000	,-16.000000	,-35.500000	,-5.000000	,12.500000	,4.000000	,-16.000000	,7.000000	,22.500000	,-1.000000	,17.500000	,14.000000	,-9.500000	,10.500000	,21.000000	,23.500000	,0.000000	,2.000000	,8.000000	,3.500000	,43.000000	,220.500000	,309.500000	,176.000000	,20.500000	,15.500000	,8.000000	,-5.500000	,-27.000000	,16.500000	,15.500000	,10.000000	,-7.000000	,-3.500000	,-3.500000	,5.500000	,32.500000	,13.000000	,-18.500000	,-2.500000	,28.500000	,20.500000	,0.500000	,18.500000	,48.000000	,-7.000000	,6.000000	,-55.000000	,-287.500000	,-231.500000	,-12.500000	,-38.500000	,-20.500000	,22.500000	,7.000000	,-9.500000	,-0.500000	,-9.000000	,-2.000000	,25.000000	,-6.000000	,-20.500000	,0.500000	,-6.000000	,8.000000	,1.500000	,-40.000000	,-24.000000	,-23.500000	,49.500000	,238.000000	,97.500000	,-29.500000	,6.000000	,1.000000	,1.000000	,-8.000000	,-0.500000	,-8.000000	,-4.000000	,14.000000	,-12.000000	,-4.500000	,-8.500000	,8.000000	,2.500000	,-16.000000	,-17.000000	,-8.000000	,-26.500000	,-209.000000	,-155.500000	,43.500000	,12.000000	,-23.500000	,-0.500000	,33.500000	,21.500000	,1.000000	,-17.500000	,-2.000000	,-11.000000	,-5.000000	,3.500000	,-10.000000	,-21.000000	,1.000000	,4.500000	,-12.500000	,-11.500000	,-17.000000	,-16.500000	,-8.500000	,159.000000	,162.500000	,15.500000	,-4.000000	,12.000000	,15.500000	,-11.000000	,-23.000000	,-0.500000	,-5.000000	,-24.000000	,-15.000000	,20.000000	,-11.000000	,-9.500000	,11.500000	,4.000000	,17.500000	,4.500000	,-19.000000	,-38.500000	,-8.000000	,-0.500000	,-14.500000	,4.500000	,28.500000	,19.500000	,-13.500000	,-13.000000	,-23.000000	,-49.000000	,-42.500000	,19.000000	,4.500000	,10.500000	,5.000000	,3.500000	,-3.000000	,-14.500000	,-7.500000	,-11.500000	,30.500000	,8.500000	,-31.000000	,-94.500000	,-87.500000	,-39.000000	,-4.500000	,-4.000000	,1.500000	,-16.000000	,-25.000000	,-14.000000	,7.000000	,-3.500000	,-10.000000	,-16.500000	,-2.500000	,21.000000	,7.500000	,-6.000000	,6.000000	,1.500000	,-12.500000	,5.000000	,2.500000	,0.000000	,7.000000	,-5.000000	,-18.500000	,4.500000	,8.000000	,-11.000000	,-6.000000	,6.500000	,0.000000	,5.000000	,-3.000000	,-7.000000	,2.000000	,8.500000	,14.500000	,-1.500000	,175.000000	,
-195.000000	,-10.500000	,1.000000	,-6.500000	,2.500000	,1.500000	,-8.000000	,-13.000000	,12.000000	,17.500000	,-5.000000	,-13.500000	,-8.500000	,0.500000	,-21.000000	,-1.500000	,3.500000	,-3.500000	,-11.500000	,2.500000	,5.500000	,3.500000	,18.000000	,14.500000	,9.500000	,22.500000	,12.500000	,-0.500000	,-3.500000	,-20.000000	,-10.000000	,5.000000	,-6.500000	,-9.500000	,-9.000000	,-12.500000	,9.500000	,6.500000	,10.000000	,23.000000	,-5.500000	,-21.000000	,-1.000000	,16.500000	,-7.500000	,-6.500000	,-13.000000	,-13.000000	,6.500000	,-3.500000	,-11.500000	,-7.000000	,-16.500000	,-7.000000	,-26.500000	,-37.500000	,-2.500000	,-7.000000	,-31.000000	,-36.000000	,-22.000000	,-3.500000	,-16.000000	,-7.500000	,79.000000	,257.000000	,290.000000	,121.500000	,3.000000	,-15.000000	,-35.500000	,-35.500000	,-11.000000	,2.500000	,27.000000	,-1.500000	,2.000000	,-12.500000	,-25.000000	,-0.500000	,-4.500000	,-7.000000	,-18.000000	,-6.000000	,-13.500000	,-25.500000	,3.500000	,25.000000	,-12.500000	,0.000000	,20.500000	,-223.000000	,-294.500000	,-131.500000	,-10.500000	,-31.500000	,-5.000000	,-4.500000	,5.000000	,14.500000	,14.500000	,7.000000	,11.500000	,4.500000	,13.000000	,6.500000	,0.500000	,21.000000	,27.500000	,-3.500000	,15.500000	,-23.000000	,86.500000	,296.000000	,217.500000	,25.500000	,-1.500000	,-3.000000	,-9.500000	,-2.500000	,30.500000	,2.500000	,-8.500000	,6.000000	,-2.000000	,-20.500000	,21.500000	,26.500000	,17.000000	,1.500000	,-11.000000	,-29.000000	,-66.500000	,-231.000000	,-131.500000	,33.000000	,27.500000	,-9.000000	,4.500000	,20.000000	,16.500000	,-2.000000	,-18.000000	,0.500000	,-25.000000	,-10.500000	,11.500000	,-15.500000	,-27.500000	,16.000000	,30.000000	,14.500000	,-3.500000	,7.000000	,-16.500000	,12.000000	,235.500000	,219.000000	,21.000000	,-30.000000	,-13.500000	,1.000000	,20.000000	,2.500000	,10.000000	,18.000000	,-1.000000	,-10.500000	,9.000000	,1.000000	,0.000000	,-1.500000	,-13.000000	,28.500000	,1.000000	,1.500000	,-0.500000	,5.000000	,13.000000	,-27.000000	,-42.000000	,-3.000000	,25.000000	,-10.500000	,-59.000000	,-108.000000	,-75.500000	,-40.000000	,26.000000	,45.000000	,2.500000	,20.500000	,45.500000	,23.500000	,9.000000	,-12.000000	,-20.500000	,-28.000000	,2.000000	,16.000000	,-61.500000	,-93.000000	,-82.500000	,-16.000000	,4.500000	,15.000000	,9.500000	,-4.500000	,-8.000000	,12.000000	,13.000000	,2.000000	,-5.000000	,0.000000	,3.000000	,-2.500000	,-10.500000	,2.500000	,11.000000	,-3.500000	,-5.500000	,-3.000000	,-6.000000	,10.000000	,3.500000	,-10.000000	,13.500000	,25.000000	,8.000000	,-1.000000	,-17.000000	,2.500000	,11.000000	,-3.500000	,-7.500000	,-0.500000	,-1.500000	,22.000000	,5.500000	,173.500000	,
-192.000000	,-9.500000	,-9.500000	,-4.500000	,-4.000000	,10.000000	,-1.500000	,-11.000000	,23.000000	,22.000000	,12.000000	,-2.000000	,17.000000	,11.500000	,-6.500000	,-1.000000	,-4.500000	,-16.500000	,-11.500000	,-13.000000	,0.000000	,-9.000000	,-26.000000	,-7.000000	,-2.000000	,2.500000	,2.500000	,11.500000	,17.500000	,-5.000000	,-2.500000	,4.500000	,-12.000000	,2.000000	,-1.000000	,-14.000000	,8.000000	,-4.500000	,3.500000	,26.500000	,5.500000	,-37.000000	,-14.500000	,-3.500000	,-3.000000	,-9.000000	,-1.000000	,-4.000000	,16.000000	,5.000000	,-12.000000	,1.500000	,27.500000	,34.500000	,4.000000	,-21.000000	,-0.500000	,8.000000	,17.000000	,-20.500000	,-4.000000	,15.500000	,-22.500000	,-39.000000	,-2.500000	,137.000000	,302.000000	,268.000000	,85.500000	,16.000000	,-3.000000	,16.000000	,-4.000000	,-23.000000	,-14.000000	,-11.000000	,7.000000	,-7.500000	,-11.500000	,12.000000	,-0.500000	,-17.000000	,-27.000000	,-40.500000	,-39.500000	,-39.000000	,-12.000000	,16.500000	,3.500000	,13.000000	,10.000000	,-148.500000	,-279.000000	,-233.500000	,-70.500000	,-3.000000	,-12.500000	,-35.500000	,3.500000	,21.500000	,4.500000	,-25.500000	,-14.000000	,3.000000	,8.500000	,-4.000000	,-9.500000	,17.000000	,34.000000	,-3.000000	,16.500000	,1.500000	,67.500000	,246.500000	,249.000000	,31.000000	,20.000000	,7.000000	,0.500000	,-14.000000	,-11.000000	,-4.000000	,-27.500000	,14.500000	,13.000000	,-18.500000	,7.500000	,3.000000	,-17.000000	,20.000000	,-5.500000	,2.000000	,-121.000000	,-251.500000	,-99.000000	,-7.500000	,7.500000	,-11.500000	,-13.500000	,-18.500000	,0.000000	,3.500000	,-27.500000	,8.500000	,10.000000	,-3.000000	,6.000000	,5.000000	,5.500000	,15.000000	,25.000000	,9.000000	,22.500000	,6.500000	,-30.000000	,-11.000000	,104.500000	,78.000000	,14.500000	,7.500000	,1.500000	,-1.000000	,-14.500000	,8.500000	,-3.000000	,-6.500000	,6.000000	,4.000000	,-18.500000	,-9.000000	,15.500000	,13.500000	,-1.000000	,33.000000	,20.500000	,27.500000	,38.000000	,23.000000	,11.500000	,-1.500000	,-20.000000	,21.000000	,29.000000	,26.500000	,-65.000000	,-42.000000	,-1.000000	,-7.000000	,4.500000	,39.500000	,-20.000000	,-15.500000	,31.000000	,-2.000000	,-10.500000	,-9.000000	,-13.000000	,-44.000000	,-22.500000	,5.000000	,-2.500000	,-79.000000	,-104.500000	,-74.500000	,-29.000000	,16.000000	,27.500000	,10.500000	,5.000000	,1.500000	,-6.500000	,-16.500000	,-0.500000	,0.000000	,6.500000	,-5.500000	,-16.500000	,13.500000	,12.500000	,-1.000000	,1.500000	,5.000000	,-6.500000	,13.000000	,4.000000	,-16.500000	,7.500000	,5.000000	,10.000000	,4.500000	,-11.500000	,0.000000	,-5.000000	,-20.500000	,-4.500000	,-4.000000	,-5.000000	,6.500000	,-10.000000	,183.000000	,
-178.500000	,-2.000000	,-3.000000	,-4.000000	,-6.500000	,14.000000	,5.000000	,-2.000000	,-2.500000	,-4.500000	,15.000000	,-0.500000	,2.000000	,3.000000	,-13.500000	,0.000000	,10.000000	,-4.000000	,-14.000000	,-7.000000	,9.000000	,-3.000000	,-17.000000	,-1.500000	,2.500000	,-2.000000	,3.500000	,12.500000	,21.000000	,4.000000	,8.000000	,2.500000	,-14.500000	,10.000000	,1.000000	,0.000000	,18.000000	,-19.000000	,-29.000000	,7.000000	,3.500000	,-15.000000	,-3.000000	,-22.500000	,-24.000000	,-2.000000	,0.500000	,-12.500000	,3.000000	,17.000000	,1.000000	,4.000000	,10.000000	,17.000000	,5.500000	,4.000000	,7.000000	,6.000000	,27.000000	,-6.500000	,-21.500000	,10.500000	,-1.000000	,4.500000	,-36.000000	,9.000000	,190.500000	,302.000000	,218.500000	,27.000000	,23.000000	,38.000000	,-15.500000	,-3.000000	,-4.500000	,6.500000	,30.000000	,0.000000	,-4.500000	,1.000000	,-17.000000	,-1.500000	,23.500000	,6.000000	,-8.500000	,-0.500000	,-11.500000	,22.000000	,16.000000	,21.000000	,33.000000	,-10.500000	,-214.000000	,-301.000000	,-119.000000	,41.000000	,-22.500000	,-31.000000	,-25.500000	,7.500000	,21.500000	,-11.000000	,-17.000000	,19.000000	,30.500000	,3.500000	,-32.000000	,-2.000000	,7.500000	,-2.500000	,-8.000000	,-18.000000	,-32.500000	,160.500000	,192.000000	,-2.000000	,3.000000	,-10.500000	,2.500000	,-10.500000	,-3.000000	,7.000000	,-26.000000	,19.000000	,7.500000	,-8.500000	,0.000000	,-18.000000	,7.000000	,38.000000	,18.500000	,32.000000	,-139.000000	,-222.500000	,-35.500000	,3.000000	,10.500000	,-0.500000	,8.000000	,-13.000000	,14.500000	,14.000000	,-5.500000	,-3.500000	,-1.500000	,-23.000000	,-31.500000	,-8.500000	,0.000000	,25.500000	,-1.500000	,-11.500000	,-13.500000	,-19.000000	,-17.500000	,37.000000	,54.000000	,1.000000	,15.000000	,23.500000	,5.000000	,-17.500000	,-29.000000	,-7.500000	,-7.000000	,-26.500000	,-14.500000	,-11.500000	,-10.500000	,-18.500000	,17.000000	,22.000000	,0.000000	,18.000000	,-14.500000	,-19.000000	,-21.500000	,-14.500000	,13.500000	,26.000000	,-16.000000	,-11.500000	,-5.500000	,-18.000000	,-92.000000	,28.000000	,17.000000	,-31.000000	,-20.000000	,-1.500000	,-33.500000	,-7.500000	,10.000000	,-2.000000	,-15.500000	,15.000000	,31.000000	,4.000000	,-6.000000	,10.500000	,17.500000	,-45.000000	,-73.500000	,-99.500000	,-91.500000	,-39.000000	,-2.000000	,-6.000000	,-5.500000	,-3.000000	,-10.500000	,-28.500000	,-1.500000	,-1.000000	,10.500000	,0.500000	,-15.500000	,-12.000000	,11.000000	,5.000000	,12.000000	,6.500000	,-6.500000	,-5.000000	,5.000000	,-6.000000	,-1.500000	,-10.500000	,6.500000	,11.500000	,-1.500000	,4.500000	,-9.000000	,-14.500000	,-18.500000	,-8.500000	,-15.000000	,6.500000	,-0.500000	,189.000000	,
-176.000000	,4.500000	,6.000000	,1.500000	,-3.000000	,1.500000	,-5.500000	,-1.500000	,2.000000	,1.000000	,8.500000	,-5.000000	,-12.000000	,4.500000	,-3.000000	,14.500000	,16.000000	,9.500000	,-8.000000	,0.000000	,26.000000	,13.000000	,-7.000000	,4.000000	,7.000000	,-2.000000	,-15.500000	,-7.500000	,-9.500000	,-3.500000	,22.500000	,3.500000	,-21.500000	,7.000000	,-7.000000	,-8.500000	,16.000000	,1.000000	,-19.000000	,13.000000	,28.500000	,38.000000	,19.000000	,-11.500000	,-12.500000	,-4.000000	,4.500000	,-11.000000	,-4.500000	,14.500000	,-26.500000	,-45.000000	,-21.000000	,-6.500000	,0.000000	,18.000000	,-4.500000	,-14.500000	,6.500000	,-7.500000	,-5.500000	,-0.500000	,9.000000	,44.500000	,13.000000	,-30.500000	,59.000000	,258.000000	,319.000000	,139.000000	,8.000000	,16.500000	,8.500000	,9.500000	,-13.500000	,8.000000	,28.500000	,-23.500000	,-28.500000	,-11.000000	,-18.000000	,34.000000	,40.000000	,15.000000	,8.500000	,-18.500000	,-25.500000	,5.500000	,-3.000000	,1.000000	,31.500000	,30.500000	,-96.000000	,-289.000000	,-203.000000	,2.500000	,-14.000000	,-13.000000	,-7.500000	,4.500000	,22.000000	,9.500000	,-16.500000	,9.000000	,16.000000	,2.000000	,-13.500000	,2.500000	,27.000000	,7.500000	,-15.000000	,7.000000	,11.000000	,224.000000	,162.500000	,-10.500000	,0.000000	,12.000000	,22.000000	,-11.500000	,-1.000000	,-11.000000	,-23.000000	,-18.500000	,-9.000000	,10.000000	,26.500000	,-11.500000	,-4.000000	,25.500000	,22.000000	,50.500000	,-145.000000	,-208.500000	,-12.000000	,8.500000	,4.000000	,9.000000	,25.000000	,-18.500000	,-11.000000	,27.000000	,7.000000	,-7.000000	,27.500000	,-6.500000	,-19.000000	,-42.500000	,-18.500000	,1.500000	,-18.500000	,-7.500000	,1.500000	,9.500000	,79.000000	,184.000000	,64.500000	,-29.500000	,-27.500000	,-16.000000	,7.000000	,0.500000	,-1.500000	,2.000000	,3.000000	,-13.500000	,-13.500000	,-9.500000	,25.000000	,-16.500000	,-36.500000	,-1.000000	,-3.500000	,-14.000000	,-10.500000	,-6.500000	,-2.000000	,-23.500000	,-13.500000	,-22.000000	,7.500000	,3.500000	,15.500000	,-65.500000	,-44.500000	,16.500000	,7.000000	,-32.000000	,-5.000000	,-12.500000	,-30.000000	,-13.500000	,21.000000	,10.500000	,2.500000	,15.000000	,14.500000	,14.500000	,12.500000	,27.500000	,21.000000	,-2.000000	,0.000000	,-64.000000	,-111.500000	,-74.000000	,-10.500000	,-6.000000	,-19.500000	,8.000000	,-2.500000	,-42.000000	,-18.000000	,1.500000	,12.000000	,10.500000	,-2.000000	,-15.500000	,-21.000000	,-17.000000	,-19.500000	,9.500000	,2.000000	,11.500000	,8.500000	,-3.000000	,-5.500000	,-9.500000	,-11.000000	,-17.500000	,-7.000000	,19.000000	,1.500000	,-14.500000	,-1.500000	,0.000000	,6.500000	,2.000000	,2.500000	,192.500000	,
-192.500000	,-8.000000	,3.000000	,1.000000	,2.000000	,1.500000	,-12.500000	,-19.000000	,-3.000000	,-4.000000	,15.000000	,7.000000	,5.000000	,11.000000	,-1.500000	,-1.500000	,14.500000	,2.500000	,-15.500000	,-2.500000	,7.000000	,2.500000	,-4.000000	,0.000000	,4.000000	,-1.000000	,-14.000000	,-4.500000	,-8.000000	,-7.000000	,21.000000	,10.500000	,-7.000000	,-59.000000	,-175.500000	,-48.000000	,18.000000	,3.000000	,-6.000000	,1.000000	,2.000000	,8.000000	,19.000000	,-3.000000	,-2.500000	,-0.500000	,10.000000	,16.500000	,-7.500000	,12.000000	,-5.500000	,-3.000000	,7.500000	,-4.500000	,0.000000	,6.500000	,-6.000000	,12.000000	,22.000000	,16.500000	,17.500000	,-32.500000	,-8.000000	,21.500000	,2.000000	,6.000000	,-28.000000	,110.000000	,281.000000	,263.500000	,131.000000	,-3.000000	,2.000000	,5.500000	,-14.000000	,2.500000	,21.500000	,21.000000	,31.500000	,15.000000	,-11.000000	,-2.500000	,2.500000	,-24.000000	,7.000000	,-2.500000	,-12.000000	,12.000000	,-13.000000	,-25.000000	,17.500000	,27.000000	,-52.500000	,-267.000000	,-234.500000	,-9.500000	,-9.000000	,-7.000000	,-7.000000	,-22.500000	,1.500000	,14.000000	,-10.000000	,-18.000000	,13.000000	,8.000000	,-22.000000	,-4.000000	,11.000000	,12.000000	,12.500000	,-6.000000	,20.500000	,252.000000	,271.500000	,61.500000	,-10.000000	,0.000000	,9.000000	,6.000000	,22.500000	,0.000000	,4.000000	,-15.500000	,-23.000000	,10.000000	,14.500000	,-30.000000	,-29.000000	,13.000000	,4.500000	,17.000000	,-170.500000	,-199.000000	,-27.500000	,4.000000	,-4.000000	,8.500000	,19.000000	,-9.000000	,-34.500000	,-10.500000	,-4.500000	,4.000000	,50.500000	,20.500000	,13.500000	,-21.500000	,-0.500000	,15.000000	,19.500000	,-5.500000	,4.500000	,4.000000	,54.500000	,38.500000	,19.000000	,-24.000000	,-29.500000	,7.500000	,14.500000	,-15.000000	,-5.500000	,-7.500000	,12.000000	,19.000000	,-0.500000	,-23.500000	,7.500000	,-5.000000	,-33.500000	,-12.000000	,2.000000	,-16.500000	,-10.000000	,24.000000	,10.000000	,5.500000	,-11.500000	,-39.000000	,10.000000	,7.000000	,59.500000	,32.500000	,0.500000	,31.500000	,28.500000	,-2.000000	,1.000000	,-2.500000	,-8.000000	,-21.000000	,-16.500000	,-12.000000	,-15.000000	,-12.000000	,-26.000000	,-27.000000	,-6.500000	,17.000000	,9.500000	,8.000000	,5.500000	,-4.500000	,-72.500000	,-88.500000	,-44.500000	,21.000000	,-3.000000	,14.000000	,5.500000	,-17.000000	,-14.000000	,-9.500000	,0.000000	,15.000000	,7.000000	,-17.500000	,-15.000000	,-28.000000	,-30.000000	,11.500000	,2.500000	,-6.000000	,-1.500000	,-5.000000	,12.000000	,10.000000	,7.500000	,-12.500000	,-3.500000	,-0.500000	,6.500000	,-18.000000	,-1.500000	,14.000000	,-1.000000	,-15.500000	,6.000000	,195.000000	,
-191.500000	,-10.500000	,3.000000	,2.500000	,5.000000	,9.000000	,-10.000000	,-12.500000	,-7.500000	,-4.000000	,2.000000	,5.000000	,-2.000000	,-10.000000	,-1.500000	,-14.000000	,-17.000000	,7.500000	,-2.500000	,-2.000000	,6.000000	,1.500000	,-9.000000	,-9.000000	,12.000000	,18.500000	,12.000000	,12.000000	,3.500000	,-5.500000	,12.000000	,13.000000	,66.000000	,-57.500000	,-284.500000	,-209.000000	,-92.000000	,18.000000	,15.000000	,-19.000000	,4.500000	,27.000000	,19.500000	,0.500000	,-1.500000	,-11.000000	,-12.500000	,-12.000000	,-11.500000	,33.000000	,-2.500000	,-7.000000	,5.500000	,-5.500000	,-5.500000	,1.500000	,4.000000	,29.000000	,33.500000	,14.500000	,10.000000	,-13.000000	,-17.000000	,-7.000000	,-3.500000	,3.500000	,-29.500000	,-27.500000	,160.500000	,323.000000	,248.000000	,65.500000	,1.500000	,8.500000	,-16.000000	,-4.000000	,-6.000000	,-2.000000	,11.000000	,-20.500000	,-6.500000	,13.500000	,0.500000	,0.000000	,3.000000	,-4.000000	,4.000000	,34.000000	,11.500000	,-2.000000	,9.500000	,4.500000	,1.500000	,-180.000000	,-236.500000	,-75.500000	,-6.500000	,15.000000	,12.500000	,-42.000000	,-15.000000	,-0.500000	,11.500000	,8.500000	,-2.000000	,-10.500000	,-50.500000	,-14.500000	,15.500000	,15.000000	,16.000000	,-13.000000	,9.500000	,199.000000	,279.500000	,62.000000	,-0.500000	,2.500000	,-7.500000	,-15.500000	,-5.500000	,5.000000	,19.500000	,17.500000	,-15.500000	,-26.000000	,13.500000	,-14.500000	,-17.500000	,-3.500000	,-15.000000	,-9.000000	,-189.500000	,-163.500000	,5.500000	,-6.500000	,-17.500000	,31.000000	,34.500000	,0.500000	,-5.500000	,12.000000	,-18.000000	,7.000000	,34.000000	,31.500000	,9.500000	,-14.500000	,-19.500000	,11.500000	,20.500000	,-6.000000	,-19.000000	,53.500000	,95.000000	,-9.500000	,18.500000	,13.000000	,-26.500000	,12.500000	,-20.000000	,-10.500000	,3.000000	,9.500000	,22.500000	,-9.500000	,-10.000000	,-36.000000	,-6.000000	,4.000000	,1.000000	,24.500000	,11.000000	,-18.000000	,-7.500000	,4.500000	,-1.000000	,36.500000	,23.000000	,-29.000000	,-25.000000	,-23.500000	,-36.500000	,-32.000000	,-46.500000	,-11.000000	,7.500000	,13.000000	,6.000000	,11.500000	,16.000000	,-2.500000	,-19.500000	,-23.500000	,8.500000	,1.500000	,-8.000000	,-30.500000	,-33.000000	,-29.000000	,-14.500000	,-25.000000	,-18.500000	,2.000000	,-39.000000	,-89.500000	,-82.000000	,-8.000000	,13.500000	,26.000000	,24.000000	,6.000000	,-4.500000	,-20.500000	,-3.500000	,2.500000	,18.000000	,8.500000	,15.500000	,-31.500000	,-21.000000	,-3.000000	,-8.500000	,-13.500000	,-20.000000	,-23.500000	,-4.000000	,0.500000	,15.500000	,14.000000	,-1.500000	,16.000000	,13.500000	,-0.500000	,-5.500000	,-2.000000	,-21.000000	,-8.500000	,0.000000	,192.000000	,
-186.500000	,-3.500000	,0.000000	,-1.000000	,-5.500000	,4.000000	,6.500000	,-8.000000	,-2.500000	,1.000000	,-9.000000	,-4.000000	,4.000000	,-5.500000	,10.000000	,1.500000	,-3.000000	,9.500000	,6.000000	,2.000000	,-5.500000	,-12.000000	,-7.000000	,-16.000000	,6.500000	,2.000000	,-8.500000	,-1.500000	,-15.000000	,-27.500000	,-11.500000	,-1.000000	,138.000000	,-80.000000	,-242.500000	,-297.000000	,-259.000000	,-101.000000	,-29.000000	,18.000000	,26.000000	,29.500000	,8.000000	,-18.500000	,-8.500000	,-27.000000	,-6.000000	,-14.000000	,-7.000000	,7.000000	,-16.500000	,-7.500000	,-1.000000	,1.500000	,14.000000	,-6.500000	,-21.500000	,-10.000000	,5.500000	,9.500000	,-5.000000	,-18.000000	,9.000000	,-2.000000	,3.000000	,40.000000	,29.500000	,20.500000	,32.000000	,225.500000	,314.000000	,188.000000	,23.500000	,-1.000000	,6.000000	,-2.000000	,-23.500000	,-8.500000	,-4.500000	,-11.500000	,-0.500000	,19.500000	,13.000000	,-17.000000	,-49.500000	,-31.000000	,-26.000000	,5.500000	,31.500000	,12.500000	,13.500000	,17.000000	,23.500000	,-165.500000	,-308.500000	,-207.500000	,-22.000000	,30.500000	,14.500000	,-10.500000	,-4.500000	,30.000000	,25.000000	,-10.500000	,-6.500000	,-17.500000	,-17.500000	,-8.500000	,-2.500000	,18.500000	,11.500000	,9.000000	,-41.000000	,111.500000	,205.000000	,48.000000	,49.000000	,19.500000	,0.500000	,5.000000	,4.000000	,13.000000	,23.000000	,19.000000	,-4.500000	,-12.500000	,17.000000	,-2.000000	,2.000000	,-2.500000	,-2.000000	,-49.000000	,-206.000000	,-122.000000	,35.000000	,0.500000	,-18.000000	,18.000000	,3.000000	,-1.500000	,18.500000	,14.000000	,-21.000000	,-9.000000	,7.500000	,13.000000	,1.000000	,-26.000000	,-48.000000	,7.000000	,7.500000	,14.500000	,8.500000	,220.500000	,219.500000	,10.500000	,12.500000	,27.500000	,7.000000	,34.000000	,34.000000	,28.000000	,13.000000	,26.000000	,32.500000	,3.500000	,18.000000	,-0.500000	,-1.500000	,-13.500000	,-1.500000	,1.000000	,24.500000	,-20.000000	,4.000000	,3.500000	,-20.500000	,25.000000	,32.500000	,-37.500000	,-95.500000	,-29.500000	,-10.500000	,-6.000000	,-13.000000	,0.500000	,8.500000	,13.500000	,15.500000	,-5.000000	,11.500000	,5.500000	,-30.500000	,-15.500000	,-5.500000	,-10.000000	,13.500000	,12.500000	,15.000000	,-5.500000	,24.500000	,4.000000	,-21.500000	,-10.500000	,-4.000000	,-44.000000	,-112.000000	,-89.000000	,-38.000000	,-4.000000	,3.500000	,7.000000	,-7.000000	,-5.000000	,0.000000	,17.500000	,14.000000	,24.000000	,33.500000	,-5.500000	,-9.000000	,-4.000000	,-16.500000	,15.000000	,-12.500000	,-10.000000	,4.000000	,-1.000000	,2.500000	,18.000000	,11.500000	,12.500000	,17.500000	,-10.000000	,-3.500000	,3.500000	,-33.000000	,-16.000000	,0.000000	,192.000000	,
-188.500000	,-5.500000	,-8.000000	,8.000000	,12.000000	,4.000000	,6.000000	,-11.000000	,-1.000000	,-3.500000	,-15.000000	,-7.000000	,-2.500000	,-2.500000	,15.000000	,5.000000	,-1.000000	,-5.000000	,-6.000000	,8.000000	,3.500000	,5.500000	,5.000000	,-12.500000	,-9.000000	,-5.500000	,1.500000	,12.500000	,-2.500000	,-6.000000	,-5.000000	,79.000000	,104.500000	,-47.000000	,-54.500000	,-202.000000	,-292.500000	,-289.500000	,-170.500000	,-16.500000	,-1.000000	,-17.500000	,8.000000	,6.000000	,-2.000000	,11.500000	,35.500000	,-2.500000	,-8.500000	,-0.500000	,-25.500000	,-35.500000	,-12.500000	,-4.500000	,-4.500000	,2.500000	,-14.000000	,-2.500000	,0.500000	,-16.500000	,-8.000000	,-2.000000	,4.500000	,0.000000	,11.500000	,10.000000	,0.000000	,0.500000	,-0.500000	,89.500000	,282.500000	,297.500000	,122.000000	,1.000000	,6.000000	,36.500000	,21.000000	,34.000000	,1.000000	,-17.000000	,-3.500000	,-20.500000	,3.000000	,20.500000	,-26.500000	,-18.500000	,-41.000000	,-23.000000	,20.000000	,-19.000000	,-8.000000	,5.000000	,8.500000	,-78.500000	,-253.500000	,-307.500000	,-123.000000	,23.500000	,8.500000	,-5.000000	,-10.500000	,9.500000	,4.000000	,26.000000	,8.000000	,0.500000	,-1.500000	,-6.500000	,-14.000000	,20.500000	,12.000000	,3.500000	,-13.000000	,187.000000	,177.000000	,-14.000000	,-6.500000	,-18.500000	,16.500000	,18.500000	,16.500000	,-5.500000	,-27.000000	,11.500000	,14.500000	,2.500000	,9.500000	,1.000000	,11.000000	,11.500000	,19.000000	,-114.000000	,-246.500000	,-87.000000	,36.000000	,11.500000	,-27.500000	,-0.500000	,-15.500000	,-19.500000	,-0.500000	,-4.000000	,-31.500000	,-39.500000	,-24.000000	,3.500000	,29.000000	,41.000000	,-22.000000	,-24.500000	,-5.500000	,20.500000	,25.500000	,178.500000	,149.500000	,-13.500000	,-3.500000	,10.000000	,-4.500000	,21.500000	,-7.000000	,4.500000	,10.000000	,11.500000	,11.000000	,5.000000	,-7.500000	,14.000000	,-7.000000	,-36.500000	,-26.500000	,20.000000	,8.000000	,-36.500000	,-11.000000	,-8.500000	,-27.500000	,19.000000	,34.500000	,-73.000000	,-44.500000	,42.000000	,60.500000	,27.000000	,7.000000	,16.500000	,-11.000000	,-2.000000	,14.500000	,25.500000	,18.500000	,11.000000	,-15.500000	,-11.500000	,-25.000000	,-23.000000	,-12.500000	,11.500000	,-13.500000	,12.500000	,36.000000	,8.500000	,-12.500000	,-3.500000	,20.500000	,-4.000000	,-73.500000	,-123.000000	,-107.000000	,-47.500000	,5.000000	,-3.500000	,-14.500000	,6.000000	,-0.500000	,2.500000	,-0.500000	,18.500000	,17.500000	,6.000000	,15.000000	,7.000000	,5.500000	,35.000000	,10.500000	,8.000000	,12.000000	,3.500000	,-5.000000	,-1.500000	,-6.000000	,-9.000000	,0.500000	,-5.000000	,25.000000	,15.500000	,-11.500000	,-18.500000	,-21.000000	,192.000000	,
-186.500000	,-2.500000	,-9.500000	,4.000000	,-2.000000	,12.000000	,7.500000	,-3.000000	,0.500000	,-4.500000	,-10.500000	,-16.000000	,-7.500000	,-12.000000	,-5.500000	,-13.500000	,-5.500000	,-2.000000	,-3.000000	,17.500000	,5.000000	,8.000000	,13.500000	,6.000000	,6.000000	,3.500000	,6.000000	,26.500000	,2.500000	,14.000000	,27.500000	,125.000000	,34.000000	,-4.000000	,-7.000000	,-59.000000	,-125.500000	,-302.500000	,-348.000000	,-248.000000	,-122.500000	,2.000000	,10.500000	,40.000000	,5.000000	,-0.500000	,22.000000	,9.000000	,12.500000	,6.500000	,-1.000000	,-0.500000	,-2.000000	,5.000000	,-6.000000	,13.500000	,-14.000000	,-13.500000	,12.000000	,-3.000000	,15.500000	,9.000000	,13.500000	,-12.000000	,-17.500000	,-33.500000	,-15.000000	,4.500000	,-19.500000	,-13.000000	,154.500000	,292.500000	,233.500000	,59.000000	,-5.000000	,-8.000000	,-13.000000	,12.000000	,-13.000000	,0.500000	,7.000000	,-10.500000	,21.500000	,25.500000	,3.000000	,29.500000	,-8.000000	,-12.000000	,25.500000	,6.500000	,-8.500000	,-3.500000	,2.500000	,34.000000	,-140.500000	,-272.000000	,-123.000000	,17.000000	,2.000000	,-42.000000	,-37.000000	,11.500000	,7.500000	,13.000000	,1.500000	,-3.500000	,-3.000000	,-9.500000	,-26.500000	,-8.500000	,35.000000	,14.000000	,8.500000	,234.000000	,263.500000	,120.000000	,-27.000000	,-35.500000	,-23.500000	,-9.500000	,-3.000000	,-2.500000	,-11.500000	,9.500000	,16.500000	,3.000000	,5.000000	,-20.000000	,-39.000000	,12.000000	,23.000000	,-143.000000	,-227.000000	,-56.500000	,-8.500000	,10.500000	,11.000000	,28.000000	,-11.500000	,-19.500000	,6.500000	,15.000000	,-8.500000	,-8.000000	,2.500000	,-1.500000	,25.000000	,21.500000	,0.500000	,-18.000000	,-6.500000	,35.000000	,29.500000	,54.000000	,40.000000	,-4.000000	,-5.500000	,-9.000000	,-37.000000	,-12.500000	,-39.500000	,-8.500000	,10.500000	,-1.000000	,17.000000	,18.000000	,-2.500000	,17.000000	,9.500000	,17.000000	,-27.000000	,-12.000000	,14.000000	,-8.500000	,-7.000000	,-16.000000	,-9.500000	,35.000000	,75.000000	,30.000000	,-13.000000	,-8.500000	,-1.000000	,-24.500000	,-27.500000	,4.500000	,-11.500000	,-10.000000	,-8.000000	,27.000000	,39.500000	,12.000000	,26.000000	,24.000000	,9.500000	,8.500000	,7.000000	,-23.000000	,-31.500000	,-14.500000	,-3.000000	,-18.000000	,-20.000000	,-20.500000	,18.500000	,20.000000	,15.000000	,-45.500000	,-97.000000	,-96.000000	,-26.000000	,-13.000000	,-17.000000	,-17.000000	,-10.000000	,-7.500000	,4.500000	,-1.000000	,-3.500000	,-10.500000	,22.500000	,-0.500000	,2.500000	,-7.500000	,-3.000000	,-9.000000	,-5.500000	,-16.500000	,-13.500000	,6.500000	,-2.500000	,7.000000	,16.000000	,3.500000	,12.000000	,26.500000	,18.500000	,0.000000	,-10.500000	,192.000000	,
-178.500000	,8.500000	,-6.500000	,-15.000000	,-6.500000	,5.000000	,5.500000	,2.000000	,4.000000	,14.500000	,8.000000	,-1.500000	,-12.000000	,-5.500000	,0.500000	,-4.500000	,-9.500000	,-7.000000	,-12.500000	,-18.000000	,-0.500000	,3.500000	,11.500000	,4.500000	,-5.500000	,-6.000000	,-14.000000	,3.500000	,-7.000000	,7.500000	,27.000000	,31.500000	,-8.500000	,9.500000	,-8.000000	,16.500000	,17.000000	,-126.000000	,-246.500000	,-315.000000	,-228.500000	,-60.000000	,7.500000	,13.500000	,-26.000000	,-18.500000	,6.500000	,9.500000	,9.000000	,16.000000	,15.000000	,9.000000	,24.500000	,5.000000	,-2.500000	,2.500000	,-17.500000	,-7.500000	,1.500000	,13.500000	,5.000000	,-13.500000	,-0.500000	,15.000000	,-6.500000	,-25.500000	,1.500000	,-1.000000	,-13.500000	,-31.000000	,34.500000	,218.000000	,322.500000	,207.000000	,18.500000	,-9.500000	,16.500000	,39.000000	,-6.000000	,4.000000	,7.500000	,-26.500000	,-41.000000	,-26.000000	,-24.000000	,-0.500000	,2.500000	,-7.500000	,16.500000	,16.500000	,33.000000	,24.000000	,-21.000000	,33.000000	,-63.500000	,-251.500000	,-234.000000	,-58.500000	,18.500000	,-46.500000	,-29.500000	,0.500000	,12.000000	,0.000000	,8.500000	,25.500000	,12.000000	,14.500000	,-10.500000	,-27.500000	,-13.000000	,-9.000000	,-20.000000	,147.500000	,305.500000	,204.000000	,0.000000	,6.000000	,-9.000000	,-21.000000	,-1.500000	,4.000000	,-32.500000	,-28.000000	,16.500000	,2.000000	,2.000000	,-13.000000	,-42.500000	,-11.500000	,30.500000	,-172.500000	,-200.000000	,-26.000000	,-19.500000	,-3.500000	,12.000000	,0.500000	,-3.500000	,-19.500000	,15.000000	,24.500000	,27.500000	,3.000000	,-12.000000	,-30.500000	,-12.000000	,11.000000	,10.000000	,-8.000000	,-19.500000	,51.500000	,121.500000	,30.000000	,1.500000	,-1.500000	,35.000000	,2.000000	,-5.000000	,12.000000	,-29.500000	,-18.000000	,4.000000	,-8.000000	,10.000000	,13.500000	,-6.000000	,-18.000000	,22.000000	,21.500000	,-12.000000	,-17.000000	,-12.000000	,5.000000	,5.000000	,-36.500000	,-27.500000	,-33.500000	,-50.500000	,9.000000	,-12.500000	,-7.500000	,0.500000	,3.500000	,1.500000	,2.500000	,-2.500000	,7.000000	,-16.500000	,19.500000	,16.500000	,-9.000000	,16.500000	,15.000000	,21.000000	,21.500000	,59.500000	,6.000000	,0.500000	,14.500000	,25.500000	,15.000000	,-12.500000	,1.500000	,-10.500000	,21.000000	,47.500000	,22.000000	,-55.500000	,-81.000000	,-48.000000	,-3.000000	,-0.500000	,0.500000	,-4.500000	,-8.000000	,1.000000	,12.500000	,1.000000	,0.000000	,8.000000	,4.500000	,1.000000	,-2.000000	,4.000000	,3.500000	,11.500000	,0.500000	,3.000000	,5.500000	,-10.000000	,-6.000000	,4.500000	,-1.000000	,-8.500000	,-7.000000	,21.000000	,10.500000	,0.000000	,192.000000	,
-185.000000	,17.500000	,5.000000	,-13.000000	,-3.000000	,-15.500000	,-4.000000	,6.500000	,8.000000	,14.000000	,4.500000	,17.500000	,-5.500000	,-5.000000	,7.000000	,-10.500000	,-27.000000	,7.000000	,-2.500000	,-12.500000	,0.500000	,-3.000000	,-5.000000	,-9.000000	,5.500000	,1.000000	,3.500000	,15.500000	,52.000000	,90.500000	,48.000000	,28.500000	,17.500000	,7.500000	,-6.500000	,-8.500000	,-3.000000	,26.000000	,-20.500000	,-220.000000	,-289.500000	,-229.500000	,-127.000000	,-6.500000	,0.500000	,-20.000000	,-6.500000	,-3.500000	,1.500000	,12.000000	,5.500000	,-39.000000	,-3.000000	,13.000000	,15.000000	,19.000000	,28.500000	,-1.000000	,-14.000000	,26.500000	,13.000000	,-9.000000	,-9.500000	,-1.000000	,-16.500000	,-21.500000	,3.500000	,7.500000	,7.500000	,8.500000	,-2.500000	,75.000000	,255.000000	,296.500000	,152.500000	,-22.000000	,3.500000	,38.500000	,-5.500000	,-1.500000	,28.500000	,17.500000	,2.000000	,1.000000	,-34.500000	,-19.000000	,-9.500000	,-35.500000	,-28.500000	,-35.500000	,11.000000	,-16.000000	,-21.500000	,6.000000	,-68.000000	,-239.500000	,-262.000000	,-45.000000	,40.000000	,-9.000000	,-37.500000	,25.500000	,24.500000	,-10.500000	,-1.500000	,0.500000	,-12.500000	,36.000000	,33.500000	,-9.500000	,-29.000000	,-3.000000	,-17.000000	,21.500000	,231.500000	,139.000000	,-13.500000	,-8.500000	,1.500000	,-2.000000	,-1.000000	,25.000000	,-20.500000	,-43.500000	,-4.500000	,34.500000	,51.000000	,31.000000	,-1.000000	,-10.000000	,-13.500000	,-229.500000	,-182.000000	,-12.500000	,-30.500000	,-20.500000	,0.000000	,8.500000	,-2.000000	,-15.000000	,-1.500000	,-13.500000	,-3.000000	,-9.000000	,-29.000000	,-12.500000	,20.000000	,23.000000	,7.000000	,16.500000	,-17.500000	,143.000000	,214.500000	,25.000000	,-9.500000	,-24.000000	,-13.500000	,-3.500000	,18.500000	,12.500000	,-31.000000	,-21.000000	,-12.500000	,-6.000000	,-12.000000	,-12.000000	,6.500000	,-17.000000	,-5.500000	,47.000000	,30.500000	,-10.500000	,0.500000	,12.500000	,-7.000000	,-23.000000	,-11.000000	,-46.500000	,-45.500000	,-2.500000	,22.500000	,15.000000	,-3.500000	,10.500000	,24.000000	,-9.000000	,-4.500000	,24.000000	,-17.000000	,-5.000000	,18.000000	,-2.500000	,-11.000000	,-11.500000	,-22.500000	,12.500000	,17.500000	,-5.000000	,5.500000	,42.000000	,23.500000	,24.000000	,-4.500000	,18.000000	,-13.500000	,3.500000	,10.500000	,6.500000	,-2.000000	,-69.500000	,-103.500000	,-58.500000	,16.000000	,16.000000	,8.500000	,-3.000000	,-9.000000	,12.000000	,4.500000	,12.500000	,-1.500000	,-8.000000	,-9.000000	,9.000000	,4.500000	,12.000000	,11.000000	,-9.500000	,13.500000	,8.000000	,-14.500000	,-19.000000	,10.000000	,4.000000	,-9.500000	,-22.500000	,-4.500000	,-12.500000	,-9.000000	,188.000000	,
-190.500000	,13.500000	,2.000000	,-1.000000	,-3.000000	,-8.000000	,8.000000	,4.000000	,3.000000	,4.000000	,11.500000	,8.000000	,-10.000000	,-19.000000	,18.000000	,1.000000	,-14.500000	,26.500000	,13.000000	,-5.000000	,3.000000	,3.500000	,5.500000	,3.000000	,14.000000	,-2.500000	,-10.500000	,3.000000	,103.000000	,64.000000	,8.500000	,2.500000	,-7.500000	,-19.500000	,6.500000	,-15.500000	,-19.000000	,13.000000	,-9.500000	,-87.000000	,-220.500000	,-303.500000	,-254.500000	,-89.500000	,-9.500000	,-0.500000	,16.000000	,17.000000	,-13.000000	,30.000000	,10.500000	,-39.000000	,-33.000000	,16.500000	,15.500000	,-1.500000	,43.500000	,8.500000	,-2.000000	,11.000000	,9.000000	,14.500000	,-6.500000	,22.000000	,5.000000	,-2.500000	,-3.500000	,-31.500000	,-14.000000	,-4.000000	,8.500000	,-13.500000	,148.000000	,294.500000	,263.500000	,54.000000	,-32.000000	,25.500000	,22.000000	,5.500000	,35.500000	,27.000000	,-5.500000	,-4.000000	,-16.500000	,-16.500000	,-6.500000	,-1.000000	,-16.000000	,-14.500000	,2.000000	,-19.500000	,-5.500000	,0.500000	,-5.500000	,-158.000000	,-293.000000	,-163.000000	,27.500000	,5.000000	,-16.000000	,4.500000	,12.500000	,-10.000000	,-26.500000	,-13.500000	,-20.000000	,5.000000	,51.500000	,15.500000	,-3.000000	,25.000000	,4.500000	,67.000000	,206.000000	,76.500000	,-12.500000	,7.000000	,5.500000	,3.000000	,17.000000	,49.000000	,3.500000	,-41.500000	,-5.000000	,12.500000	,16.500000	,29.000000	,16.000000	,12.000000	,-40.000000	,-232.500000	,-118.000000	,29.000000	,-24.000000	,-20.500000	,5.000000	,15.500000	,-20.500000	,-16.000000	,-8.500000	,1.500000	,29.500000	,14.500000	,-4.500000	,-24.000000	,-5.500000	,-12.500000	,-24.000000	,5.000000	,-8.500000	,138.500000	,123.500000	,-7.000000	,-16.000000	,-8.000000	,6.500000	,-8.000000	,11.000000	,12.500000	,0.500000	,-22.500000	,-19.500000	,7.000000	,-2.500000	,7.000000	,2.500000	,-25.500000	,-21.500000	,15.000000	,7.000000	,24.000000	,45.000000	,11.000000	,15.000000	,-70.000000	,-65.500000	,-8.500000	,-8.500000	,-15.500000	,-10.000000	,-23.500000	,-15.500000	,-15.500000	,5.000000	,-9.000000	,-15.500000	,-1.500000	,-18.000000	,0.500000	,34.500000	,27.500000	,-14.000000	,-21.000000	,-44.000000	,-14.500000	,7.500000	,-6.000000	,-8.000000	,-15.500000	,3.500000	,-19.500000	,-7.000000	,-4.000000	,-23.500000	,-18.500000	,-3.500000	,7.500000	,-6.500000	,-56.500000	,-106.000000	,-125.000000	,-45.000000	,6.500000	,8.000000	,-6.000000	,-5.500000	,0.000000	,-0.500000	,5.500000	,4.500000	,-10.000000	,-14.000000	,-2.500000	,-5.500000	,7.000000	,-4.500000	,-17.000000	,13.000000	,23.500000	,1.500000	,-10.000000	,-0.500000	,9.000000	,-7.500000	,-5.000000	,3.500000	,-2.500000	,-3.500000	,190.000000	,
-191.000000	,12.500000	,11.500000	,9.000000	,-3.000000	,-8.500000	,-12.000000	,-12.000000	,5.500000	,1.000000	,7.500000	,10.000000	,-11.000000	,-22.500000	,8.500000	,-5.000000	,-4.000000	,7.500000	,5.000000	,-3.500000	,1.500000	,12.500000	,-5.500000	,-12.500000	,10.000000	,-6.500000	,-18.500000	,78.500000	,151.000000	,-25.500000	,-3.000000	,13.000000	,-21.500000	,-15.500000	,30.000000	,-14.500000	,6.500000	,9.000000	,-21.500000	,-36.500000	,-44.500000	,-182.000000	,-290.500000	,-284.500000	,-169.500000	,-12.000000	,32.000000	,13.000000	,-21.500000	,35.000000	,44.000000	,-12.000000	,-17.500000	,6.500000	,-16.500000	,-23.500000	,0.000000	,-24.500000	,-24.500000	,-17.500000	,-1.000000	,32.500000	,17.500000	,28.000000	,31.000000	,0.000000	,-8.000000	,-19.000000	,-3.000000	,7.500000	,6.000000	,1.500000	,26.000000	,189.500000	,318.000000	,206.000000	,32.500000	,15.000000	,0.000000	,-26.000000	,-24.000000	,19.000000	,-3.000000	,7.500000	,-6.000000	,-14.000000	,3.000000	,8.500000	,11.000000	,29.500000	,7.500000	,-23.000000	,-9.000000	,4.500000	,12.000000	,-131.500000	,-286.000000	,-218.500000	,8.000000	,-14.000000	,-34.500000	,-13.500000	,11.500000	,11.000000	,30.500000	,15.000000	,-17.000000	,-10.500000	,19.500000	,30.000000	,-6.500000	,-3.000000	,-2.000000	,128.500000	,294.500000	,211.000000	,32.000000	,6.500000	,2.500000	,10.000000	,10.500000	,25.000000	,30.500000	,-11.500000	,-27.500000	,-25.000000	,-3.000000	,5.000000	,-3.500000	,15.500000	,-60.500000	,-214.500000	,-71.000000	,46.000000	,-7.500000	,-33.000000	,-6.000000	,29.000000	,33.500000	,27.500000	,-7.000000	,18.000000	,37.500000	,14.000000	,1.000000	,-9.500000	,8.000000	,-19.500000	,-23.500000	,5.500000	,19.000000	,84.500000	,30.500000	,10.000000	,22.500000	,20.500000	,-20.500000	,-19.500000	,24.000000	,8.500000	,18.000000	,-8.000000	,-40.500000	,-18.000000	,4.000000	,3.000000	,27.000000	,-4.500000	,-12.500000	,-2.000000	,-38.500000	,-7.500000	,23.500000	,10.000000	,-4.000000	,-116.500000	,-43.000000	,-33.500000	,-18.000000	,6.000000	,9.000000	,8.500000	,11.000000	,-1.000000	,-3.000000	,-17.500000	,-23.500000	,-2.000000	,4.500000	,-8.000000	,-4.000000	,27.500000	,20.000000	,11.500000	,-1.500000	,4.000000	,11.500000	,-21.000000	,-16.500000	,-11.000000	,13.000000	,-11.500000	,-13.000000	,-18.500000	,-20.500000	,-9.000000	,-28.500000	,1.000000	,21.500000	,35.000000	,-15.000000	,-72.000000	,-69.000000	,-16.000000	,7.000000	,-1.500000	,0.000000	,0.000000	,0.500000	,14.500000	,19.500000	,-2.000000	,-0.500000	,-1.500000	,-6.500000	,10.000000	,-14.000000	,-8.500000	,-3.500000	,12.000000	,5.500000	,-9.000000	,0.500000	,19.000000	,4.000000	,9.000000	,11.500000	,7.500000	,2.000000	,185.500000	,
-186.500000	,-4.000000	,5.000000	,14.000000	,-0.500000	,-7.000000	,-16.500000	,-1.500000	,-10.000000	,-13.500000	,11.000000	,28.000000	,9.500000	,-9.500000	,0.000000	,-8.000000	,-5.000000	,-1.500000	,-4.500000	,-2.000000	,-8.500000	,-4.000000	,-19.000000	,-24.000000	,17.000000	,6.000000	,-34.500000	,103.000000	,69.500000	,-12.000000	,-8.000000	,12.000000	,-19.000000	,11.000000	,11.500000	,-22.500000	,-18.500000	,-16.000000	,-32.000000	,-10.500000	,-2.500000	,-51.500000	,-143.500000	,-290.500000	,-323.000000	,-227.500000	,-109.000000	,15.500000	,-15.500000	,17.500000	,26.000000	,2.500000	,7.500000	,1.000000	,-4.000000	,-53.500000	,-26.000000	,21.000000	,13.500000	,-14.000000	,-13.500000	,-12.000000	,-22.500000	,-14.000000	,-7.500000	,11.000000	,33.500000	,8.000000	,-16.000000	,-1.500000	,-2.500000	,-6.000000	,-11.500000	,22.500000	,232.000000	,303.000000	,167.000000	,7.000000	,-5.000000	,-12.000000	,-5.500000	,22.500000	,-6.000000	,19.000000	,22.000000	,-3.000000	,-12.000000	,-31.000000	,1.000000	,8.000000	,-7.000000	,9.000000	,26.000000	,6.500000	,8.500000	,25.500000	,-205.500000	,-240.500000	,-61.500000	,30.500000	,-13.000000	,-53.500000	,-24.500000	,-8.500000	,-6.500000	,-15.500000	,-32.500000	,-19.500000	,-12.500000	,6.000000	,-21.000000	,-1.500000	,4.500000	,101.500000	,271.000000	,232.500000	,12.000000	,-6.000000	,-13.500000	,-12.000000	,11.000000	,7.500000	,6.000000	,-6.000000	,8.500000	,1.000000	,4.500000	,-18.000000	,-25.000000	,2.500000	,-127.500000	,-252.500000	,-59.000000	,37.000000	,19.500000	,-1.000000	,-4.500000	,-5.000000	,-1.000000	,16.000000	,-33.000000	,-22.000000	,4.000000	,20.500000	,5.500000	,0.500000	,35.000000	,35.000000	,-14.500000	,40.000000	,158.000000	,105.000000	,24.000000	,27.500000	,1.000000	,4.000000	,-16.500000	,-9.000000	,0.500000	,-15.000000	,1.000000	,6.500000	,-19.500000	,-34.000000	,-11.500000	,25.000000	,33.500000	,-4.000000	,14.000000	,14.000000	,-15.500000	,16.500000	,-9.000000	,28.500000	,-51.000000	,-58.500000	,27.500000	,4.000000	,-6.000000	,-1.500000	,-16.500000	,5.500000	,37.500000	,13.500000	,11.500000	,3.500000	,-20.000000	,-15.000000	,9.000000	,-21.000000	,-18.000000	,10.500000	,-4.000000	,1.000000	,1.000000	,2.500000	,15.000000	,19.500000	,6.000000	,17.000000	,23.500000	,6.500000	,12.500000	,23.000000	,10.000000	,8.500000	,-22.500000	,-8.000000	,-6.000000	,-1.000000	,29.000000	,-103.000000	,-280.500000	,-255.500000	,-47.000000	,-7.500000	,-18.000000	,-3.000000	,-4.000000	,6.500000	,6.000000	,-2.000000	,0.000000	,-21.500000	,-13.500000	,10.500000	,-15.500000	,-20.500000	,-16.000000	,-11.000000	,6.000000	,-2.500000	,3.000000	,-11.500000	,-17.500000	,-7.000000	,0.000000	,-3.000000	,0.500000	,192.000000	,
-186.500000	,0.000000	,0.000000	,-1.000000	,8.500000	,15.500000	,-1.000000	,16.000000	,-6.500000	,-18.000000	,10.000000	,23.000000	,18.500000	,8.000000	,9.500000	,-14.500000	,-27.500000	,-8.000000	,-2.500000	,1.000000	,-13.000000	,10.000000	,-7.500000	,-34.000000	,-21.500000	,31.500000	,23.500000	,35.000000	,-5.000000	,-8.000000	,-1.000000	,-0.500000	,-29.000000	,7.000000	,23.500000	,24.500000	,13.000000	,15.500000	,-10.500000	,-9.500000	,-19.500000	,6.500000	,27.000000	,-138.000000	,-252.500000	,-303.500000	,-251.500000	,-73.500000	,-0.500000	,10.500000	,-23.500000	,-12.000000	,-3.000000	,34.500000	,46.000000	,3.500000	,0.500000	,32.000000	,30.500000	,27.500000	,-6.000000	,1.500000	,10.500000	,12.500000	,-15.000000	,0.500000	,-16.000000	,-17.000000	,-12.000000	,-5.000000	,12.000000	,27.500000	,2.500000	,-17.000000	,90.500000	,257.500000	,292.500000	,102.500000	,16.500000	,-24.500000	,-17.000000	,-12.000000	,-45.000000	,-7.500000	,-2.500000	,26.500000	,3.500000	,-28.000000	,-3.000000	,0.500000	,-9.500000	,7.000000	,16.000000	,-2.500000	,-8.500000	,-17.000000	,-191.500000	,-310.000000	,-202.000000	,-8.500000	,26.500000	,-7.500000	,-34.000000	,-15.500000	,9.500000	,-1.000000	,-13.500000	,-16.500000	,-21.000000	,6.000000	,25.000000	,6.000000	,-6.500000	,-18.500000	,155.000000	,179.500000	,-15.500000	,-12.000000	,-21.000000	,-15.000000	,2.500000	,-8.500000	,-11.500000	,-4.500000	,14.500000	,6.000000	,25.500000	,19.500000	,-2.500000	,1.000000	,-163.500000	,-232.500000	,-28.500000	,13.000000	,17.000000	,0.500000	,-24.500000	,-47.500000	,-26.500000	,8.500000	,-7.500000	,-11.500000	,-30.000000	,-2.000000	,-3.500000	,-20.000000	,29.000000	,26.000000	,-20.000000	,89.500000	,223.500000	,64.500000	,-20.500000	,-6.000000	,0.500000	,5.000000	,-12.000000	,-12.000000	,15.500000	,19.000000	,6.500000	,37.500000	,4.500000	,-4.000000	,-21.500000	,-25.000000	,4.500000	,24.000000	,11.000000	,-2.000000	,13.000000	,-1.500000	,0.000000	,45.000000	,-38.500000	,-17.500000	,-9.000000	,5.000000	,7.500000	,-3.000000	,-30.000000	,4.500000	,4.000000	,-13.500000	,23.500000	,17.500000	,-4.000000	,-24.000000	,28.000000	,-14.000000	,-14.500000	,-4.500000	,-23.000000	,-16.000000	,-10.500000	,-13.500000	,-11.000000	,-12.500000	,-24.500000	,-17.500000	,6.000000	,16.500000	,0.000000	,-1.000000	,14.000000	,33.500000	,16.000000	,7.000000	,-28.000000	,-41.000000	,-76.500000	,-160.500000	,-343.000000	,-393.000000	,-191.000000	,-5.500000	,-11.500000	,-1.500000	,-8.000000	,9.000000	,-1.000000	,-1.000000	,15.000000	,-5.000000	,9.500000	,23.000000	,5.500000	,6.000000	,0.500000	,-1.000000	,8.000000	,6.000000	,2.500000	,-10.000000	,-14.000000	,-5.000000	,0.000000	,-1.000000	,2.000000	,186.500000	,
-184.500000	,0.500000	,-3.000000	,-4.500000	,7.000000	,-3.000000	,-17.000000	,22.000000	,5.000000	,-16.000000	,-7.500000	,-2.500000	,-6.000000	,-10.500000	,10.000000	,4.000000	,-12.500000	,-20.000000	,4.500000	,2.500000	,-3.500000	,17.500000	,20.500000	,-1.000000	,1.000000	,52.000000	,58.000000	,24.500000	,-4.000000	,2.000000	,21.000000	,-8.000000	,-33.000000	,-5.500000	,24.500000	,7.000000	,30.000000	,10.500000	,19.500000	,6.000000	,-2.000000	,1.500000	,29.500000	,-15.500000	,-56.000000	,-220.000000	,-315.500000	,-246.000000	,-95.000000	,-9.500000	,0.500000	,-11.500000	,-10.000000	,30.000000	,45.500000	,11.500000	,-14.500000	,-31.500000	,11.500000	,49.000000	,-3.500000	,-21.000000	,54.000000	,39.000000	,-23.500000	,1.000000	,8.000000	,15.000000	,-20.000000	,-25.000000	,15.000000	,61.500000	,40.000000	,-7.000000	,-7.000000	,146.500000	,327.000000	,247.500000	,45.000000	,-22.000000	,25.500000	,25.500000	,-0.500000	,-3.000000	,-5.000000	,48.000000	,22.500000	,-3.000000	,18.000000	,0.500000	,-30.500000	,-7.500000	,0.500000	,-3.500000	,5.500000	,9.000000	,-67.500000	,-272.500000	,-267.500000	,-33.500000	,31.000000	,13.500000	,1.000000	,-9.500000	,3.000000	,7.500000	,12.000000	,26.500000	,-1.000000	,-15.000000	,23.000000	,8.500000	,1.000000	,29.500000	,234.000000	,250.500000	,59.500000	,1.500000	,-2.500000	,14.000000	,-13.500000	,-20.500000	,-27.000000	,8.500000	,6.500000	,15.500000	,29.000000	,27.000000	,7.500000	,9.500000	,-161.500000	,-180.500000	,-13.000000	,-16.500000	,-11.000000	,9.000000	,22.000000	,2.500000	,-19.500000	,5.000000	,31.500000	,14.000000	,-21.000000	,1.500000	,13.000000	,-14.000000	,6.500000	,12.000000	,-7.500000	,60.000000	,60.500000	,-9.000000	,-14.500000	,14.000000	,4.500000	,8.500000	,0.500000	,-8.500000	,47.500000	,33.000000	,23.000000	,32.000000	,23.000000	,8.500000	,-10.500000	,-19.000000	,2.500000	,29.000000	,-5.500000	,-24.500000	,-8.500000	,-26.500000	,-31.000000	,-23.000000	,22.500000	,0.000000	,-5.000000	,5.500000	,18.500000	,-8.000000	,-37.000000	,-5.000000	,-22.000000	,-30.500000	,-0.500000	,6.000000	,-16.000000	,6.500000	,5.500000	,5.500000	,21.000000	,14.500000	,-24.000000	,1.500000	,12.500000	,7.500000	,-11.500000	,4.000000	,-7.500000	,-14.500000	,-4.500000	,-0.500000	,5.500000	,15.500000	,-7.500000	,-6.500000	,7.000000	,27.000000	,-44.000000	,-115.500000	,-89.000000	,5.500000	,-134.500000	,-373.500000	,-327.500000	,-103.500000	,5.000000	,3.000000	,-2.500000	,2.000000	,-1.000000	,10.000000	,21.000000	,-6.000000	,-2.500000	,15.000000	,16.000000	,20.000000	,10.000000	,0.500000	,-1.000000	,6.000000	,4.000000	,-0.500000	,-4.500000	,-8.000000	,0.500000	,-1.000000	,-1.000000	,186.000000	,
-192.000000	,-1.500000	,7.000000	,-3.000000	,8.000000	,2.000000	,-5.500000	,18.000000	,1.000000	,-10.500000	,6.000000	,3.500000	,3.000000	,-3.500000	,18.500000	,20.500000	,-10.000000	,-13.000000	,8.500000	,12.000000	,-3.500000	,0.500000	,37.500000	,18.000000	,124.500000	,165.000000	,0.000000	,-7.500000	,10.500000	,7.000000	,17.000000	,11.000000	,-29.500000	,-17.000000	,-5.500000	,-1.500000	,6.000000	,-11.500000	,-8.000000	,-13.000000	,-5.500000	,9.500000	,28.500000	,3.500000	,-12.000000	,-71.000000	,-231.000000	,-338.000000	,-245.500000	,-69.500000	,7.500000	,-22.500000	,-3.000000	,-6.000000	,-27.000000	,1.000000	,2.500000	,-52.500000	,-28.000000	,30.500000	,-13.000000	,-50.500000	,21.500000	,11.000000	,0.000000	,11.500000	,7.500000	,11.000000	,-12.000000	,-31.500000	,-10.000000	,32.000000	,26.500000	,5.000000	,-13.000000	,44.500000	,229.500000	,323.500000	,203.000000	,15.000000	,33.500000	,18.000000	,26.500000	,0.500000	,-16.500000	,3.000000	,12.500000	,24.500000	,37.500000	,-1.000000	,-5.000000	,5.000000	,-35.000000	,-4.500000	,24.500000	,17.000000	,3.000000	,-187.500000	,-288.500000	,-114.500000	,0.500000	,14.000000	,16.000000	,-23.500000	,1.000000	,13.000000	,35.500000	,46.000000	,-11.000000	,-27.500000	,17.500000	,-3.500000	,-20.000000	,30.500000	,240.000000	,290.000000	,80.000000	,-10.500000	,-10.000000	,11.000000	,-7.500000	,-51.500000	,-36.000000	,9.500000	,8.000000	,-9.000000	,9.000000	,23.000000	,8.000000	,-34.500000	,-198.500000	,-141.000000	,17.500000	,-8.000000	,-10.500000	,18.000000	,16.000000	,-4.000000	,-4.000000	,6.500000	,3.000000	,1.500000	,-29.500000	,-24.500000	,5.000000	,-6.000000	,-5.500000	,-16.500000	,33.000000	,90.000000	,-6.500000	,-11.500000	,-1.000000	,32.500000	,9.500000	,-5.000000	,-10.000000	,-28.000000	,10.500000	,0.000000	,-14.000000	,-20.000000	,-8.500000	,19.500000	,19.000000	,-9.500000	,-21.500000	,5.500000	,-5.500000	,35.000000	,38.000000	,19.500000	,-21.000000	,-59.500000	,-4.000000	,-12.000000	,-4.000000	,-7.000000	,2.500000	,-16.000000	,-10.000000	,24.500000	,10.500000	,2.500000	,-17.000000	,-32.000000	,-38.500000	,-8.000000	,-3.000000	,3.500000	,19.500000	,18.500000	,-8.500000	,11.000000	,41.000000	,30.500000	,13.500000	,9.500000	,12.000000	,-22.500000	,-19.000000	,7.000000	,-1.500000	,4.000000	,-1.500000	,3.000000	,-1.000000	,-36.500000	,-77.000000	,-50.500000	,-19.000000	,9.500000	,-21.000000	,-255.000000	,-408.000000	,-298.500000	,-45.500000	,-2.500000	,0.000000	,0.000000	,-14.000000	,0.500000	,-6.000000	,-6.500000	,-10.000000	,-24.500000	,-9.500000	,-3.500000	,-11.500000	,-21.000000	,1.500000	,9.500000	,0.500000	,2.000000	,2.000000	,2.500000	,2.000000	,8.000000	,6.000000	,192.000000	,
-178.500000	,5.500000	,-1.000000	,-5.500000	,7.000000	,-4.500000	,2.500000	,14.000000	,4.000000	,7.000000	,17.500000	,9.000000	,11.000000	,5.500000	,7.000000	,23.500000	,7.500000	,3.000000	,6.000000	,12.500000	,-6.500000	,-11.000000	,-1.000000	,2.500000	,220.000000	,179.500000	,7.500000	,-10.500000	,-12.500000	,17.500000	,32.500000	,19.000000	,-16.000000	,5.000000	,-0.500000	,-2.500000	,-2.500000	,5.000000	,-17.500000	,-6.500000	,-5.500000	,-10.500000	,-1.500000	,21.500000	,17.500000	,1.000000	,-39.500000	,-212.000000	,-337.000000	,-298.500000	,-178.500000	,-42.500000	,2.000000	,-5.500000	,-27.500000	,-5.000000	,13.000000	,-30.000000	,-18.500000	,38.000000	,-13.500000	,-40.000000	,20.000000	,13.500000	,-9.500000	,-25.000000	,-8.000000	,22.500000	,-28.000000	,-53.500000	,-45.000000	,-1.500000	,-6.500000	,2.500000	,1.500000	,-8.500000	,103.500000	,282.000000	,288.500000	,120.000000	,-24.500000	,-13.500000	,-4.500000	,-0.500000	,2.500000	,6.000000	,-20.500000	,-4.500000	,34.500000	,5.000000	,13.000000	,-2.500000	,-39.500000	,-45.000000	,-2.500000	,9.500000	,19.000000	,-146.000000	,-292.000000	,-198.000000	,-11.500000	,13.000000	,45.000000	,32.500000	,16.000000	,-21.000000	,7.000000	,2.500000	,-4.500000	,-25.000000	,15.000000	,9.500000	,-23.500000	,-32.000000	,136.000000	,236.000000	,56.000000	,-36.500000	,5.000000	,49.000000	,54.000000	,-17.500000	,-13.000000	,-12.000000	,1.000000	,-20.500000	,-18.500000	,28.500000	,9.000000	,-75.500000	,-222.000000	,-115.000000	,34.500000	,-9.000000	,12.500000	,9.500000	,17.000000	,-2.000000	,-23.500000	,-2.000000	,-13.000000	,-2.000000	,-32.000000	,-40.500000	,-17.000000	,-21.000000	,-9.500000	,2.000000	,192.000000	,176.500000	,-0.500000	,-2.000000	,-4.500000	,24.500000	,11.000000	,-9.500000	,-39.500000	,-30.500000	,-2.000000	,8.500000	,-13.000000	,-17.000000	,-4.000000	,-3.500000	,-0.500000	,-14.500000	,-4.500000	,-17.000000	,-29.500000	,21.500000	,-27.000000	,-49.500000	,15.500000	,7.500000	,4.500000	,-11.500000	,-13.500000	,10.000000	,15.000000	,-10.500000	,-4.500000	,8.000000	,14.500000	,9.000000	,1.000000	,-20.000000	,-3.500000	,1.000000	,-2.000000	,-12.000000	,-12.000000	,-2.000000	,-25.000000	,-20.500000	,-1.000000	,-24.000000	,-13.000000	,-15.500000	,-6.000000	,-4.500000	,-11.000000	,-41.500000	,-17.500000	,-1.000000	,3.000000	,-31.000000	,-73.000000	,-77.500000	,-1.500000	,7.000000	,2.500000	,12.000000	,3.000000	,-75.000000	,-324.500000	,-422.500000	,-219.000000	,-0.500000	,8.000000	,-7.500000	,-26.000000	,7.000000	,2.500000	,8.000000	,-4.500000	,-12.000000	,-16.000000	,-10.500000	,-12.500000	,-8.500000	,11.000000	,15.000000	,1.500000	,9.000000	,4.000000	,9.000000	,2.000000	,-11.000000	,-18.000000	,187.500000	,
-191.500000	,-6.000000	,-17.500000	,-6.000000	,0.000000	,-13.500000	,-10.500000	,4.500000	,-13.500000	,-14.000000	,-6.000000	,-9.000000	,-18.500000	,-8.500000	,2.000000	,-10.000000	,1.000000	,-3.000000	,-9.000000	,16.000000	,2.000000	,-2.000000	,0.500000	,44.000000	,137.500000	,3.000000	,14.500000	,12.000000	,-4.500000	,27.500000	,24.500000	,3.000000	,-11.500000	,-10.000000	,-14.500000	,-19.000000	,35.000000	,49.500000	,0.500000	,-22.500000	,-29.500000	,-17.000000	,-15.500000	,3.000000	,-13.000000	,-1.000000	,39.000000	,-78.000000	,-179.000000	,-286.500000	,-306.500000	,-165.500000	,26.000000	,17.000000	,-9.000000	,-4.500000	,19.500000	,-14.000000	,-8.500000	,34.000000	,9.000000	,-3.000000	,4.000000	,4.000000	,6.500000	,6.000000	,-2.000000	,22.500000	,-3.500000	,-36.000000	,-18.000000	,-12.000000	,-7.000000	,-14.000000	,-27.500000	,-7.000000	,-8.000000	,157.500000	,279.500000	,246.000000	,74.500000	,-5.000000	,-18.500000	,-10.000000	,20.000000	,-1.000000	,-31.000000	,-11.500000	,18.500000	,10.500000	,46.000000	,17.500000	,-21.500000	,-22.500000	,5.500000	,21.000000	,30.000000	,-53.000000	,-262.500000	,-276.000000	,-68.000000	,19.500000	,-4.500000	,-6.000000	,-23.500000	,-37.000000	,-0.500000	,7.500000	,-25.000000	,-18.000000	,8.000000	,24.000000	,-15.500000	,-53.000000	,153.000000	,227.000000	,36.000000	,-6.000000	,4.000000	,27.000000	,30.000000	,7.000000	,3.500000	,14.500000	,15.000000	,-3.000000	,3.500000	,10.500000	,12.500000	,-97.500000	,-208.500000	,-77.000000	,10.000000	,-22.500000	,6.500000	,-7.500000	,8.000000	,-5.000000	,-11.000000	,16.000000	,20.500000	,20.500000	,-28.000000	,-24.500000	,6.500000	,9.000000	,11.500000	,-2.000000	,102.000000	,67.000000	,6.000000	,-19.000000	,-21.500000	,26.000000	,27.500000	,-4.000000	,-10.000000	,-4.500000	,20.000000	,6.500000	,9.000000	,-11.000000	,-2.500000	,-12.500000	,-6.500000	,-1.000000	,22.000000	,-3.000000	,-29.000000	,-23.000000	,-105.000000	,-39.000000	,-4.500000	,11.000000	,31.000000	,9.500000	,-20.500000	,4.500000	,31.000000	,21.500000	,-3.000000	,-9.000000	,14.500000	,13.000000	,-1.500000	,5.500000	,2.500000	,-11.500000	,-5.500000	,-8.000000	,-10.500000	,-21.000000	,-16.000000	,-10.500000	,-2.500000	,5.000000	,5.500000	,10.500000	,16.000000	,-10.000000	,-15.000000	,-1.500000	,15.000000	,-15.000000	,-97.000000	,-133.000000	,-70.500000	,-18.500000	,-3.500000	,-27.500000	,-7.000000	,0.000000	,-5.500000	,43.000000	,-129.500000	,-379.500000	,-377.000000	,-136.000000	,24.500000	,12.500000	,-3.000000	,-9.500000	,0.500000	,11.000000	,-4.000000	,-2.500000	,-6.500000	,5.000000	,-8.500000	,-9.000000	,0.000000	,-12.500000	,-7.000000	,0.000000	,1.000000	,-1.000000	,4.000000	,-6.500000	,-19.000000	,185.000000	,
-190.500000	,-11.000000	,-13.500000	,3.000000	,2.000000	,-10.500000	,0.500000	,-1.000000	,-7.000000	,-17.000000	,-1.000000	,4.500000	,-14.000000	,-12.500000	,2.000000	,-6.000000	,5.500000	,0.500000	,-3.000000	,-7.000000	,-12.000000	,-7.500000	,-24.000000	,71.500000	,71.500000	,-36.000000	,0.500000	,-8.000000	,-14.000000	,22.000000	,4.500000	,22.500000	,16.000000	,3.500000	,-4.500000	,-32.500000	,-9.500000	,19.500000	,17.000000	,0.500000	,-15.500000	,6.500000	,-33.500000	,-11.000000	,-20.000000	,-17.500000	,14.000000	,20.000000	,20.500000	,-101.500000	,-303.000000	,-300.000000	,-158.000000	,-67.000000	,20.500000	,-1.000000	,14.000000	,-23.000000	,-16.500000	,19.500000	,11.500000	,0.000000	,-2.000000	,-14.000000	,9.500000	,-15.000000	,12.500000	,40.500000	,22.000000	,-12.000000	,17.000000	,-6.500000	,-5.500000	,-15.000000	,-9.500000	,-25.000000	,-1.500000	,51.500000	,226.000000	,307.000000	,221.500000	,45.500000	,-17.500000	,-33.500000	,-7.500000	,-3.500000	,-13.500000	,-5.500000	,-24.500000	,11.000000	,37.000000	,17.000000	,-10.500000	,-35.000000	,-17.000000	,-1.500000	,-1.500000	,-0.500000	,-200.000000	,-307.000000	,-158.500000	,-2.500000	,-45.500000	,-9.500000	,-4.500000	,-7.500000	,11.000000	,31.000000	,9.000000	,5.000000	,10.500000	,17.000000	,-12.500000	,-45.500000	,162.500000	,262.500000	,106.000000	,0.500000	,6.500000	,19.000000	,-7.500000	,-11.500000	,10.000000	,10.500000	,21.000000	,-17.500000	,-6.500000	,29.000000	,9.000000	,-131.500000	,-218.500000	,-18.500000	,-8.000000	,-51.500000	,-15.500000	,-24.000000	,4.000000	,23.500000	,5.000000	,0.000000	,6.500000	,6.500000	,1.500000	,28.000000	,22.500000	,22.000000	,39.500000	,54.000000	,36.000000	,8.500000	,-17.000000	,-26.000000	,-1.000000	,28.500000	,43.000000	,15.000000	,-25.000000	,-17.000000	,6.500000	,-13.000000	,-11.500000	,-6.000000	,6.000000	,20.500000	,6.000000	,4.000000	,20.500000	,13.000000	,0.500000	,-40.000000	,-70.000000	,7.000000	,-8.000000	,2.000000	,12.500000	,9.000000	,-23.500000	,-5.500000	,10.500000	,18.000000	,13.500000	,-4.000000	,30.500000	,23.000000	,4.000000	,-27.000000	,-17.500000	,0.000000	,-6.000000	,13.000000	,24.000000	,3.500000	,-0.500000	,-2.000000	,16.000000	,-0.500000	,-9.500000	,2.000000	,1.500000	,2.500000	,6.500000	,19.000000	,4.500000	,-44.500000	,-81.500000	,-47.000000	,-8.000000	,13.500000	,-12.000000	,-22.000000	,-16.000000	,-5.500000	,-18.500000	,18.000000	,17.500000	,-230.500000	,-367.000000	,-168.500000	,18.000000	,16.000000	,8.000000	,-5.000000	,10.500000	,4.000000	,-0.500000	,6.500000	,20.500000	,11.500000	,-5.000000	,-9.000000	,-11.500000	,-11.500000	,-17.500000	,0.000000	,-5.500000	,-16.000000	,21.000000	,5.000000	,-7.500000	,180.500000	,
-169.000000	,18.000000	,4.500000	,-3.500000	,7.000000	,-5.500000	,-3.000000	,9.500000	,4.000000	,-4.500000	,10.500000	,23.500000	,7.000000	,8.000000	,15.000000	,1.000000	,6.000000	,-2.000000	,2.500000	,-15.000000	,-22.500000	,24.000000	,43.000000	,73.500000	,35.000000	,0.500000	,19.000000	,-23.500000	,-31.000000	,-5.000000	,-16.500000	,10.500000	,40.500000	,27.000000	,18.000000	,-31.500000	,-43.500000	,-29.000000	,39.500000	,33.000000	,-5.500000	,11.500000	,12.000000	,15.000000	,-8.000000	,2.500000	,26.500000	,-11.500000	,-26.500000	,-5.000000	,-176.500000	,-268.000000	,-314.500000	,-210.000000	,-75.000000	,-47.000000	,13.500000	,0.000000	,-13.500000	,-16.500000	,-27.000000	,-11.500000	,24.500000	,17.000000	,15.000000	,2.000000	,5.000000	,30.500000	,18.000000	,-12.000000	,0.500000	,6.500000	,-1.000000	,21.000000	,25.500000	,-34.000000	,-15.500000	,11.000000	,81.000000	,261.000000	,297.500000	,157.500000	,7.500000	,9.000000	,8.500000	,5.500000	,-2.500000	,-11.000000	,-37.500000	,7.000000	,32.500000	,7.500000	,6.000000	,-0.500000	,-11.500000	,17.000000	,12.000000	,2.500000	,-102.000000	,-284.000000	,-186.500000	,15.000000	,3.000000	,1.000000	,16.000000	,-17.500000	,4.000000	,-5.500000	,0.000000	,3.000000	,9.500000	,22.000000	,-0.500000	,-25.500000	,162.000000	,255.500000	,149.000000	,-17.500000	,6.000000	,0.000000	,6.500000	,3.500000	,3.000000	,-7.000000	,-10.000000	,-28.500000	,-11.500000	,24.500000	,5.500000	,-184.500000	,-224.000000	,18.500000	,9.000000	,-7.000000	,-11.000000	,-19.000000	,-10.500000	,-2.000000	,-17.000000	,5.500000	,13.000000	,6.500000	,-8.500000	,-3.000000	,-23.000000	,-17.000000	,139.000000	,202.000000	,29.000000	,16.000000	,11.000000	,-5.000000	,8.000000	,2.500000	,22.000000	,6.000000	,-23.500000	,-31.000000	,-1.500000	,-10.500000	,-9.000000	,15.000000	,1.000000	,-26.500000	,-15.500000	,-37.000000	,-36.000000	,9.500000	,65.000000	,-27.000000	,-13.500000	,20.500000	,-8.000000	,-26.000000	,12.000000	,16.000000	,-22.000000	,-24.500000	,-4.500000	,29.000000	,18.500000	,-13.500000	,-4.500000	,-9.500000	,-3.000000	,-13.500000	,-8.000000	,23.500000	,-11.000000	,3.500000	,-7.000000	,1.500000	,23.500000	,1.000000	,15.500000	,2.500000	,-15.000000	,25.000000	,27.500000	,-3.500000	,-36.000000	,-20.000000	,-81.500000	,-32.000000	,47.000000	,9.000000	,-1.000000	,10.000000	,14.500000	,-6.000000	,-3.500000	,-9.500000	,-26.000000	,-7.000000	,9.000000	,-112.000000	,-336.500000	,-293.500000	,-49.000000	,4.500000	,-10.500000	,-28.500000	,5.000000	,13.500000	,4.500000	,-5.000000	,-4.500000	,17.000000	,12.500000	,4.000000	,3.500000	,0.000000	,-16.500000	,1.500000	,3.000000	,-11.500000	,2.500000	,1.000000	,-3.000000	,166.500000	,
-181.500000	,6.500000	,0.500000	,-4.000000	,-20.000000	,-0.500000	,-7.500000	,-0.500000	,7.500000	,-10.500000	,-26.000000	,5.000000	,-5.500000	,-5.500000	,-15.500000	,0.000000	,-7.000000	,6.000000	,21.000000	,14.000000	,4.000000	,146.500000	,228.000000	,46.000000	,-19.500000	,-4.500000	,27.500000	,-2.500000	,21.500000	,21.000000	,-21.500000	,-19.000000	,1.000000	,1.500000	,25.500000	,25.000000	,-1.500000	,-24.000000	,-4.000000	,0.500000	,12.000000	,26.000000	,26.500000	,42.000000	,17.000000	,2.500000	,22.500000	,-13.000000	,-4.500000	,2.500000	,-19.500000	,-71.000000	,-259.500000	,-299.500000	,-282.500000	,-163.000000	,-6.500000	,-8.000000	,-17.000000	,13.000000	,-24.000000	,-26.500000	,-12.500000	,-4.500000	,-9.000000	,2.000000	,-0.500000	,-0.500000	,1.500000	,2.000000	,20.500000	,26.500000	,0.500000	,-1.500000	,9.000000	,-20.000000	,-27.000000	,-13.500000	,-1.000000	,145.000000	,281.500000	,264.500000	,100.000000	,5.500000	,8.000000	,11.000000	,13.000000	,-18.500000	,-36.500000	,-0.500000	,5.500000	,-3.500000	,-0.500000	,7.500000	,8.000000	,19.500000	,-2.500000	,-12.500000	,-52.500000	,-259.000000	,-268.000000	,-74.000000	,-4.500000	,6.500000	,21.500000	,12.000000	,-4.500000	,-19.500000	,-21.000000	,23.500000	,8.000000	,22.000000	,0.000000	,10.000000	,95.500000	,231.500000	,132.000000	,-42.500000	,-13.000000	,-6.500000	,-16.000000	,3.000000	,3.000000	,17.500000	,40.000000	,7.000000	,-17.000000	,0.500000	,6.500000	,-205.000000	,-199.500000	,34.500000	,35.500000	,18.500000	,6.500000	,12.000000	,11.000000	,6.000000	,4.000000	,18.000000	,9.000000	,-7.000000	,-17.500000	,1.500000	,-8.000000	,-26.500000	,172.500000	,171.500000	,10.000000	,37.500000	,10.000000	,-10.000000	,-22.000000	,-10.000000	,19.500000	,34.500000	,20.000000	,5.000000	,20.000000	,3.500000	,-9.000000	,16.000000	,-5.000000	,-10.500000	,12.000000	,-8.500000	,-37.000000	,-36.000000	,46.500000	,36.000000	,-7.000000	,7.000000	,11.500000	,-10.500000	,2.500000	,18.500000	,7.500000	,23.500000	,13.500000	,16.500000	,23.500000	,8.500000	,-9.500000	,-16.500000	,8.500000	,6.000000	,6.000000	,-2.500000	,-4.500000	,0.000000	,-20.500000	,8.000000	,26.500000	,6.000000	,12.500000	,13.000000	,13.000000	,15.500000	,21.500000	,-9.500000	,-71.000000	,-77.500000	,-72.000000	,-22.500000	,26.000000	,10.000000	,-10.500000	,-1.000000	,40.000000	,13.000000	,10.000000	,-7.500000	,2.000000	,25.000000	,13.000000	,-85.000000	,-304.500000	,-405.000000	,-225.500000	,13.500000	,6.500000	,-7.000000	,1.500000	,3.000000	,3.000000	,-2.000000	,-17.000000	,-20.500000	,9.000000	,6.500000	,12.000000	,5.500000	,-4.500000	,11.500000	,4.000000	,5.000000	,1.000000	,13.000000	,21.500000	,182.000000	,
-188.000000	,6.000000	,13.000000	,3.500000	,3.500000	,8.500000	,1.500000	,5.500000	,15.000000	,3.000000	,-3.500000	,0.500000	,-1.500000	,-1.000000	,0.000000	,15.000000	,5.000000	,-1.000000	,1.000000	,13.000000	,0.500000	,131.500000	,79.500000	,12.500000	,-35.500000	,-29.500000	,1.500000	,0.500000	,3.000000	,9.000000	,-13.000000	,-7.500000	,-12.500000	,-3.000000	,4.500000	,42.000000	,32.000000	,6.000000	,-1.500000	,-21.000000	,-8.500000	,-3.000000	,-10.500000	,9.000000	,-17.500000	,-26.500000	,-3.500000	,2.500000	,29.500000	,-3.000000	,10.000000	,36.000000	,-61.000000	,-156.500000	,-280.500000	,-295.500000	,-192.500000	,-65.000000	,16.000000	,39.000000	,11.500000	,-23.500000	,-17.000000	,-35.000000	,-48.000000	,5.000000	,20.000000	,7.000000	,13.000000	,-3.500000	,16.000000	,13.500000	,2.000000	,-1.500000	,18.500000	,0.500000	,2.000000	,-22.500000	,-30.500000	,18.000000	,183.500000	,301.500000	,209.000000	,24.000000	,-3.500000	,14.500000	,19.000000	,-2.000000	,-22.000000	,11.500000	,19.000000	,-11.000000	,-15.500000	,-16.000000	,-24.500000	,9.500000	,-8.500000	,-22.000000	,-36.500000	,-183.000000	,-315.500000	,-213.500000	,-37.000000	,-5.500000	,-7.500000	,13.000000	,9.500000	,-9.500000	,-3.000000	,19.500000	,24.500000	,47.500000	,10.500000	,31.000000	,79.000000	,222.000000	,77.500000	,-17.500000	,15.500000	,-2.500000	,-22.500000	,-17.000000	,-14.000000	,7.500000	,22.000000	,7.000000	,-7.000000	,12.500000	,-10.500000	,-228.000000	,-159.000000	,11.000000	,30.500000	,31.000000	,7.000000	,14.500000	,15.500000	,-1.000000	,2.000000	,-6.500000	,-9.000000	,-4.000000	,-19.000000	,23.000000	,-11.500000	,-18.000000	,101.000000	,30.000000	,-11.000000	,-6.500000	,-6.000000	,-4.500000	,-14.000000	,7.500000	,-17.500000	,15.000000	,21.500000	,18.500000	,18.000000	,18.500000	,-12.500000	,20.000000	,10.000000	,-3.500000	,10.500000	,16.000000	,-37.000000	,-85.000000	,-21.500000	,0.000000	,-14.500000	,14.500000	,22.000000	,-10.500000	,-8.000000	,7.500000	,-2.500000	,-26.500000	,-20.500000	,-16.000000	,-3.000000	,35.500000	,0.500000	,9.500000	,-3.500000	,-5.000000	,12.000000	,-4.000000	,13.500000	,17.500000	,9.000000	,-12.000000	,1.500000	,-10.500000	,8.000000	,12.000000	,2.500000	,12.000000	,15.000000	,-69.500000	,-51.500000	,21.000000	,2.000000	,-1.000000	,15.000000	,4.000000	,-19.500000	,-5.500000	,30.000000	,21.000000	,1.000000	,0.500000	,10.000000	,24.000000	,-14.000000	,-0.500000	,-128.500000	,-360.000000	,-362.000000	,-125.500000	,17.500000	,7.500000	,10.500000	,5.500000	,16.500000	,15.500000	,-1.500000	,-17.500000	,-13.000000	,-5.500000	,6.000000	,8.000000	,7.500000	,0.500000	,3.500000	,15.500000	,0.500000	,14.000000	,19.500000	,188.500000	,
-184.500000	,1.000000	,30.000000	,16.500000	,0.000000	,8.000000	,-1.500000	,3.000000	,24.000000	,18.000000	,16.000000	,11.000000	,16.000000	,3.500000	,3.500000	,-1.000000	,7.000000	,-3.000000	,-2.500000	,-3.500000	,67.500000	,136.500000	,-9.500000	,17.000000	,6.500000	,4.500000	,-9.500000	,-21.500000	,-21.000000	,-5.000000	,-9.000000	,-3.000000	,10.500000	,-1.500000	,-14.000000	,5.000000	,11.500000	,14.500000	,0.500000	,-18.500000	,-28.000000	,-17.000000	,-4.000000	,4.500000	,-21.000000	,-16.500000	,0.500000	,-3.500000	,22.500000	,-2.000000	,14.000000	,14.500000	,21.500000	,-0.500000	,-132.500000	,-248.500000	,-279.500000	,-182.500000	,2.000000	,46.000000	,32.000000	,9.000000	,16.500000	,1.500000	,-41.500000	,10.500000	,19.500000	,22.500000	,-17.500000	,-13.000000	,-3.500000	,9.500000	,19.000000	,12.000000	,13.500000	,6.000000	,-7.000000	,-17.000000	,2.500000	,6.000000	,48.000000	,248.500000	,308.500000	,123.500000	,14.000000	,10.000000	,5.000000	,17.500000	,-2.000000	,3.500000	,14.000000	,0.500000	,7.500000	,2.000000	,15.500000	,8.500000	,3.000000	,-32.500000	,7.000000	,-56.000000	,-228.000000	,-210.000000	,-38.500000	,-45.000000	,-6.000000	,12.000000	,-16.000000	,-24.000000	,-2.000000	,-25.000000	,15.500000	,16.000000	,-14.500000	,-17.000000	,106.500000	,280.500000	,155.000000	,1.000000	,5.500000	,11.000000	,14.500000	,-21.000000	,-49.500000	,-39.500000	,1.500000	,4.500000	,5.000000	,19.500000	,-51.500000	,-232.000000	,-129.000000	,-24.500000	,-14.000000	,-11.500000	,-11.500000	,-15.000000	,-3.500000	,2.000000	,-14.500000	,-25.500000	,-7.000000	,-16.000000	,-27.000000	,1.500000	,1.500000	,94.000000	,113.500000	,-32.500000	,-5.000000	,-6.000000	,3.000000	,1.000000	,-4.000000	,-15.000000	,-17.000000	,-6.000000	,-15.000000	,-19.000000	,-22.000000	,-6.500000	,-9.500000	,-6.500000	,-10.000000	,-9.000000	,-12.500000	,-42.000000	,-103.000000	,-47.000000	,-11.500000	,21.500000	,15.000000	,19.000000	,17.500000	,1.000000	,-9.500000	,-19.500000	,-41.000000	,-35.500000	,10.000000	,2.000000	,18.500000	,22.000000	,-11.000000	,16.000000	,-22.500000	,-2.500000	,1.500000	,4.500000	,-1.500000	,-16.000000	,5.000000	,-4.000000	,-7.500000	,-17.500000	,-13.000000	,-9.000000	,-5.000000	,-58.000000	,-111.500000	,-68.500000	,5.500000	,35.000000	,31.500000	,5.000000	,4.500000	,15.500000	,-5.500000	,-17.500000	,-6.500000	,11.500000	,-20.500000	,-13.500000	,-15.500000	,-1.000000	,-14.000000	,-24.000000	,15.500000	,-199.000000	,-392.500000	,-322.500000	,-89.000000	,2.000000	,-1.500000	,-3.500000	,1.000000	,16.000000	,5.500000	,-14.500000	,-10.000000	,-1.000000	,3.500000	,-3.500000	,0.000000	,1.500000	,-5.000000	,-13.500000	,-1.000000	,-8.500000	,20.000000	,196.000000	,
-190.000000	,-8.000000	,-9.000000	,0.500000	,4.000000	,1.500000	,-6.000000	,0.000000	,-17.000000	,-35.500000	,-5.500000	,-10.000000	,-17.000000	,-8.500000	,0.000000	,-3.500000	,0.000000	,-9.500000	,9.500000	,19.000000	,260.000000	,198.500000	,-20.000000	,10.000000	,4.000000	,1.500000	,14.000000	,5.000000	,9.000000	,28.500000	,-31.500000	,-28.500000	,2.500000	,2.500000	,-28.000000	,1.500000	,10.500000	,5.500000	,12.500000	,3.000000	,-9.000000	,-5.500000	,9.500000	,37.000000	,21.000000	,11.000000	,-6.000000	,8.500000	,21.500000	,-18.500000	,-24.000000	,-2.500000	,-1.500000	,0.500000	,13.500000	,-80.500000	,-273.500000	,-307.000000	,-175.000000	,-69.000000	,7.500000	,-7.500000	,4.000000	,-14.500000	,-42.000000	,-22.500000	,-23.000000	,25.500000	,25.000000	,-2.500000	,8.500000	,-1.500000	,1.500000	,18.000000	,4.000000	,4.000000	,3.500000	,8.000000	,20.500000	,-3.500000	,-14.500000	,151.000000	,289.500000	,244.000000	,97.500000	,-28.000000	,-26.000000	,-4.000000	,-30.000000	,-14.000000	,8.500000	,0.500000	,-5.000000	,20.500000	,27.000000	,17.000000	,26.000000	,-5.500000	,-14.500000	,-1.000000	,-203.000000	,-254.500000	,-113.500000	,1.500000	,22.000000	,39.000000	,-12.500000	,-8.000000	,-1.500000	,-21.500000	,1.000000	,-38.500000	,-13.000000	,-16.000000	,120.500000	,307.000000	,238.500000	,19.500000	,12.000000	,18.000000	,18.000000	,9.000000	,2.000000	,0.500000	,-22.000000	,-22.500000	,-17.500000	,1.000000	,-94.000000	,-215.500000	,-51.500000	,-21.000000	,-17.000000	,0.000000	,5.000000	,4.000000	,9.500000	,19.000000	,-6.500000	,-7.000000	,16.500000	,-11.500000	,7.500000	,21.500000	,39.000000	,232.000000	,149.000000	,-13.500000	,21.000000	,24.500000	,-1.000000	,7.000000	,42.500000	,17.000000	,0.000000	,13.000000	,12.000000	,5.500000	,-6.500000	,3.000000	,-21.500000	,1.000000	,-3.000000	,-11.000000	,8.500000	,-60.000000	,-39.000000	,12.500000	,-13.500000	,13.500000	,-19.500000	,-9.500000	,-21.500000	,-23.000000	,-18.000000	,23.500000	,14.000000	,-13.000000	,14.500000	,5.000000	,34.500000	,27.000000	,16.000000	,24.000000	,-10.500000	,-14.500000	,-11.000000	,34.000000	,-14.500000	,-48.500000	,-4.500000	,5.000000	,-18.500000	,-3.000000	,15.500000	,-23.000000	,-125.000000	,-98.000000	,-18.500000	,-18.500000	,-12.000000	,-16.500000	,-8.000000	,6.500000	,12.500000	,7.500000	,-1.500000	,-15.500000	,15.000000	,-27.500000	,-44.000000	,-6.500000	,-5.000000	,17.000000	,-12.000000	,-18.500000	,14.000000	,-14.500000	,-266.000000	,-370.500000	,-161.000000	,1.000000	,-8.000000	,-12.500000	,7.500000	,19.500000	,6.500000	,-5.500000	,3.500000	,-4.500000	,-5.000000	,-2.500000	,-9.500000	,9.500000	,0.000000	,-5.000000	,-0.500000	,-1.500000	,11.000000	,186.500000	,
-184.500000	,-3.000000	,4.500000	,7.000000	,3.500000	,-1.500000	,-7.500000	,15.000000	,-4.500000	,-21.500000	,8.000000	,-4.000000	,-18.500000	,-5.500000	,4.000000	,-1.500000	,-20.000000	,-4.000000	,9.000000	,3.500000	,76.000000	,36.500000	,-15.000000	,21.500000	,1.500000	,-8.000000	,11.000000	,-23.000000	,1.000000	,34.500000	,6.000000	,-17.500000	,-1.000000	,14.500000	,-2.000000	,-19.500000	,-4.000000	,9.000000	,11.500000	,11.000000	,-12.500000	,-24.500000	,-5.000000	,11.000000	,-15.500000	,-19.000000	,-23.500000	,-6.000000	,2.000000	,19.000000	,2.000000	,-1.500000	,-2.000000	,-6.500000	,-5.000000	,0.000000	,-142.500000	,-285.000000	,-317.000000	,-222.000000	,-43.500000	,-9.000000	,23.000000	,-7.000000	,-8.000000	,-3.000000	,-26.500000	,4.500000	,-6.000000	,-11.000000	,-2.500000	,-34.500000	,-6.500000	,-9.500000	,-28.500000	,-1.000000	,-4.500000	,2.500000	,17.000000	,18.500000	,-24.500000	,37.000000	,185.000000	,301.000000	,256.500000	,21.500000	,-34.000000	,8.500000	,-14.000000	,-15.500000	,-0.500000	,2.000000	,-22.000000	,1.000000	,8.500000	,16.000000	,17.000000	,10.000000	,-7.500000	,-28.500000	,-168.500000	,-244.500000	,-141.000000	,-9.000000	,-7.500000	,16.000000	,-27.500000	,-11.500000	,12.500000	,11.500000	,-8.500000	,-20.500000	,4.500000	,-22.000000	,6.500000	,220.500000	,204.000000	,-24.000000	,5.500000	,0.500000	,12.000000	,16.500000	,12.500000	,4.500000	,-24.500000	,-4.000000	,3.000000	,9.500000	,-145.000000	,-204.500000	,1.500000	,-8.500000	,2.500000	,22.000000	,4.500000	,-7.500000	,16.500000	,24.000000	,7.000000	,21.000000	,25.500000	,8.000000	,1.000000	,26.500000	,48.500000	,145.000000	,82.000000	,-26.000000	,6.500000	,9.000000	,6.500000	,17.500000	,25.000000	,-10.000000	,11.000000	,14.500000	,23.000000	,25.500000	,29.000000	,22.500000	,1.500000	,17.500000	,5.500000	,-8.500000	,63.000000	,16.000000	,-1.500000	,-7.500000	,-11.000000	,7.000000	,-11.500000	,-9.000000	,-9.500000	,-20.500000	,24.000000	,19.000000	,6.500000	,-19.000000	,-27.000000	,-37.500000	,-14.000000	,3.500000	,18.000000	,14.500000	,14.500000	,10.500000	,-5.500000	,10.000000	,14.000000	,-32.000000	,-5.000000	,10.500000	,-15.500000	,13.500000	,9.000000	,-76.000000	,-66.000000	,-1.000000	,-8.000000	,2.500000	,-17.500000	,-19.000000	,9.500000	,-1.000000	,16.000000	,19.000000	,22.500000	,21.500000	,36.000000	,-2.500000	,-5.500000	,10.000000	,-4.000000	,11.000000	,-20.500000	,-56.000000	,-24.000000	,21.500000	,-151.500000	,-344.500000	,-211.000000	,10.000000	,-13.000000	,-24.000000	,8.500000	,27.000000	,13.500000	,-5.000000	,2.500000	,0.500000	,3.000000	,-3.500000	,-2.500000	,15.500000	,2.500000	,-1.000000	,0.000000	,4.000000	,11.000000	,192.000000	,
-180.500000	,-2.500000	,-4.500000	,-3.000000	,3.500000	,-3.500000	,-5.000000	,30.000000	,8.500000	,-9.000000	,16.500000	,21.500000	,1.500000	,0.000000	,17.500000	,14.000000	,-5.500000	,6.000000	,78.000000	,109.000000	,30.500000	,-14.500000	,-1.000000	,19.000000	,-0.500000	,-22.500000	,1.000000	,-22.000000	,-6.000000	,11.000000	,8.000000	,-1.000000	,2.500000	,3.500000	,7.000000	,1.000000	,-7.000000	,23.000000	,24.500000	,1.000000	,2.500000	,-20.000000	,-6.000000	,5.500000	,-14.000000	,-17.500000	,-20.500000	,-47.500000	,6.500000	,23.500000	,-19.500000	,-10.000000	,-27.500000	,-28.500000	,-11.500000	,-13.000000	,-31.000000	,-89.500000	,-237.000000	,-272.000000	,-250.000000	,-145.000000	,37.000000	,21.000000	,19.000000	,-13.500000	,-41.000000	,-12.000000	,-31.500000	,-7.000000	,9.000000	,-27.500000	,-15.500000	,-1.500000	,-16.000000	,-9.000000	,-41.500000	,-38.000000	,4.000000	,-2.000000	,-22.500000	,-7.000000	,33.000000	,231.000000	,349.500000	,188.500000	,7.000000	,19.000000	,20.500000	,-21.000000	,-11.000000	,8.000000	,-7.000000	,-9.500000	,8.000000	,-13.000000	,-7.500000	,15.000000	,20.500000	,13.500000	,-46.500000	,-269.000000	,-227.000000	,-37.000000	,3.500000	,-6.000000	,2.000000	,6.000000	,8.000000	,13.500000	,-8.500000	,-11.000000	,7.500000	,-21.000000	,-35.500000	,181.500000	,151.000000	,-41.000000	,11.000000	,-4.500000	,-3.500000	,-4.000000	,-8.500000	,-2.000000	,-10.000000	,21.000000	,22.000000	,19.000000	,-175.000000	,-188.000000	,4.500000	,-21.500000	,1.500000	,12.500000	,-19.000000	,-12.000000	,-9.500000	,0.000000	,-3.000000	,-9.500000	,22.000000	,1.000000	,-10.000000	,59.500000	,61.000000	,12.000000	,14.500000	,-31.000000	,-13.500000	,4.000000	,1.000000	,5.000000	,3.500000	,-15.000000	,-10.000000	,-25.000000	,-2.500000	,-6.500000	,16.000000	,16.000000	,-17.000000	,6.000000	,0.500000	,-25.500000	,-10.500000	,-1.000000	,-0.500000	,-32.000000	,-11.000000	,18.500000	,33.000000	,36.000000	,21.500000	,-6.500000	,10.000000	,4.500000	,-4.000000	,1.000000	,-9.000000	,-29.500000	,-34.000000	,-2.000000	,26.000000	,7.500000	,10.000000	,2.000000	,-8.000000	,-11.500000	,14.500000	,-11.000000	,7.000000	,16.000000	,-50.000000	,-95.000000	,-82.500000	,-10.500000	,8.500000	,-17.500000	,-22.000000	,12.000000	,-6.000000	,-12.500000	,-15.500000	,-21.000000	,-18.500000	,-1.000000	,-5.500000	,4.000000	,31.500000	,14.500000	,13.500000	,-1.000000	,11.000000	,31.500000	,21.000000	,-27.000000	,-45.500000	,-7.000000	,-110.500000	,-350.500000	,-330.000000	,-65.000000	,1.000000	,-13.500000	,-4.500000	,0.500000	,-24.500000	,-24.000000	,-1.000000	,4.000000	,-1.500000	,-17.500000	,1.500000	,3.000000	,2.500000	,-2.000000	,-3.000000	,5.500000	,4.000000	,193.500000	,
-199.500000	,-25.000000	,-5.500000	,-4.500000	,-11.000000	,2.500000	,0.500000	,8.000000	,0.000000	,-7.500000	,1.500000	,0.000000	,-8.500000	,3.000000	,22.500000	,8.500000	,-6.000000	,-10.500000	,200.000000	,236.000000	,18.500000	,-28.500000	,-25.500000	,4.500000	,9.000000	,-3.000000	,-3.000000	,0.000000	,-2.500000	,5.000000	,6.500000	,-11.000000	,-10.500000	,-10.000000	,11.000000	,23.500000	,-21.500000	,-2.500000	,7.500000	,13.500000	,20.500000	,-9.500000	,16.000000	,28.000000	,2.000000	,4.500000	,-5.000000	,-38.000000	,-23.000000	,-2.000000	,5.500000	,2.500000	,-6.000000	,5.500000	,-16.500000	,-34.000000	,3.000000	,8.000000	,-104.500000	,-169.500000	,-298.500000	,-301.500000	,-195.000000	,-64.000000	,49.000000	,8.000000	,17.500000	,16.500000	,-19.000000	,8.500000	,36.500000	,0.000000	,2.000000	,7.500000	,22.000000	,33.500000	,8.500000	,-38.500000	,-22.000000	,-13.500000	,-29.000000	,-31.500000	,-47.500000	,66.000000	,285.000000	,307.000000	,131.500000	,23.000000	,42.500000	,34.000000	,0.000000	,-10.500000	,0.000000	,-18.500000	,7.000000	,8.000000	,-1.500000	,9.500000	,-10.500000	,5.000000	,-55.500000	,-252.500000	,-254.500000	,-21.500000	,37.500000	,6.000000	,-15.000000	,-3.000000	,33.000000	,19.500000	,-0.500000	,13.000000	,27.000000	,0.500000	,24.000000	,249.000000	,177.500000	,5.500000	,9.000000	,-20.000000	,0.500000	,30.500000	,10.000000	,15.000000	,-3.000000	,-3.000000	,-19.000000	,-17.000000	,-211.500000	,-167.500000	,42.000000	,-1.500000	,8.000000	,22.500000	,13.000000	,9.000000	,-8.000000	,4.500000	,14.000000	,-17.500000	,-10.000000	,-21.000000	,-27.500000	,118.000000	,130.500000	,-14.000000	,7.000000	,2.000000	,-14.500000	,-5.000000	,-31.500000	,1.000000	,-9.000000	,-3.000000	,-4.500000	,-11.500000	,-8.500000	,-14.000000	,-25.500000	,12.000000	,4.500000	,-21.000000	,-49.000000	,-63.000000	,-28.500000	,33.000000	,12.000000	,3.500000	,-9.500000	,13.000000	,16.500000	,25.000000	,-22.000000	,-23.500000	,-12.000000	,-10.500000	,1.000000	,9.000000	,20.500000	,9.500000	,-25.500000	,-1.000000	,9.500000	,-13.500000	,-28.500000	,47.000000	,45.000000	,18.000000	,38.500000	,9.500000	,4.000000	,-30.500000	,-86.000000	,-77.500000	,-35.000000	,16.500000	,39.000000	,12.000000	,-14.500000	,0.000000	,-16.000000	,4.500000	,12.000000	,-16.500000	,-27.000000	,-6.000000	,14.000000	,-11.000000	,-26.000000	,10.500000	,18.000000	,3.000000	,-19.500000	,1.500000	,34.500000	,7.000000	,-7.000000	,6.000000	,-60.000000	,-294.000000	,-408.500000	,-252.500000	,-15.500000	,-7.000000	,-9.500000	,-2.500000	,-17.500000	,-6.500000	,-2.000000	,9.000000	,-8.500000	,-7.500000	,6.500000	,5.000000	,-6.000000	,-1.500000	,-2.000000	,0.000000	,-6.000000	,189.000000	,
-192.500000	,-29.000000	,-17.500000	,-20.000000	,-7.000000	,-4.000000	,7.000000	,8.000000	,7.500000	,5.500000	,5.000000	,-1.000000	,-5.000000	,-10.500000	,-17.000000	,3.500000	,-3.500000	,19.500000	,176.500000	,102.500000	,28.500000	,-3.000000	,0.500000	,2.000000	,19.500000	,13.000000	,8.000000	,15.500000	,42.500000	,31.500000	,9.000000	,-24.000000	,-6.500000	,-14.500000	,-4.500000	,10.500000	,-22.000000	,-15.500000	,-10.500000	,2.500000	,0.000000	,-7.500000	,1.000000	,3.500000	,-5.000000	,5.500000	,-5.000000	,-2.000000	,-2.500000	,-13.500000	,10.500000	,24.000000	,15.000000	,30.500000	,17.000000	,4.000000	,5.500000	,-19.000000	,-14.000000	,-1.000000	,-155.500000	,-262.500000	,-331.500000	,-206.500000	,-12.000000	,12.000000	,24.500000	,24.000000	,-2.000000	,-24.500000	,33.000000	,16.000000	,8.000000	,-13.000000	,-12.500000	,30.500000	,33.500000	,25.000000	,44.500000	,37.500000	,11.000000	,-13.500000	,-4.000000	,6.500000	,148.000000	,304.500000	,231.000000	,67.500000	,-10.000000	,16.500000	,-6.500000	,-5.500000	,20.000000	,-16.000000	,-6.500000	,-9.000000	,-12.500000	,-17.000000	,-26.500000	,10.000000	,-1.000000	,-173.000000	,-311.500000	,-149.500000	,4.500000	,-10.500000	,-37.000000	,6.500000	,12.000000	,-10.000000	,1.500000	,18.500000	,15.500000	,22.000000	,93.500000	,281.000000	,265.000000	,62.500000	,1.000000	,-22.500000	,-1.500000	,20.500000	,20.000000	,-5.000000	,-13.000000	,-22.500000	,-36.000000	,-52.000000	,-236.000000	,-170.000000	,19.000000	,13.000000	,28.000000	,18.000000	,40.000000	,33.500000	,-6.000000	,8.000000	,31.000000	,14.000000	,8.000000	,-7.500000	,-8.500000	,213.500000	,183.000000	,-26.000000	,15.000000	,-12.500000	,-8.000000	,24.500000	,-3.500000	,-8.500000	,-18.000000	,-13.500000	,2.500000	,-13.500000	,9.500000	,2.000000	,-2.000000	,45.000000	,37.500000	,-59.500000	,-55.000000	,-36.000000	,-29.500000	,9.000000	,15.500000	,24.500000	,-1.000000	,-30.000000	,-11.500000	,12.500000	,5.000000	,0.500000	,3.500000	,-3.000000	,15.000000	,-4.000000	,11.500000	,25.000000	,-10.000000	,-20.500000	,1.500000	,-18.500000	,-45.500000	,16.500000	,34.500000	,5.000000	,5.000000	,-11.500000	,-86.500000	,-107.000000	,7.000000	,15.000000	,8.000000	,-5.000000	,17.000000	,-2.000000	,-1.000000	,-3.500000	,-20.500000	,-11.500000	,-1.500000	,-4.500000	,-12.000000	,-10.000000	,35.000000	,15.500000	,-17.000000	,-15.000000	,-16.000000	,-13.500000	,-44.000000	,-24.000000	,23.500000	,16.000000	,25.500000	,35.500000	,13.000000	,-106.500000	,-324.500000	,-408.500000	,-211.000000	,-2.500000	,10.500000	,25.500000	,5.000000	,1.500000	,-1.500000	,11.500000	,-6.500000	,1.000000	,1.500000	,-9.500000	,-2.500000	,-3.000000	,5.500000	,6.000000	,0.000000	,191.000000	,
-172.500000	,7.000000	,4.000000	,-12.500000	,1.000000	,-5.000000	,2.000000	,3.000000	,-1.000000	,4.000000	,12.000000	,2.500000	,-6.000000	,-20.000000	,-24.500000	,-11.500000	,-12.500000	,136.500000	,304.000000	,240.000000	,128.000000	,-22.000000	,-6.500000	,-14.500000	,-4.500000	,15.500000	,18.000000	,11.000000	,-2.000000	,13.000000	,13.000000	,-4.500000	,-7.500000	,-26.500000	,7.000000	,19.000000	,15.500000	,-0.500000	,9.000000	,30.000000	,8.500000	,5.000000	,10.000000	,3.500000	,26.000000	,13.000000	,9.000000	,23.000000	,-4.500000	,4.500000	,21.000000	,-33.000000	,-19.000000	,23.000000	,44.500000	,16.500000	,0.500000	,-18.000000	,-11.000000	,-12.000000	,12.000000	,-47.500000	,-251.500000	,-308.500000	,-153.000000	,-45.000000	,-28.500000	,4.000000	,15.500000	,-20.000000	,4.000000	,8.000000	,4.000000	,-1.000000	,-0.500000	,3.000000	,0.500000	,9.500000	,36.500000	,32.000000	,36.500000	,20.500000	,21.500000	,16.500000	,27.500000	,176.500000	,273.500000	,199.500000	,22.000000	,20.000000	,5.000000	,-12.000000	,1.000000	,12.000000	,-2.500000	,0.000000	,35.500000	,5.500000	,-6.000000	,9.000000	,8.500000	,-134.500000	,-314.000000	,-255.000000	,-74.500000	,11.500000	,-1.500000	,30.500000	,12.000000	,-3.000000	,-3.000000	,-9.500000	,-18.500000	,-31.000000	,20.000000	,208.500000	,237.000000	,61.500000	,-4.000000	,-23.000000	,4.500000	,1.000000	,2.500000	,-6.500000	,16.500000	,4.500000	,5.000000	,-59.500000	,-219.500000	,-96.500000	,2.000000	,-17.000000	,-10.000000	,-14.500000	,6.000000	,1.500000	,-14.000000	,-9.000000	,3.500000	,18.000000	,18.500000	,36.500000	,29.500000	,126.500000	,80.000000	,-41.000000	,-5.500000	,-27.000000	,13.500000	,28.500000	,28.000000	,22.000000	,3.000000	,-9.000000	,1.500000	,-7.000000	,33.000000	,13.500000	,-10.500000	,5.500000	,-43.000000	,-123.500000	,9.500000	,-6.500000	,-20.000000	,-4.500000	,2.000000	,-12.500000	,-8.000000	,-25.000000	,-9.500000	,14.500000	,20.000000	,29.500000	,10.500000	,18.000000	,20.000000	,-11.000000	,-18.000000	,-15.000000	,-9.000000	,-12.500000	,25.500000	,-6.000000	,-42.000000	,-18.500000	,2.000000	,2.500000	,-38.500000	,-100.000000	,-119.500000	,-27.500000	,35.000000	,7.000000	,-5.000000	,-11.500000	,-6.000000	,5.000000	,37.000000	,36.000000	,-15.500000	,1.500000	,1.000000	,1.500000	,-13.500000	,-38.000000	,21.500000	,0.500000	,12.000000	,-14.000000	,0.000000	,16.500000	,-2.500000	,0.000000	,22.500000	,-4.000000	,1.000000	,14.000000	,1.500000	,2.500000	,-155.000000	,-364.500000	,-251.000000	,8.500000	,5.500000	,6.500000	,1.000000	,-10.000000	,2.000000	,-3.000000	,-19.500000	,-4.500000	,-1.500000	,-8.000000	,2.500000	,-2.000000	,2.000000	,3.000000	,0.500000	,191.000000	,
-175.500000	,30.000000	,9.000000	,6.000000	,7.500000	,4.000000	,3.000000	,2.000000	,0.000000	,-0.500000	,3.500000	,-3.000000	,-4.000000	,-0.500000	,-10.000000	,-15.000000	,-6.500000	,188.500000	,242.000000	,282.500000	,272.000000	,218.500000	,175.000000	,36.000000	,-46.500000	,-34.500000	,-53.000000	,-23.500000	,4.000000	,0.000000	,1.500000	,19.000000	,-30.500000	,-25.000000	,-10.500000	,-4.500000	,11.000000	,19.500000	,-1.000000	,6.500000	,-1.500000	,-1.500000	,-10.000000	,-8.500000	,19.000000	,4.500000	,-2.000000	,6.500000	,8.000000	,-8.500000	,-22.000000	,-30.000000	,-35.000000	,-23.000000	,0.500000	,2.000000	,16.500000	,15.500000	,-11.500000	,4.500000	,4.500000	,5.000000	,-124.500000	,-285.000000	,-304.500000	,-201.500000	,-54.500000	,16.000000	,5.000000	,-3.500000	,-2.500000	,17.500000	,9.000000	,17.500000	,17.500000	,13.000000	,-31.500000	,-27.500000	,13.500000	,-6.500000	,3.000000	,-21.000000	,4.500000	,9.000000	,5.000000	,66.000000	,238.000000	,304.500000	,141.500000	,-4.000000	,11.000000	,-9.000000	,-16.000000	,-1.500000	,-6.500000	,13.000000	,24.500000	,6.500000	,10.000000	,22.000000	,11.500000	,-50.500000	,-198.500000	,-279.500000	,-172.000000	,-12.000000	,-8.000000	,14.500000	,24.000000	,31.500000	,10.500000	,17.000000	,-3.500000	,-27.000000	,-26.000000	,158.000000	,215.500000	,71.000000	,5.000000	,13.000000	,-11.000000	,8.000000	,37.500000	,42.000000	,13.000000	,-1.500000	,23.500000	,-123.000000	,-210.500000	,-46.000000	,-19.000000	,-23.500000	,-13.500000	,-7.000000	,3.000000	,7.000000	,-17.500000	,-24.000000	,-17.500000	,-37.000000	,-25.500000	,29.500000	,59.000000	,80.000000	,31.000000	,-2.500000	,-7.000000	,-18.500000	,-19.000000	,-23.500000	,-19.500000	,12.000000	,4.000000	,-12.500000	,1.000000	,-16.000000	,-40.000000	,-41.500000	,-22.000000	,20.000000	,-66.000000	,-63.000000	,28.000000	,12.000000	,-5.500000	,10.500000	,1.500000	,-13.500000	,-4.000000	,-14.000000	,-30.500000	,-9.500000	,4.000000	,2.500000	,-14.000000	,8.000000	,11.000000	,8.500000	,-10.500000	,-10.000000	,5.000000	,-11.500000	,-2.500000	,5.500000	,-36.500000	,-22.000000	,10.500000	,-46.500000	,-87.500000	,-24.000000	,-20.500000	,-10.500000	,13.500000	,13.500000	,0.500000	,38.000000	,-1.500000	,-24.500000	,14.500000	,23.500000	,18.000000	,29.000000	,6.500000	,16.000000	,-8.000000	,0.500000	,12.500000	,-3.000000	,32.500000	,15.000000	,11.000000	,12.000000	,17.500000	,20.000000	,-19.000000	,-2.000000	,10.000000	,11.500000	,-14.500000	,-40.000000	,-28.000000	,-297.500000	,-339.000000	,-123.500000	,0.500000	,-3.000000	,0.000000	,-1.500000	,-3.000000	,5.500000	,-2.500000	,12.500000	,-0.500000	,-5.000000	,0.500000	,-0.500000	,0.000000	,-3.000000	,-12.500000	,180.500000	,
-197.000000	,-8.500000	,4.000000	,-2.500000	,-5.000000	,-6.500000	,-7.000000	,-8.000000	,-4.000000	,-9.000000	,19.500000	,14.000000	,-6.500000	,21.500000	,11.000000	,-4.500000	,-11.500000	,27.500000	,44.500000	,184.000000	,252.500000	,285.000000	,294.000000	,178.000000	,61.000000	,2.500000	,-25.500000	,-20.000000	,17.500000	,-9.000000	,3.000000	,31.000000	,-3.000000	,-6.500000	,-11.000000	,-22.500000	,14.500000	,2.000000	,-27.500000	,3.500000	,20.000000	,23.500000	,-16.500000	,-13.500000	,-8.500000	,-6.000000	,0.000000	,8.000000	,16.500000	,13.000000	,12.500000	,4.000000	,-47.500000	,-37.000000	,-13.500000	,-21.000000	,0.500000	,24.000000	,-3.000000	,-21.000000	,-22.500000	,12.000000	,-15.000000	,-123.000000	,-260.000000	,-309.500000	,-269.500000	,-162.000000	,-9.000000	,-9.000000	,-14.000000	,9.000000	,-25.000000	,-26.500000	,-14.000000	,-5.500000	,-40.000000	,3.500000	,27.000000	,0.500000	,-27.500000	,-26.000000	,17.000000	,11.500000	,15.000000	,14.500000	,108.000000	,279.500000	,265.000000	,63.500000	,32.000000	,11.000000	,-19.500000	,-41.000000	,-56.500000	,-16.000000	,-14.000000	,-24.000000	,-5.000000	,37.000000	,35.500000	,-11.000000	,-99.000000	,-263.000000	,-236.500000	,-32.000000	,-10.500000	,-23.500000	,-1.500000	,17.500000	,10.500000	,21.500000	,33.000000	,-10.000000	,17.500000	,221.500000	,303.000000	,176.000000	,-4.000000	,8.000000	,-18.500000	,-13.500000	,7.500000	,22.000000	,-2.000000	,-13.500000	,5.000000	,-199.000000	,-222.000000	,-8.000000	,10.500000	,16.000000	,-4.500000	,-2.500000	,8.500000	,12.000000	,0.500000	,-22.500000	,-22.500000	,-35.000000	,-50.000000	,71.000000	,186.000000	,70.500000	,25.000000	,10.500000	,11.000000	,-0.500000	,-2.000000	,-3.000000	,-2.000000	,-16.000000	,-21.500000	,-38.000000	,0.500000	,-4.000000	,-12.000000	,-8.500000	,51.000000	,147.000000	,47.000000	,-25.000000	,-7.500000	,-17.500000	,-28.000000	,2.000000	,1.500000	,4.000000	,10.000000	,7.000000	,-22.500000	,-8.000000	,9.500000	,-6.500000	,-17.500000	,-16.500000	,4.500000	,31.000000	,8.500000	,4.500000	,6.000000	,-17.000000	,-13.500000	,8.500000	,-21.500000	,-46.500000	,-82.000000	,-96.500000	,-33.000000	,17.000000	,-16.500000	,-7.500000	,11.000000	,-7.500000	,-6.000000	,21.000000	,-4.000000	,-25.500000	,-11.000000	,-9.500000	,-19.500000	,9.500000	,-13.000000	,-11.500000	,-37.500000	,-8.000000	,13.000000	,7.500000	,4.500000	,-8.000000	,-10.500000	,-18.000000	,9.000000	,10.500000	,-21.000000	,-4.500000	,17.500000	,24.500000	,27.500000	,-0.500000	,-46.000000	,-258.000000	,-389.500000	,-302.500000	,-69.000000	,-1.000000	,9.500000	,8.000000	,2.000000	,-1.000000	,3.000000	,14.500000	,6.500000	,-1.000000	,-10.000000	,-19.000000	,3.500000	,2.000000	,-16.500000	,177.500000	,
-183.500000	,-5.000000	,3.500000	,-2.500000	,-15.500000	,-2.000000	,-3.500000	,0.500000	,-2.000000	,-10.000000	,31.000000	,16.000000	,0.500000	,12.000000	,12.500000	,2.500000	,9.500000	,27.500000	,17.000000	,17.500000	,41.500000	,147.500000	,259.000000	,301.500000	,298.500000	,283.500000	,179.500000	,19.000000	,-12.000000	,-36.000000	,-2.500000	,18.500000	,15.000000	,7.000000	,3.500000	,-14.500000	,14.000000	,-2.000000	,-31.500000	,-27.000000	,20.000000	,29.500000	,-3.000000	,-11.000000	,-7.000000	,21.500000	,2.500000	,-2.000000	,30.500000	,33.500000	,26.000000	,17.500000	,-4.500000	,15.500000	,9.500000	,-6.000000	,5.000000	,-2.500000	,-6.500000	,-22.000000	,-15.500000	,-21.000000	,22.500000	,41.000000	,-105.000000	,-248.000000	,-310.000000	,-283.500000	,-100.500000	,3.000000	,-22.500000	,-17.000000	,-20.000000	,-35.000000	,-15.000000	,-9.500000	,-24.500000	,-4.500000	,15.500000	,21.500000	,-0.500000	,-15.000000	,14.000000	,25.000000	,33.500000	,25.000000	,20.000000	,214.500000	,318.500000	,186.500000	,33.000000	,27.500000	,42.500000	,3.500000	,-10.500000	,13.000000	,-6.000000	,-32.500000	,-42.500000	,3.000000	,31.500000	,6.000000	,-30.000000	,-220.500000	,-278.500000	,-50.500000	,3.000000	,-50.000000	,-24.500000	,-21.000000	,-24.500000	,-18.000000	,-0.500000	,-22.500000	,-3.500000	,129.000000	,283.500000	,171.500000	,2.000000	,34.500000	,-17.000000	,-13.500000	,-9.500000	,27.500000	,16.500000	,13.500000	,-3.500000	,-213.500000	,-200.000000	,21.000000	,11.500000	,-5.500000	,-4.500000	,-10.000000	,-29.000000	,-1.500000	,15.500000	,14.000000	,-4.000000	,5.500000	,-6.000000	,92.500000	,62.000000	,19.000000	,11.500000	,11.500000	,20.000000	,6.000000	,9.500000	,22.000000	,8.500000	,18.500000	,9.000000	,1.000000	,27.500000	,41.500000	,25.000000	,-47.500000	,-74.500000	,28.000000	,43.000000	,-2.500000	,-13.000000	,-36.500000	,-15.500000	,-5.500000	,4.000000	,5.000000	,2.500000	,-3.000000	,-21.000000	,-24.000000	,0.000000	,-13.500000	,-19.000000	,-19.500000	,-10.500000	,15.000000	,-13.500000	,4.500000	,42.000000	,23.000000	,19.500000	,22.500000	,-43.500000	,-68.000000	,-4.000000	,3.500000	,-1.000000	,-19.000000	,-45.000000	,-38.000000	,-29.000000	,-38.000000	,-7.000000	,13.000000	,-3.500000	,-8.000000	,10.000000	,-3.500000	,-25.500000	,-3.500000	,12.500000	,-14.000000	,-20.000000	,-27.000000	,-1.000000	,1.000000	,18.000000	,2.000000	,-12.500000	,-44.000000	,-25.000000	,-4.500000	,-39.500000	,-28.000000	,5.000000	,32.000000	,40.000000	,22.500000	,-22.500000	,-98.500000	,-323.000000	,-330.000000	,-65.000000	,5.000000	,7.500000	,-3.500000	,-7.000000	,-24.000000	,-23.000000	,3.000000	,4.000000	,9.500000	,-2.000000	,-10.500000	,9.500000	,17.000000	,-7.500000	,178.500000	,
-184.000000	,0.000000	,11.000000	,7.000000	,1.500000	,7.500000	,0.000000	,11.500000	,3.500000	,-3.000000	,12.500000	,2.500000	,5.000000	,-0.500000	,18.000000	,38.500000	,49.500000	,11.000000	,-5.500000	,-14.000000	,16.500000	,42.000000	,85.000000	,163.000000	,188.500000	,276.500000	,290.500000	,219.500000	,139.000000	,99.500000	,48.500000	,0.500000	,12.000000	,18.500000	,-25.000000	,5.500000	,38.500000	,3.000000	,-30.000000	,-45.500000	,-30.000000	,-23.500000	,10.000000	,-30.000000	,-32.000000	,6.000000	,4.500000	,-1.000000	,12.500000	,8.000000	,0.000000	,6.500000	,-6.500000	,-8.500000	,8.500000	,12.500000	,-7.500000	,-2.500000	,7.500000	,1.500000	,-29.000000	,-41.000000	,-27.500000	,5.500000	,29.000000	,2.500000	,-148.500000	,-286.000000	,-225.000000	,-107.000000	,-35.000000	,30.500000	,13.500000	,-3.000000	,27.500000	,1.000000	,-11.000000	,-11.500000	,-2.500000	,5.500000	,-3.000000	,-23.000000	,-12.500000	,-13.500000	,-8.000000	,22.500000	,-6.500000	,61.000000	,236.000000	,274.500000	,169.500000	,12.500000	,42.000000	,16.500000	,25.500000	,11.500000	,13.000000	,-3.500000	,-16.500000	,-24.000000	,9.000000	,18.000000	,13.000000	,-170.500000	,-278.000000	,-99.000000	,-22.500000	,-19.500000	,-8.000000	,-27.000000	,-32.000000	,-5.000000	,-7.500000	,-28.000000	,-19.000000	,19.000000	,195.000000	,116.000000	,2.000000	,29.500000	,-8.500000	,8.500000	,16.000000	,17.000000	,30.500000	,28.000000	,-5.000000	,-214.000000	,-182.500000	,4.000000	,5.000000	,4.500000	,9.500000	,16.500000	,5.500000	,-11.000000	,13.500000	,15.000000	,13.500000	,6.500000	,49.000000	,114.500000	,-21.000000	,-11.500000	,-6.000000	,-10.500000	,-9.000000	,-14.500000	,-22.000000	,-8.500000	,15.000000	,10.500000	,12.500000	,4.000000	,-8.500000	,3.000000	,2.000000	,-79.000000	,-82.500000	,-42.500000	,-8.000000	,-4.000000	,-2.500000	,-14.000000	,23.500000	,14.500000	,-1.000000	,-9.000000	,-24.000000	,-9.500000	,-18.000000	,14.500000	,21.000000	,-10.500000	,17.000000	,-8.500000	,4.500000	,22.000000	,-2.500000	,-7.000000	,24.000000	,35.000000	,-13.500000	,-81.000000	,-82.000000	,-6.500000	,29.500000	,9.500000	,7.000000	,-13.000000	,-7.500000	,4.000000	,-18.000000	,-13.500000	,-3.500000	,5.000000	,-4.500000	,-15.000000	,13.500000	,13.000000	,-0.500000	,30.500000	,1.500000	,2.500000	,-3.000000	,-7.000000	,-16.500000	,-2.000000	,13.500000	,-2.000000	,-7.000000	,14.000000	,22.000000	,-7.000000	,-14.500000	,-2.000000	,-10.500000	,-24.000000	,6.500000	,12.000000	,-34.000000	,-25.000000	,-209.500000	,-337.000000	,-157.000000	,5.000000	,-0.500000	,7.500000	,7.500000	,-27.500000	,-36.000000	,-16.000000	,-1.500000	,14.000000	,9.500000	,-6.500000	,-6.500000	,9.000000	,-1.500000	,187.500000	,
-192.000000	,2.500000	,11.000000	,1.000000	,4.000000	,1.000000	,-1.000000	,6.000000	,0.500000	,-5.000000	,-13.000000	,-2.000000	,-11.000000	,-13.000000	,-3.000000	,36.000000	,59.000000	,-8.000000	,-11.000000	,-34.000000	,6.500000	,-10.000000	,-58.000000	,-60.000000	,-37.000000	,112.500000	,255.500000	,304.000000	,274.500000	,270.500000	,174.000000	,22.000000	,13.500000	,-12.500000	,-49.000000	,-7.500000	,24.500000	,28.000000	,10.500000	,5.000000	,3.500000	,-8.500000	,9.500000	,-26.500000	,-50.000000	,-14.000000	,15.000000	,-8.500000	,-10.500000	,3.000000	,8.500000	,16.500000	,14.000000	,-21.500000	,-49.500000	,-5.000000	,7.500000	,-5.500000	,7.000000	,-9.000000	,8.000000	,5.500000	,-11.000000	,8.000000	,16.500000	,14.000000	,-32.500000	,-206.500000	,-285.500000	,-283.500000	,-183.000000	,-19.500000	,8.500000	,14.000000	,15.000000	,11.000000	,-9.000000	,10.500000	,-12.000000	,-1.000000	,20.500000	,-20.500000	,-29.000000	,-28.500000	,-29.000000	,-2.500000	,6.000000	,-10.500000	,117.500000	,257.500000	,241.000000	,99.000000	,-4.000000	,-8.000000	,31.500000	,-0.500000	,0.500000	,15.000000	,2.500000	,-10.000000	,11.500000	,-12.000000	,-8.000000	,-114.500000	,-287.500000	,-211.000000	,-37.500000	,16.000000	,24.000000	,2.000000	,11.000000	,16.500000	,0.500000	,-8.500000	,-40.500000	,63.500000	,224.000000	,75.500000	,-2.500000	,1.500000	,-16.000000	,-21.000000	,-2.500000	,-22.500000	,1.000000	,-1.500000	,-31.500000	,-208.000000	,-151.500000	,4.000000	,4.500000	,2.500000	,-5.500000	,13.500000	,25.500000	,-0.500000	,15.000000	,6.000000	,20.000000	,-4.000000	,184.000000	,167.500000	,-11.500000	,-27.000000	,-30.000000	,-11.500000	,-9.500000	,-15.500000	,21.000000	,8.000000	,25.000000	,-11.000000	,-12.500000	,-26.500000	,-19.000000	,15.500000	,-37.500000	,-59.000000	,-8.500000	,-7.500000	,17.000000	,23.000000	,11.000000	,-0.500000	,0.500000	,-8.000000	,6.500000	,19.500000	,10.500000	,-6.500000	,-15.000000	,31.000000	,28.500000	,-2.500000	,16.500000	,-7.000000	,-14.000000	,7.000000	,-12.500000	,-36.500000	,-12.500000	,-12.500000	,-84.000000	,-91.500000	,-36.500000	,-24.000000	,-18.500000	,-3.000000	,16.000000	,8.500000	,22.000000	,41.500000	,19.500000	,10.000000	,-3.500000	,-12.000000	,8.000000	,-4.000000	,-16.000000	,20.500000	,-3.000000	,29.500000	,2.500000	,-1.000000	,-21.500000	,6.000000	,2.000000	,-1.000000	,-8.500000	,-14.000000	,0.500000	,33.000000	,44.000000	,10.500000	,9.000000	,-4.000000	,-16.500000	,-30.500000	,8.000000	,28.000000	,10.500000	,18.000000	,-171.500000	,-383.000000	,-308.000000	,-86.000000	,9.500000	,17.500000	,31.500000	,9.000000	,-13.000000	,-12.500000	,-0.500000	,-6.500000	,8.500000	,4.500000	,-0.500000	,2.500000	,-8.000000	,191.000000	,
-192.000000	,4.500000	,-8.000000	,-13.000000	,3.000000	,-5.000000	,-19.500000	,-13.000000	,5.500000	,0.000000	,-13.500000	,6.000000	,-10.000000	,-16.000000	,-10.500000	,24.000000	,21.000000	,8.000000	,-13.000000	,9.500000	,42.000000	,26.500000	,-7.500000	,5.000000	,23.500000	,7.500000	,48.000000	,107.000000	,136.500000	,252.500000	,297.500000	,230.500000	,221.000000	,158.000000	,52.500000	,-12.500000	,-20.000000	,-2.500000	,9.500000	,22.500000	,10.000000	,1.500000	,15.000000	,-13.500000	,-29.500000	,-10.000000	,-4.000000	,-16.000000	,2.000000	,21.500000	,29.500000	,33.000000	,11.000000	,2.000000	,-31.000000	,2.500000	,15.500000	,3.000000	,36.500000	,-3.500000	,-6.500000	,2.000000	,-14.500000	,-32.000000	,-8.000000	,6.500000	,-14.000000	,-52.500000	,-145.000000	,-271.000000	,-305.000000	,-221.500000	,-70.500000	,6.000000	,2.500000	,-23.000000	,-10.000000	,24.500000	,-10.500000	,8.500000	,7.500000	,-8.000000	,11.000000	,24.000000	,-14.000000	,-0.500000	,15.000000	,19.000000	,-6.000000	,153.500000	,266.000000	,246.500000	,61.000000	,-16.000000	,26.000000	,6.500000	,13.000000	,14.000000	,15.000000	,-4.000000	,-2.500000	,8.500000	,-5.000000	,-61.000000	,-217.500000	,-289.000000	,-164.000000	,35.000000	,33.000000	,-16.000000	,-16.000000	,-1.500000	,8.000000	,5.500000	,-26.000000	,116.000000	,294.000000	,200.500000	,7.500000	,1.000000	,-31.500000	,-25.500000	,-6.500000	,-7.500000	,-2.500000	,-13.500000	,-100.000000	,-229.500000	,-79.500000	,15.500000	,0.500000	,2.500000	,-24.000000	,-5.500000	,-14.000000	,-8.500000	,-1.000000	,8.000000	,-1.500000	,42.000000	,191.000000	,125.500000	,-27.000000	,-17.000000	,-13.500000	,24.000000	,-3.500000	,-3.000000	,-9.500000	,-19.500000	,16.000000	,29.000000	,6.500000	,3.000000	,-16.500000	,-17.500000	,-104.000000	,-17.000000	,6.000000	,-21.500000	,1.500000	,4.000000	,-10.000000	,2.000000	,0.000000	,-6.500000	,-1.500000	,15.000000	,27.000000	,0.000000	,-22.000000	,10.000000	,13.000000	,8.000000	,1.500000	,-9.500000	,-16.000000	,7.500000	,-11.000000	,-38.500000	,-85.500000	,-104.500000	,-30.500000	,10.500000	,9.500000	,7.000000	,38.500000	,22.000000	,22.500000	,-12.000000	,-38.500000	,-21.500000	,-30.000000	,6.000000	,8.500000	,-41.000000	,10.000000	,-7.000000	,-5.500000	,-28.000000	,-10.000000	,15.000000	,23.500000	,25.500000	,4.000000	,8.500000	,6.000000	,11.000000	,12.000000	,2.500000	,-15.000000	,2.500000	,-22.000000	,-25.500000	,-1.000000	,19.000000	,29.500000	,14.500000	,32.000000	,28.500000	,0.000000	,8.000000	,-53.000000	,-299.000000	,-394.000000	,-228.000000	,1.000000	,12.000000	,20.000000	,29.000000	,2.500000	,-8.000000	,0.500000	,-9.500000	,-1.000000	,13.500000	,12.500000	,-10.500000	,-33.000000	,179.500000	,
-195.000000	,-7.000000	,-21.000000	,-24.500000	,6.500000	,7.500000	,-6.000000	,-3.500000	,23.500000	,-5.000000	,-21.000000	,26.000000	,12.000000	,11.000000	,4.500000	,-4.500000	,-9.500000	,16.500000	,-18.000000	,-17.000000	,48.000000	,45.500000	,17.500000	,25.000000	,13.500000	,-21.500000	,-11.000000	,-2.000000	,9.000000	,140.500000	,213.000000	,221.000000	,279.000000	,298.500000	,229.000000	,112.500000	,32.000000	,24.000000	,10.500000	,-4.500000	,5.000000	,18.500000	,12.500000	,1.000000	,-1.000000	,21.500000	,8.500000	,-2.500000	,-18.500000	,-3.500000	,0.000000	,-26.500000	,15.000000	,13.500000	,-30.000000	,9.500000	,-11.000000	,12.500000	,48.500000	,20.000000	,1.000000	,-11.000000	,-5.000000	,-15.500000	,3.000000	,3.000000	,-17.000000	,10.000000	,-11.500000	,-86.000000	,-233.000000	,-334.000000	,-262.500000	,-133.000000	,14.500000	,13.500000	,5.000000	,11.500000	,-3.500000	,-7.000000	,-11.000000	,-27.000000	,-1.500000	,30.500000	,-3.000000	,12.500000	,26.500000	,8.000000	,8.000000	,33.000000	,190.000000	,305.500000	,177.000000	,0.500000	,-5.500000	,9.500000	,2.000000	,-3.000000	,11.500000	,-3.000000	,9.000000	,-14.500000	,-18.500000	,14.000000	,-79.500000	,-269.000000	,-217.500000	,17.500000	,-10.000000	,-31.500000	,3.500000	,-3.000000	,3.500000	,13.500000	,-23.500000	,56.500000	,261.500000	,216.500000	,5.000000	,19.500000	,-2.000000	,9.500000	,15.000000	,24.000000	,3.000000	,10.000000	,-135.500000	,-223.000000	,-35.500000	,16.000000	,-7.000000	,-15.000000	,-11.000000	,13.000000	,-3.000000	,-24.000000	,-16.000000	,-5.500000	,-1.500000	,42.500000	,65.500000	,44.000000	,16.000000	,29.000000	,-6.000000	,32.500000	,-5.000000	,-15.500000	,1.500000	,-37.000000	,-3.500000	,23.500000	,-3.500000	,15.500000	,-5.000000	,-55.000000	,-35.500000	,62.500000	,26.000000	,-22.000000	,-11.000000	,-19.000000	,-9.500000	,27.500000	,18.000000	,8.500000	,6.000000	,20.500000	,25.000000	,12.000000	,9.000000	,-21.000000	,-11.500000	,4.000000	,2.500000	,6.500000	,-1.000000	,17.000000	,-3.500000	,-65.500000	,-83.000000	,-48.500000	,29.000000	,23.500000	,-10.500000	,12.500000	,9.000000	,-2.000000	,31.500000	,23.000000	,-6.500000	,-8.000000	,-24.500000	,13.000000	,22.000000	,-25.000000	,7.500000	,10.000000	,13.500000	,-18.500000	,-1.500000	,-20.500000	,-3.500000	,5.000000	,-18.500000	,-8.000000	,21.000000	,29.500000	,11.000000	,-10.500000	,12.500000	,15.500000	,-18.500000	,-21.500000	,-9.500000	,4.500000	,19.500000	,12.500000	,14.500000	,4.000000	,-25.500000	,-4.000000	,-25.000000	,-135.000000	,-314.500000	,-235.000000	,-9.000000	,-17.500000	,-20.000000	,-7.000000	,-6.500000	,-7.000000	,-2.000000	,-11.000000	,-8.500000	,-10.000000	,7.000000	,4.000000	,-4.500000	,188.500000	,
-191.000000	,-8.000000	,-13.000000	,-9.500000	,13.000000	,21.500000	,8.500000	,-5.000000	,16.500000	,2.500000	,-16.500000	,14.500000	,15.500000	,24.000000	,48.000000	,-3.000000	,7.000000	,10.000000	,-23.000000	,-32.000000	,4.500000	,-1.500000	,-12.500000	,-5.500000	,9.000000	,-8.500000	,-13.500000	,-1.500000	,-15.000000	,4.500000	,16.000000	,34.500000	,106.500000	,251.500000	,332.500000	,320.000000	,237.500000	,75.500000	,0.000000	,4.000000	,7.500000	,28.000000	,37.000000	,-6.500000	,-15.000000	,20.000000	,-6.500000	,-18.500000	,-30.000000	,-21.500000	,-6.500000	,-6.500000	,30.000000	,3.500000	,-17.500000	,1.000000	,-39.000000	,-28.500000	,2.000000	,31.500000	,29.500000	,16.000000	,-2.000000	,-2.000000	,15.500000	,4.000000	,-4.000000	,-33.500000	,-16.500000	,23.000000	,-77.000000	,-227.000000	,-306.500000	,-272.000000	,-97.000000	,8.000000	,-11.500000	,-9.500000	,34.500000	,33.000000	,24.500000	,-19.000000	,-14.500000	,20.000000	,4.500000	,-6.000000	,30.500000	,18.500000	,6.000000	,-13.000000	,72.500000	,244.000000	,273.500000	,116.500000	,-0.500000	,7.500000	,-16.500000	,-27.500000	,-1.000000	,1.500000	,-3.500000	,-24.000000	,-20.000000	,-3.000000	,-16.500000	,-260.000000	,-304.000000	,-96.500000	,4.500000	,-29.500000	,-11.500000	,7.500000	,2.000000	,-4.500000	,-22.500000	,-28.000000	,215.000000	,193.500000	,6.500000	,22.500000	,37.000000	,8.000000	,-10.500000	,-0.500000	,-4.500000	,34.500000	,-160.500000	,-231.500000	,-14.500000	,0.500000	,2.000000	,-6.000000	,1.000000	,-2.000000	,-8.500000	,-4.000000	,9.500000	,-0.500000	,63.500000	,96.500000	,9.000000	,19.500000	,38.000000	,45.000000	,7.000000	,19.500000	,25.000000	,4.000000	,47.500000	,11.000000	,3.000000	,8.000000	,3.500000	,44.000000	,76.000000	,-57.500000	,-54.000000	,4.500000	,21.500000	,-1.500000	,22.500000	,1.000000	,-19.500000	,-2.500000	,-8.500000	,-7.500000	,-9.000000	,-14.000000	,-12.000000	,-5.000000	,18.500000	,-24.500000	,-3.500000	,12.000000	,0.500000	,-3.000000	,-14.000000	,-47.500000	,-93.500000	,-38.500000	,-10.000000	,-29.500000	,15.000000	,12.500000	,-29.000000	,-22.000000	,-13.000000	,-38.000000	,-14.500000	,37.500000	,44.500000	,39.500000	,-1.500000	,38.500000	,37.500000	,13.000000	,-37.000000	,14.500000	,38.000000	,0.500000	,12.000000	,-26.500000	,-14.000000	,-3.000000	,-24.500000	,5.500000	,12.500000	,21.000000	,-7.500000	,-21.500000	,13.500000	,25.500000	,6.500000	,21.000000	,-14.000000	,-36.500000	,-14.000000	,3.000000	,40.500000	,25.500000	,6.500000	,43.500000	,7.500000	,-42.500000	,-290.000000	,-345.000000	,-133.500000	,-2.500000	,0.000000	,5.500000	,1.500000	,-3.500000	,7.000000	,-6.000000	,6.500000	,-2.000000	,16.000000	,10.500000	,10.500000	,193.500000	,
-169.000000	,15.000000	,-4.500000	,-19.000000	,-9.000000	,-3.000000	,3.500000	,2.000000	,17.000000	,-6.000000	,-19.000000	,-3.500000	,4.000000	,58.000000	,60.500000	,-0.500000	,7.000000	,18.500000	,12.000000	,-2.500000	,-11.500000	,-15.500000	,5.000000	,19.000000	,3.000000	,-18.500000	,-13.000000	,-1.000000	,-13.500000	,2.500000	,4.500000	,-15.000000	,-14.500000	,68.000000	,157.000000	,248.000000	,295.500000	,273.500000	,218.000000	,167.000000	,85.500000	,13.000000	,32.000000	,-12.500000	,-18.000000	,19.500000	,5.000000	,6.500000	,10.000000	,33.000000	,6.000000	,7.500000	,25.500000	,-5.000000	,-4.500000	,3.500000	,-9.500000	,5.000000	,-22.500000	,-16.500000	,16.000000	,8.500000	,-0.500000	,-13.500000	,18.500000	,44.500000	,7.000000	,-31.000000	,12.500000	,41.500000	,19.000000	,-15.500000	,-163.000000	,-326.000000	,-267.500000	,-92.500000	,-70.500000	,-6.500000	,19.500000	,28.000000	,32.500000	,-3.500000	,-15.000000	,4.500000	,-34.000000	,-31.500000	,-1.500000	,27.000000	,7.500000	,-0.500000	,-1.000000	,143.500000	,326.000000	,258.500000	,56.500000	,-2.000000	,7.000000	,4.500000	,-5.500000	,9.500000	,30.500000	,-3.000000	,-7.500000	,15.000000	,-3.500000	,-207.500000	,-276.000000	,-77.500000	,33.000000	,-21.500000	,-12.000000	,1.000000	,9.000000	,13.000000	,-17.500000	,-1.500000	,217.500000	,177.500000	,-18.000000	,-34.500000	,-10.500000	,-6.500000	,4.500000	,22.000000	,-3.000000	,-8.500000	,-209.500000	,-192.500000	,29.000000	,19.500000	,11.500000	,-0.500000	,-24.500000	,-31.000000	,-21.500000	,1.500000	,-5.500000	,-15.500000	,192.500000	,212.000000	,-2.500000	,-16.000000	,-18.500000	,9.000000	,-1.000000	,9.500000	,0.000000	,-21.500000	,31.500000	,22.000000	,-8.500000	,4.500000	,-42.500000	,-48.500000	,28.500000	,-21.500000	,-29.500000	,4.000000	,1.000000	,1.000000	,3.000000	,2.000000	,-13.500000	,-1.500000	,-36.500000	,-30.000000	,6.000000	,-2.500000	,8.500000	,21.500000	,35.000000	,20.000000	,28.500000	,4.500000	,6.500000	,-2.000000	,-90.000000	,-99.000000	,-29.500000	,4.500000	,-13.500000	,-35.000000	,14.500000	,17.500000	,-14.500000	,-1.000000	,22.000000	,-7.000000	,-34.000000	,-4.000000	,-0.500000	,4.000000	,13.000000	,-12.000000	,21.000000	,19.000000	,-38.500000	,3.500000	,-1.500000	,5.500000	,21.000000	,-25.000000	,-1.500000	,-0.500000	,-12.500000	,10.500000	,2.500000	,17.000000	,-0.500000	,-8.500000	,2.500000	,-7.500000	,-10.500000	,29.500000	,17.000000	,1.500000	,-11.500000	,-25.000000	,0.500000	,-23.000000	,3.000000	,46.500000	,-10.500000	,-66.500000	,-229.000000	,-387.500000	,-299.000000	,-35.000000	,14.000000	,7.000000	,6.000000	,14.000000	,5.500000	,-1.000000	,8.000000	,-7.500000	,1.500000	,-7.000000	,5.000000	,193.500000	,
-169.500000	,14.000000	,-1.500000	,-17.500000	,-3.000000	,-1.000000	,2.000000	,-5.500000	,12.500000	,-10.000000	,-20.000000	,2.500000	,11.000000	,72.500000	,57.500000	,-2.000000	,12.000000	,5.000000	,-2.500000	,-10.000000	,-19.500000	,-0.500000	,20.500000	,17.500000	,12.000000	,21.000000	,17.500000	,18.500000	,1.000000	,-1.500000	,-19.500000	,-39.500000	,-46.000000	,-44.500000	,-26.000000	,54.500000	,192.500000	,262.500000	,286.500000	,295.000000	,203.000000	,84.500000	,34.500000	,-17.000000	,-19.000000	,16.000000	,-7.000000	,11.500000	,43.000000	,38.500000	,19.500000	,3.500000	,19.500000	,1.000000	,4.500000	,12.000000	,8.500000	,31.500000	,4.500000	,-15.000000	,-5.500000	,-3.500000	,8.000000	,3.500000	,0.000000	,22.500000	,-7.500000	,-8.500000	,16.000000	,34.500000	,13.000000	,7.500000	,-40.500000	,-233.000000	,-290.500000	,-276.500000	,-196.000000	,-15.500000	,-20.500000	,-31.000000	,2.500000	,-15.500000	,-2.500000	,12.500000	,-15.000000	,-8.500000	,-10.000000	,2.000000	,-6.000000	,13.000000	,9.500000	,36.000000	,216.500000	,314.500000	,174.500000	,-11.000000	,-29.000000	,8.000000	,22.500000	,-5.500000	,15.500000	,-21.500000	,-24.000000	,1.000000	,15.000000	,-92.500000	,-266.500000	,-175.000000	,14.000000	,3.000000	,-24.000000	,-20.500000	,-3.500000	,9.500000	,-13.000000	,19.500000	,227.500000	,265.000000	,53.500000	,-33.000000	,-27.000000	,-7.500000	,24.000000	,28.000000	,-5.500000	,-18.000000	,-227.500000	,-144.000000	,29.000000	,-2.000000	,12.000000	,31.500000	,27.500000	,-1.000000	,-16.000000	,-24.000000	,-9.500000	,-23.000000	,164.500000	,162.000000	,-16.500000	,-35.500000	,-46.000000	,-24.500000	,-12.500000	,-10.000000	,-17.000000	,-39.000000	,-13.000000	,11.000000	,-35.500000	,10.500000	,-84.000000	,-25.500000	,-4.500000	,-16.000000	,13.500000	,9.000000	,0.000000	,-1.000000	,0.000000	,28.000000	,11.500000	,23.000000	,-3.000000	,-31.500000	,-3.000000	,-14.500000	,-1.500000	,0.000000	,2.500000	,2.500000	,14.500000	,3.000000	,-64.500000	,-77.500000	,-30.500000	,14.500000	,21.500000	,19.000000	,-11.000000	,-22.000000	,-16.500000	,1.000000	,-1.000000	,0.500000	,40.500000	,23.000000	,-14.500000	,-26.500000	,-25.000000	,-20.000000	,-14.500000	,-46.000000	,-14.500000	,16.000000	,-5.000000	,-18.500000	,-21.000000	,20.000000	,28.000000	,-33.500000	,-23.500000	,-35.500000	,-24.000000	,10.000000	,1.500000	,9.000000	,3.000000	,0.000000	,7.000000	,-14.500000	,-35.000000	,6.500000	,9.500000	,10.000000	,-16.500000	,-21.000000	,-5.000000	,-53.500000	,-30.000000	,-0.500000	,-27.000000	,-26.000000	,-38.000000	,-222.000000	,-279.500000	,-41.000000	,-3.500000	,1.500000	,-4.500000	,9.000000	,2.000000	,-1.500000	,-9.500000	,-4.000000	,9.000000	,1.000000	,9.000000	,190.500000	,
-192.000000	,20.000000	,7.500000	,-13.500000	,-1.000000	,1.000000	,0.500000	,-8.000000	,18.000000	,-2.500000	,-4.500000	,6.000000	,5.000000	,37.000000	,13.000000	,-1.500000	,-16.500000	,18.500000	,-0.500000	,0.000000	,-29.500000	,-35.500000	,-15.000000	,-10.500000	,-14.500000	,-15.000000	,18.000000	,27.500000	,-8.500000	,19.500000	,10.000000	,-21.000000	,3.500000	,-8.000000	,21.500000	,1.500000	,-11.500000	,20.500000	,100.500000	,212.000000	,265.500000	,283.500000	,282.000000	,229.500000	,142.000000	,-22.000000	,-58.000000	,-34.000000	,-1.000000	,-12.000000	,-13.000000	,-13.500000	,4.000000	,19.000000	,0.000000	,-22.000000	,-24.500000	,20.500000	,15.500000	,-0.500000	,-34.000000	,-34.000000	,-9.000000	,-28.500000	,-8.500000	,18.500000	,14.000000	,-11.500000	,-29.000000	,2.500000	,4.500000	,9.500000	,28.500000	,-69.500000	,-123.500000	,-271.500000	,-292.500000	,-205.000000	,-93.500000	,16.000000	,25.000000	,15.000000	,29.000000	,16.000000	,15.500000	,0.500000	,3.000000	,23.000000	,-10.500000	,3.500000	,18.500000	,-6.000000	,84.000000	,284.500000	,310.500000	,143.500000	,-41.000000	,6.000000	,29.500000	,2.000000	,3.000000	,-1.500000	,-16.500000	,18.000000	,21.500000	,-76.000000	,-262.000000	,-241.000000	,-22.500000	,20.500000	,7.500000	,9.500000	,8.000000	,21.500000	,23.000000	,39.500000	,204.500000	,262.000000	,101.000000	,16.500000	,-18.000000	,-40.000000	,-20.000000	,11.500000	,45.500000	,-35.000000	,-243.500000	,-108.000000	,25.500000	,-6.000000	,27.500000	,31.500000	,18.500000	,4.000000	,-15.500000	,-13.500000	,24.500000	,3.000000	,61.000000	,2.500000	,-9.500000	,-2.500000	,1.500000	,-4.000000	,33.500000	,33.000000	,-20.000000	,-34.000000	,14.500000	,26.500000	,1.500000	,-38.000000	,-74.000000	,39.500000	,28.000000	,-15.000000	,-14.000000	,-6.000000	,10.500000	,0.000000	,-4.000000	,17.500000	,22.000000	,54.000000	,11.500000	,-19.500000	,-14.000000	,-41.500000	,-13.500000	,-28.000000	,-33.500000	,-41.500000	,-33.000000	,-55.000000	,-98.500000	,-15.500000	,24.500000	,16.500000	,22.000000	,13.000000	,12.000000	,-17.500000	,-8.500000	,-2.000000	,-12.000000	,-17.000000	,-2.500000	,17.500000	,7.500000	,6.500000	,-41.500000	,-15.500000	,11.500000	,-1.000000	,-2.000000	,12.000000	,19.500000	,10.000000	,-7.500000	,43.500000	,59.500000	,24.500000	,17.500000	,-6.000000	,-29.500000	,-17.000000	,-7.500000	,2.500000	,3.000000	,-3.500000	,-1.000000	,6.500000	,9.000000	,-18.500000	,-16.500000	,-5.000000	,7.500000	,32.500000	,41.000000	,-7.500000	,4.500000	,51.000000	,91.000000	,120.500000	,163.000000	,45.000000	,-121.500000	,-48.000000	,-6.500000	,0.500000	,-4.000000	,-5.000000	,-9.000000	,14.500000	,2.500000	,7.000000	,3.500000	,1.000000	,-6.000000	,181.500000	,
-194.000000	,11.500000	,-1.000000	,-18.000000	,-26.000000	,-6.000000	,8.000000	,6.000000	,17.000000	,4.000000	,-1.000000	,7.500000	,12.000000	,14.000000	,2.500000	,-6.000000	,5.000000	,41.000000	,39.000000	,13.000000	,-36.500000	,-33.000000	,12.500000	,-6.500000	,-30.500000	,-45.500000	,-1.500000	,-7.000000	,-22.500000	,32.000000	,19.500000	,-17.000000	,-4.500000	,9.000000	,2.500000	,10.000000	,-3.000000	,-17.500000	,6.500000	,75.000000	,148.500000	,220.000000	,246.500000	,316.500000	,296.000000	,156.500000	,55.000000	,36.500000	,-25.000000	,-19.500000	,-21.500000	,-31.000000	,16.000000	,13.000000	,11.000000	,-3.000000	,-14.000000	,-4.500000	,7.000000	,-0.500000	,-9.500000	,-16.000000	,-8.000000	,-19.500000	,-8.000000	,-24.000000	,-6.000000	,-0.500000	,-19.000000	,4.500000	,1.500000	,14.500000	,4.500000	,32.000000	,7.500000	,-140.000000	,-245.000000	,-306.500000	,-257.500000	,-146.000000	,-34.000000	,33.500000	,15.000000	,12.500000	,9.000000	,1.000000	,-13.000000	,4.000000	,-24.500000	,-20.000000	,-12.500000	,-5.000000	,18.000000	,145.000000	,326.500000	,306.500000	,73.000000	,-18.000000	,0.000000	,14.000000	,-10.500000	,8.500000	,-10.500000	,31.500000	,28.000000	,0.000000	,-179.000000	,-270.000000	,-88.500000	,37.000000	,0.000000	,-8.000000	,-2.500000	,-10.500000	,8.500000	,-17.000000	,126.000000	,195.000000	,33.000000	,61.500000	,165.500000	,123.500000	,42.500000	,-11.000000	,4.500000	,-106.000000	,-255.000000	,-68.500000	,20.500000	,-4.500000	,27.000000	,-9.500000	,3.000000	,40.500000	,8.000000	,-10.000000	,78.500000	,155.000000	,68.500000	,-1.000000	,12.500000	,28.000000	,4.500000	,-7.500000	,24.000000	,22.000000	,-2.500000	,-19.000000	,2.000000	,-18.000000	,-3.500000	,-80.000000	,-16.500000	,23.500000	,16.000000	,-4.500000	,-10.000000	,-5.000000	,8.000000	,5.500000	,-25.500000	,1.500000	,-22.000000	,36.000000	,18.000000	,27.000000	,1.500000	,-23.500000	,-32.000000	,-21.500000	,26.000000	,-48.500000	,-113.500000	,-52.000000	,-14.500000	,-16.000000	,-8.000000	,0.500000	,26.500000	,19.000000	,11.500000	,9.000000	,-18.500000	,-16.000000	,-19.000000	,-40.500000	,-16.500000	,6.500000	,27.500000	,24.000000	,4.500000	,21.000000	,24.500000	,29.000000	,1.000000	,-14.500000	,31.000000	,17.000000	,-29.500000	,-6.000000	,40.000000	,21.000000	,5.500000	,0.000000	,-8.000000	,-11.000000	,2.500000	,-5.000000	,15.000000	,17.000000	,-8.000000	,-1.500000	,19.000000	,16.000000	,-9.500000	,-1.000000	,-10.500000	,-11.500000	,-12.000000	,20.000000	,142.500000	,212.000000	,217.500000	,181.500000	,154.000000	,11.500000	,-92.500000	,-62.500000	,-8.000000	,1.000000	,0.500000	,2.000000	,-14.000000	,-32.000000	,0.000000	,0.000000	,0.500000	,3.000000	,7.500000	,192.000000	,
-190.000000	,13.500000	,9.500000	,5.000000	,-1.500000	,-5.000000	,3.500000	,13.000000	,4.000000	,-6.000000	,4.500000	,25.000000	,61.000000	,-1.000000	,-5.000000	,-33.500000	,-14.000000	,-12.000000	,29.500000	,45.000000	,2.500000	,-15.500000	,2.000000	,24.500000	,2.000000	,-30.500000	,-13.000000	,-8.000000	,-19.500000	,30.500000	,16.000000	,-13.000000	,-2.000000	,-6.500000	,-3.500000	,-9.000000	,-4.500000	,-10.500000	,-19.500000	,-10.000000	,-18.500000	,-5.000000	,-4.000000	,186.500000	,316.000000	,304.000000	,283.500000	,211.000000	,34.500000	,13.000000	,10.500000	,-9.500000	,-15.000000	,-18.000000	,-19.000000	,-7.000000	,17.000000	,17.000000	,13.000000	,31.500000	,15.500000	,4.000000	,2.000000	,5.000000	,-1.500000	,-35.500000	,-3.500000	,4.500000	,-18.000000	,23.000000	,23.000000	,10.000000	,-3.000000	,10.500000	,-28.000000	,-9.500000	,-57.000000	,-228.000000	,-294.500000	,-309.000000	,-156.500000	,-10.500000	,10.000000	,1.500000	,17.000000	,-3.000000	,-18.500000	,8.000000	,-14.500000	,-30.000000	,-45.500000	,-24.000000	,-8.500000	,9.500000	,189.000000	,301.500000	,214.500000	,28.500000	,-5.500000	,7.000000	,17.500000	,14.500000	,-33.000000	,22.500000	,5.500000	,-12.500000	,-135.000000	,-315.500000	,-248.000000	,-47.000000	,-14.500000	,-1.500000	,-12.000000	,10.000000	,57.500000	,36.000000	,217.000000	,349.000000	,218.000000	,214.000000	,338.500000	,346.000000	,315.000000	,264.500000	,263.500000	,90.000000	,-105.500000	,1.000000	,-6.000000	,-2.500000	,29.500000	,-4.000000	,2.000000	,23.500000	,2.500000	,-35.500000	,94.500000	,254.500000	,69.500000	,-15.500000	,-9.000000	,10.000000	,-7.500000	,-41.500000	,-3.000000	,8.500000	,-2.500000	,-1.500000	,-14.000000	,-38.500000	,-73.000000	,-68.000000	,28.500000	,-7.500000	,52.000000	,20.500000	,-9.500000	,-14.500000	,-10.500000	,3.500000	,-16.500000	,-30.000000	,-22.500000	,5.000000	,3.500000	,11.000000	,15.000000	,16.000000	,-13.500000	,-21.000000	,-15.500000	,-85.500000	,-81.500000	,3.000000	,18.000000	,-20.000000	,-39.000000	,-26.500000	,-15.500000	,-2.500000	,11.000000	,0.500000	,2.000000	,-1.500000	,12.000000	,-6.500000	,-4.500000	,-5.000000	,25.500000	,-4.000000	,-12.000000	,19.000000	,-6.000000	,0.500000	,-4.000000	,-22.500000	,-14.000000	,-21.500000	,-28.000000	,-28.000000	,6.500000	,-3.500000	,-24.000000	,0.500000	,6.000000	,0.500000	,-18.000000	,-11.000000	,4.000000	,4.500000	,-6.000000	,-18.000000	,-12.500000	,-17.000000	,-7.000000	,14.500000	,37.000000	,103.000000	,117.000000	,86.500000	,139.000000	,96.000000	,68.000000	,17.000000	,7.000000	,-14.500000	,-69.000000	,-91.500000	,-27.000000	,-4.000000	,3.000000	,9.500000	,-10.500000	,-38.500000	,-1.000000	,-1.500000	,-2.000000	,0.500000	,11.500000	,192.500000	,
-186.000000	,11.000000	,20.500000	,16.000000	,-4.500000	,-16.000000	,-2.000000	,1.000000	,-6.000000	,-7.500000	,3.500000	,40.500000	,69.000000	,17.000000	,-5.500000	,-7.000000	,-9.000000	,-10.000000	,15.000000	,31.000000	,1.500000	,-18.500000	,17.500000	,30.500000	,18.000000	,25.500000	,21.000000	,-4.500000	,-19.500000	,-7.000000	,6.500000	,-14.500000	,-4.500000	,-8.000000	,-11.000000	,-24.500000	,-19.500000	,-25.500000	,-20.500000	,-5.000000	,9.500000	,18.500000	,17.000000	,44.500000	,108.000000	,133.500000	,298.500000	,341.500000	,257.000000	,226.000000	,153.500000	,52.500000	,-10.000000	,-8.500000	,-32.000000	,-17.000000	,-5.500000	,9.500000	,-23.000000	,3.000000	,12.000000	,14.500000	,16.000000	,12.500000	,13.000000	,-3.500000	,6.000000	,1.000000	,-34.500000	,-41.000000	,-2.000000	,16.000000	,18.000000	,20.000000	,8.500000	,29.500000	,-5.500000	,-29.000000	,-126.500000	,-295.500000	,-258.500000	,-114.000000	,-14.500000	,-16.500000	,7.500000	,15.000000	,-7.000000	,15.500000	,11.000000	,2.500000	,-11.000000	,-1.500000	,5.500000	,-6.000000	,43.000000	,205.000000	,304.000000	,154.000000	,20.000000	,6.500000	,18.000000	,2.000000	,-26.000000	,1.000000	,-21.500000	,-8.500000	,-13.500000	,-242.500000	,-296.500000	,-114.000000	,47.000000	,66.500000	,54.500000	,59.500000	,85.500000	,65.500000	,202.000000	,330.500000	,175.000000	,111.500000	,188.500000	,256.000000	,314.000000	,327.500000	,349.500000	,197.000000	,53.500000	,77.000000	,49.500000	,55.500000	,51.000000	,34.500000	,34.000000	,24.500000	,-8.500000	,-40.500000	,95.000000	,99.500000	,7.500000	,-37.500000	,-32.000000	,-6.500000	,-21.000000	,-7.500000	,5.000000	,-3.000000	,-8.000000	,14.000000	,34.500000	,48.500000	,-51.500000	,-41.500000	,-10.000000	,-12.500000	,37.000000	,-2.000000	,-20.000000	,-3.500000	,5.000000	,14.000000	,20.500000	,-7.000000	,-10.500000	,-10.000000	,-2.000000	,-1.000000	,46.500000	,64.500000	,-3.000000	,-99.500000	,-75.000000	,-18.500000	,-32.500000	,13.000000	,6.500000	,-3.500000	,-21.000000	,-30.000000	,-14.500000	,1.500000	,25.500000	,16.000000	,20.500000	,13.000000	,20.500000	,-2.500000	,-12.500000	,-17.500000	,22.500000	,-14.500000	,-7.000000	,10.000000	,-10.500000	,10.500000	,-12.000000	,-16.000000	,-6.500000	,25.500000	,12.500000	,-5.500000	,7.000000	,11.000000	,-13.000000	,12.500000	,9.500000	,2.000000	,-13.000000	,-18.500000	,-29.000000	,9.000000	,26.500000	,-3.000000	,10.500000	,41.500000	,60.000000	,149.000000	,204.000000	,238.000000	,163.500000	,-10.500000	,-24.000000	,-9.000000	,-14.500000	,-23.500000	,2.000000	,14.000000	,-58.500000	,-100.500000	,-29.500000	,-3.000000	,-24.000000	,28.500000	,19.500000	,-9.500000	,-4.500000	,-11.000000	,-7.500000	,-10.500000	,-3.000000	,178.500000	,
-190.500000	,8.500000	,9.000000	,9.500000	,-5.500000	,-14.000000	,-4.000000	,8.000000	,0.000000	,0.500000	,0.000000	,63.000000	,76.000000	,17.000000	,9.000000	,9.500000	,10.500000	,-2.500000	,7.500000	,8.000000	,15.000000	,-2.500000	,0.000000	,30.000000	,15.000000	,12.500000	,12.500000	,10.500000	,-6.500000	,2.000000	,-6.000000	,-30.000000	,-30.500000	,-20.500000	,0.500000	,11.000000	,27.500000	,21.000000	,16.000000	,1.000000	,-8.000000	,-14.500000	,-21.500000	,-25.500000	,-37.000000	,-50.500000	,129.000000	,222.000000	,244.500000	,273.000000	,274.000000	,190.500000	,91.000000	,61.000000	,6.500000	,-18.000000	,8.500000	,-4.500000	,-33.500000	,-4.000000	,5.500000	,-0.500000	,-3.500000	,-4.500000	,7.500000	,-2.000000	,0.000000	,0.000000	,-16.500000	,-42.500000	,-19.500000	,2.000000	,17.500000	,2.000000	,7.000000	,37.000000	,4.500000	,-21.500000	,-38.000000	,-166.500000	,-294.000000	,-303.000000	,-186.000000	,-6.000000	,32.000000	,-8.500000	,-16.000000	,35.000000	,45.500000	,5.500000	,10.000000	,12.000000	,9.000000	,-1.500000	,-1.000000	,108.000000	,269.000000	,253.000000	,84.500000	,-13.000000	,11.500000	,-10.500000	,-1.500000	,11.000000	,-19.000000	,-18.500000	,21.000000	,-105.500000	,-162.000000	,-73.000000	,67.000000	,61.500000	,36.000000	,24.500000	,44.500000	,20.000000	,18.000000	,44.000000	,16.500000	,10.500000	,0.000000	,0.000000	,24.000000	,38.500000	,84.000000	,74.000000	,51.000000	,49.500000	,66.000000	,80.000000	,64.500000	,73.500000	,90.000000	,69.000000	,2.500000	,38.500000	,125.000000	,19.000000	,16.000000	,-4.500000	,-22.500000	,-3.500000	,-3.500000	,-9.500000	,4.000000	,33.500000	,7.000000	,-26.000000	,-40.500000	,88.000000	,36.000000	,35.500000	,-14.500000	,-15.500000	,21.500000	,10.000000	,4.500000	,9.000000	,4.500000	,18.500000	,10.000000	,27.500000	,7.500000	,4.000000	,12.000000	,-24.500000	,-26.000000	,-82.000000	,-78.000000	,-30.500000	,11.500000	,-8.000000	,-8.000000	,8.500000	,4.000000	,38.000000	,10.000000	,-4.000000	,-18.500000	,-5.000000	,-4.500000	,3.000000	,-16.500000	,-16.500000	,-11.000000	,-2.500000	,-12.000000	,-14.000000	,26.000000	,-11.000000	,6.000000	,15.000000	,23.000000	,4.000000	,18.000000	,32.500000	,3.500000	,-17.500000	,-23.000000	,-7.500000	,11.000000	,17.500000	,7.000000	,4.500000	,19.000000	,24.500000	,29.500000	,28.000000	,-26.500000	,-7.500000	,7.500000	,43.000000	,184.000000	,221.500000	,192.500000	,132.500000	,72.000000	,57.000000	,20.000000	,3.500000	,-13.500000	,-1.000000	,31.000000	,6.000000	,-28.500000	,20.000000	,-15.500000	,-81.500000	,-34.000000	,22.000000	,-5.500000	,6.000000	,6.500000	,-2.000000	,3.000000	,2.000000	,-6.000000	,-9.000000	,6.000000	,185.500000	,
-194.000000	,-6.500000	,2.000000	,19.500000	,14.000000	,-5.500000	,-15.500000	,-7.000000	,-2.000000	,6.500000	,-0.500000	,59.500000	,50.000000	,-13.000000	,-15.500000	,-15.500000	,-4.500000	,2.000000	,8.500000	,1.500000	,10.000000	,-25.000000	,-32.500000	,1.000000	,-17.000000	,-8.000000	,-10.000000	,-3.500000	,-25.000000	,14.000000	,25.500000	,15.000000	,10.500000	,-6.500000	,-7.000000	,6.000000	,-3.500000	,-1.000000	,-12.500000	,4.000000	,14.000000	,-7.000000	,-5.000000	,-0.500000	,-6.000000	,-32.500000	,7.000000	,15.000000	,36.000000	,139.500000	,267.000000	,291.500000	,254.000000	,245.500000	,203.500000	,47.000000	,-3.500000	,6.500000	,16.000000	,19.000000	,-11.500000	,-18.000000	,-15.500000	,-7.000000	,-4.000000	,2.000000	,5.000000	,43.000000	,45.500000	,-6.500000	,-13.500000	,-1.500000	,21.500000	,-20.500000	,-5.500000	,46.000000	,13.500000	,-36.500000	,-18.500000	,-55.000000	,-152.500000	,-301.500000	,-337.000000	,-213.500000	,-94.500000	,-13.000000	,-31.000000	,4.000000	,7.500000	,-3.000000	,-7.000000	,-3.500000	,10.000000	,11.500000	,16.000000	,26.500000	,178.000000	,297.000000	,236.500000	,45.500000	,18.000000	,9.000000	,12.000000	,31.000000	,42.500000	,102.000000	,247.000000	,162.500000	,22.000000	,4.000000	,20.000000	,2.500000	,7.500000	,1.500000	,9.000000	,4.000000	,-0.500000	,6.500000	,8.500000	,-5.500000	,-3.000000	,3.000000	,5.500000	,-7.000000	,-15.000000	,2.000000	,6.500000	,-1.500000	,3.000000	,16.000000	,22.000000	,23.000000	,78.500000	,95.500000	,70.500000	,227.000000	,180.500000	,-31.000000	,11.000000	,16.000000	,17.000000	,27.500000	,18.500000	,-33.000000	,-29.500000	,21.000000	,32.500000	,-58.000000	,-63.000000	,-1.500000	,10.500000	,6.500000	,1.500000	,11.000000	,13.000000	,-5.000000	,-5.000000	,-15.500000	,-20.500000	,-1.500000	,5.000000	,38.500000	,19.000000	,15.000000	,11.000000	,-18.000000	,-116.500000	,-109.000000	,-2.000000	,36.000000	,12.500000	,-25.500000	,17.500000	,19.000000	,2.500000	,42.000000	,8.000000	,5.500000	,-13.500000	,-12.000000	,-9.000000	,-0.500000	,-29.500000	,4.500000	,7.000000	,13.000000	,-24.000000	,-18.500000	,-3.000000	,-15.000000	,3.000000	,14.500000	,-6.500000	,-18.000000	,17.500000	,28.000000	,13.000000	,-6.000000	,-7.500000	,-3.000000	,1.500000	,10.000000	,9.000000	,2.500000	,3.500000	,-11.000000	,18.000000	,34.500000	,27.000000	,100.500000	,169.000000	,63.000000	,131.000000	,117.000000	,56.500000	,-10.500000	,-16.000000	,10.500000	,0.000000	,-3.500000	,-16.000000	,-12.000000	,29.000000	,26.000000	,-12.500000	,16.500000	,-25.500000	,-78.500000	,-44.500000	,23.000000	,0.000000	,-8.000000	,-14.500000	,12.000000	,2.000000	,11.000000	,1.000000	,-17.000000	,-22.500000	,190.500000	,
-189.500000	,-3.500000	,-11.500000	,-2.000000	,7.500000	,-1.500000	,-26.000000	,-15.000000	,-11.500000	,-8.500000	,-7.000000	,79.000000	,59.000000	,8.500000	,-4.500000	,-3.500000	,11.500000	,12.000000	,-19.500000	,-12.000000	,8.000000	,-30.000000	,-34.000000	,-7.500000	,1.500000	,-6.000000	,16.500000	,-10.000000	,-13.000000	,4.000000	,6.500000	,24.000000	,32.000000	,13.000000	,-9.000000	,-47.500000	,-57.500000	,-2.500000	,-10.500000	,-2.000000	,4.500000	,16.500000	,6.000000	,8.500000	,-8.500000	,-20.500000	,23.000000	,16.500000	,16.000000	,48.500000	,129.500000	,193.500000	,184.000000	,236.500000	,285.000000	,228.500000	,132.000000	,81.500000	,41.000000	,15.000000	,-1.000000	,3.500000	,1.500000	,-27.000000	,-28.000000	,-3.000000	,-4.500000	,4.500000	,-6.500000	,-15.500000	,-22.500000	,-25.500000	,-6.000000	,-24.500000	,-26.500000	,44.000000	,31.500000	,-11.000000	,-17.000000	,0.000000	,56.500000	,-117.500000	,-240.500000	,-300.000000	,-236.000000	,-136.000000	,-73.000000	,22.000000	,5.500000	,-2.500000	,-17.000000	,-6.000000	,2.000000	,0.500000	,25.000000	,28.000000	,61.500000	,250.500000	,313.500000	,157.000000	,-21.000000	,-10.500000	,7.500000	,198.500000	,215.000000	,210.000000	,249.500000	,125.000000	,21.000000	,-5.500000	,-9.000000	,-9.000000	,-8.500000	,-3.000000	,-14.500000	,-36.500000	,-13.000000	,-7.500000	,3.500000	,-1.000000	,-8.000000	,0.000000	,20.000000	,3.500000	,-11.000000	,-11.500000	,9.500000	,4.000000	,-12.000000	,-10.000000	,-7.000000	,1.000000	,48.000000	,63.500000	,100.500000	,338.000000	,330.500000	,147.500000	,101.500000	,5.500000	,-13.000000	,25.000000	,37.000000	,-21.000000	,-21.500000	,-15.500000	,-27.500000	,-104.500000	,-25.000000	,-13.500000	,-15.500000	,-36.000000	,2.000000	,15.000000	,-10.000000	,-8.500000	,1.500000	,-8.000000	,-12.500000	,-16.500000	,-22.000000	,-6.500000	,-17.000000	,-10.000000	,-22.500000	,-71.500000	,-51.500000	,-13.000000	,-22.500000	,-10.500000	,-17.000000	,-31.500000	,29.500000	,-9.500000	,-25.000000	,-4.000000	,6.500000	,24.500000	,19.000000	,4.000000	,31.500000	,7.000000	,-4.500000	,-8.500000	,-19.000000	,7.000000	,-27.500000	,-9.500000	,-4.000000	,-32.500000	,-34.500000	,3.000000	,-16.000000	,-51.500000	,-24.500000	,0.000000	,28.500000	,23.500000	,15.500000	,-12.000000	,-35.000000	,-3.500000	,9.500000	,-2.500000	,11.500000	,64.500000	,130.500000	,205.000000	,227.000000	,196.500000	,124.500000	,-2.500000	,-50.500000	,-24.000000	,18.000000	,7.000000	,20.000000	,21.000000	,-0.500000	,7.000000	,-3.000000	,-38.500000	,-8.000000	,11.500000	,-8.000000	,-7.500000	,-12.500000	,-81.500000	,-103.500000	,-27.000000	,-6.500000	,-16.500000	,-18.500000	,3.500000	,-5.000000	,7.000000	,7.500000	,-2.000000	,-16.500000	,180.000000	,
-180.500000	,6.000000	,-4.500000	,0.500000	,16.000000	,10.500000	,-11.500000	,-26.500000	,-8.500000	,3.500000	,14.000000	,69.000000	,24.500000	,-15.000000	,4.500000	,-18.000000	,20.000000	,18.000000	,-5.000000	,-6.500000	,28.500000	,5.000000	,-24.000000	,-16.000000	,-9.000000	,8.000000	,31.500000	,4.000000	,-6.500000	,-16.000000	,-33.000000	,7.000000	,28.000000	,9.000000	,33.000000	,16.000000	,-9.000000	,-12.000000	,-24.000000	,0.000000	,-8.000000	,7.500000	,13.000000	,8.500000	,-4.000000	,-15.000000	,-17.500000	,-6.000000	,-29.500000	,-20.500000	,1.000000	,29.000000	,-15.500000	,65.000000	,241.500000	,290.500000	,259.500000	,252.500000	,186.500000	,21.500000	,1.000000	,5.500000	,33.500000	,-4.500000	,-16.500000	,-31.500000	,-29.500000	,-13.000000	,-33.000000	,-19.500000	,-5.000000	,-10.000000	,19.500000	,-35.000000	,-34.000000	,20.000000	,4.000000	,19.000000	,-14.500000	,-23.000000	,23.000000	,17.000000	,-21.500000	,-196.000000	,-278.000000	,-272.000000	,-152.500000	,9.000000	,7.000000	,7.500000	,12.000000	,16.000000	,-19.500000	,-19.000000	,5.500000	,23.500000	,-9.500000	,109.000000	,257.500000	,269.500000	,102.000000	,21.000000	,104.000000	,233.500000	,113.500000	,7.500000	,17.000000	,10.500000	,-6.500000	,-15.500000	,-1.000000	,3.500000	,-1.500000	,10.500000	,7.000000	,-11.000000	,1.000000	,1.500000	,1.000000	,-3.000000	,-8.500000	,-7.500000	,11.000000	,10.000000	,1.500000	,-4.000000	,4.000000	,-0.500000	,-2.000000	,-16.000000	,-5.500000	,13.500000	,2.000000	,3.000000	,67.000000	,299.000000	,374.500000	,357.500000	,312.000000	,102.000000	,-23.000000	,0.500000	,12.000000	,24.000000	,-8.500000	,11.500000	,-40.500000	,-73.500000	,-28.500000	,25.000000	,11.000000	,-21.500000	,5.000000	,24.500000	,8.000000	,3.000000	,7.000000	,-13.000000	,-19.000000	,-12.500000	,-15.500000	,-17.000000	,-34.500000	,-81.000000	,-63.000000	,-35.500000	,-17.000000	,-8.000000	,-20.000000	,7.500000	,-3.000000	,-33.000000	,12.000000	,3.000000	,13.000000	,-1.000000	,15.500000	,25.000000	,6.000000	,-3.000000	,17.500000	,10.000000	,33.000000	,-11.500000	,3.000000	,1.500000	,-12.500000	,-10.000000	,19.000000	,-22.500000	,-27.500000	,3.500000	,21.000000	,-10.000000	,-15.500000	,-27.000000	,-29.500000	,-7.000000	,41.500000	,15.500000	,-44.000000	,-7.500000	,31.500000	,24.500000	,132.000000	,181.500000	,156.000000	,151.000000	,98.500000	,46.000000	,23.500000	,39.000000	,31.000000	,4.500000	,-10.500000	,-28.000000	,-21.500000	,-6.000000	,-5.000000	,30.000000	,8.000000	,-26.000000	,4.500000	,-7.500000	,-4.000000	,-17.500000	,-2.500000	,-64.000000	,-112.500000	,-64.500000	,21.000000	,-3.000000	,-18.500000	,-12.000000	,7.500000	,9.500000	,24.500000	,10.500000	,-6.000000	,183.000000	,
-183.000000	,-4.000000	,-9.500000	,-6.000000	,16.000000	,23.500000	,18.000000	,-1.000000	,-7.000000	,-9.500000	,-1.500000	,-1.000000	,-8.500000	,3.000000	,-8.500000	,-27.000000	,33.500000	,5.000000	,0.500000	,10.000000	,33.000000	,21.500000	,-6.500000	,-16.500000	,-21.500000	,-25.000000	,-14.500000	,-10.000000	,21.000000	,-3.000000	,-25.500000	,-3.000000	,18.000000	,8.000000	,35.000000	,45.000000	,12.500000	,-5.500000	,1.000000	,24.000000	,15.000000	,-17.000000	,10.500000	,1.500000	,1.500000	,-14.000000	,-13.500000	,-6.000000	,-24.500000	,-26.000000	,2.500000	,25.000000	,25.000000	,21.500000	,71.500000	,103.000000	,162.000000	,285.500000	,308.500000	,266.000000	,200.000000	,153.000000	,29.500000	,-2.500000	,-10.500000	,-1.500000	,-2.500000	,18.000000	,-4.000000	,-14.000000	,12.000000	,-9.000000	,-4.500000	,-42.500000	,-42.500000	,-7.500000	,4.000000	,24.500000	,-4.500000	,-22.000000	,-10.500000	,-8.500000	,15.000000	,-54.500000	,-150.500000	,-303.000000	,-309.000000	,-123.000000	,0.500000	,25.000000	,7.000000	,0.500000	,-30.000000	,-35.500000	,-30.000000	,-30.500000	,-5.000000	,-1.000000	,151.000000	,300.500000	,249.500000	,90.000000	,19.500000	,28.000000	,18.500000	,-5.000000	,0.000000	,9.500000	,-3.500000	,-6.500000	,5.000000	,6.500000	,2.500000	,25.500000	,-1.000000	,-6.500000	,11.500000	,-0.500000	,-12.000000	,8.000000	,-1.000000	,-10.000000	,0.000000	,14.000000	,5.000000	,4.000000	,17.000000	,4.000000	,7.500000	,-8.500000	,-9.500000	,3.000000	,-0.500000	,6.000000	,9.000000	,85.500000	,146.000000	,290.500000	,398.000000	,352.500000	,207.500000	,0.500000	,-31.000000	,-18.500000	,-19.000000	,66.000000	,23.000000	,-11.500000	,-10.500000	,24.000000	,0.500000	,3.500000	,10.500000	,24.500000	,-8.000000	,-14.000000	,3.500000	,1.500000	,-12.500000	,-2.000000	,9.500000	,-29.500000	,-106.500000	,-51.000000	,11.500000	,17.000000	,-3.500000	,14.000000	,7.000000	,19.000000	,4.000000	,-24.500000	,-21.000000	,15.500000	,25.500000	,-6.000000	,-3.500000	,2.000000	,-24.000000	,-5.500000	,-19.500000	,0.500000	,58.000000	,35.500000	,12.000000	,10.000000	,-2.000000	,-12.000000	,2.000000	,19.500000	,-3.500000	,-8.000000	,-12.000000	,18.000000	,41.000000	,34.000000	,-22.000000	,-28.000000	,17.500000	,53.000000	,95.000000	,115.500000	,189.500000	,139.000000	,89.000000	,69.500000	,-28.500000	,-33.000000	,2.500000	,10.500000	,-17.500000	,10.000000	,25.000000	,14.500000	,27.500000	,0.000000	,-8.500000	,-23.500000	,-29.000000	,6.500000	,8.000000	,-20.000000	,-20.000000	,-2.500000	,0.000000	,-1.500000	,12.500000	,-12.500000	,-82.000000	,-56.500000	,27.500000	,17.000000	,-3.500000	,-20.000000	,11.500000	,1.500000	,-2.000000	,-2.500000	,-10.500000	,186.500000	,
-183.500000	,1.000000	,-7.500000	,-2.000000	,5.500000	,22.000000	,21.000000	,17.000000	,-0.500000	,25.000000	,41.500000	,-2.500000	,-32.500000	,9.500000	,11.500000	,13.000000	,-5.000000	,-7.500000	,-7.000000	,-19.000000	,0.500000	,7.500000	,14.000000	,6.500000	,-0.500000	,-2.500000	,4.500000	,13.500000	,10.500000	,1.000000	,-33.000000	,-24.000000	,12.500000	,-21.500000	,-26.500000	,13.000000	,10.000000	,-4.000000	,-15.500000	,11.500000	,20.500000	,-11.500000	,11.000000	,-3.000000	,0.000000	,-27.000000	,8.000000	,32.500000	,10.500000	,-5.500000	,15.000000	,12.000000	,-21.500000	,-13.500000	,-8.500000	,-5.500000	,9.000000	,144.000000	,230.500000	,259.500000	,280.500000	,250.500000	,127.500000	,76.500000	,39.500000	,9.500000	,-19.000000	,8.000000	,1.500000	,-6.000000	,6.000000	,-8.500000	,16.500000	,-18.000000	,-48.000000	,-20.500000	,2.000000	,21.000000	,23.000000	,17.500000	,1.500000	,-8.000000	,35.000000	,-2.500000	,-26.500000	,-202.000000	,-325.500000	,-316.500000	,-189.500000	,-4.000000	,24.000000	,3.000000	,-9.000000	,2.500000	,1.500000	,-21.500000	,15.500000	,25.000000	,53.500000	,186.500000	,135.500000	,22.500000	,-5.500000	,5.500000	,15.500000	,0.000000	,-4.000000	,12.500000	,7.500000	,-10.500000	,-11.500000	,6.000000	,13.000000	,10.500000	,-7.000000	,-9.000000	,6.500000	,8.000000	,-12.500000	,-3.000000	,4.000000	,-4.000000	,-3.500000	,2.500000	,-11.000000	,-10.000000	,-3.000000	,6.500000	,5.500000	,0.000000	,-16.500000	,-13.000000	,-9.500000	,-2.500000	,0.500000	,0.000000	,0.500000	,83.000000	,234.000000	,385.000000	,407.000000	,255.500000	,154.000000	,-27.000000	,-51.500000	,14.500000	,16.500000	,-29.000000	,-18.000000	,-21.500000	,-20.500000	,-18.000000	,-5.000000	,27.500000	,21.000000	,9.500000	,14.000000	,10.500000	,5.000000	,-2.500000	,-44.000000	,-94.000000	,-29.500000	,0.500000	,-7.000000	,19.000000	,7.500000	,-17.000000	,-18.000000	,-2.000000	,-0.500000	,-10.000000	,-26.500000	,-12.500000	,5.500000	,-6.000000	,-7.000000	,-0.500000	,-4.000000	,3.500000	,-25.000000	,-9.000000	,16.000000	,24.500000	,14.000000	,29.500000	,2.500000	,-4.500000	,-12.000000	,9.500000	,15.500000	,-11.500000	,-25.000000	,-22.500000	,15.500000	,28.500000	,4.000000	,71.500000	,169.500000	,168.000000	,183.000000	,184.500000	,109.000000	,50.000000	,7.000000	,-9.000000	,-7.500000	,1.500000	,23.500000	,18.500000	,-31.500000	,-29.000000	,-5.000000	,17.500000	,38.500000	,20.000000	,10.000000	,-23.500000	,-33.500000	,14.500000	,22.500000	,8.000000	,4.500000	,-0.500000	,-5.000000	,13.000000	,7.000000	,2.500000	,-61.000000	,-63.000000	,-13.000000	,18.500000	,9.000000	,-6.500000	,-6.500000	,-11.000000	,14.000000	,-1.000000	,1.000000	,194.000000	,
-180.500000	,11.500000	,9.000000	,2.500000	,1.500000	,-1.000000	,-3.000000	,16.500000	,6.500000	,72.500000	,74.000000	,-5.500000	,-51.500000	,-28.500000	,-23.500000	,1.000000	,-19.500000	,-8.500000	,-0.500000	,13.000000	,10.500000	,5.000000	,5.000000	,14.500000	,29.000000	,11.000000	,-12.000000	,-11.000000	,-1.000000	,8.500000	,-10.500000	,-24.500000	,1.500000	,-24.500000	,-28.000000	,5.000000	,-3.000000	,-9.500000	,-52.000000	,-16.000000	,11.000000	,-8.500000	,21.000000	,-6.500000	,-6.500000	,-18.500000	,-12.500000	,25.000000	,-12.000000	,0.000000	,40.000000	,16.500000	,-0.500000	,5.500000	,-18.500000	,-46.000000	,3.500000	,9.500000	,8.000000	,0.000000	,194.000000	,285.500000	,298.500000	,287.000000	,235.500000	,123.000000	,-43.500000	,-8.000000	,-20.500000	,-17.000000	,33.500000	,31.000000	,46.500000	,54.500000	,-19.500000	,-19.500000	,-14.000000	,-1.500000	,-8.500000	,9.000000	,-36.500000	,-23.500000	,15.500000	,12.000000	,27.000000	,-46.000000	,-151.000000	,-298.500000	,-308.500000	,-206.000000	,-110.500000	,9.500000	,27.000000	,38.500000	,31.000000	,4.500000	,12.500000	,36.500000	,38.500000	,2.000000	,-11.000000	,-4.500000	,-18.500000	,-9.500000	,-5.000000	,-2.000000	,1.500000	,0.000000	,12.500000	,-0.500000	,-5.000000	,-0.500000	,13.500000	,21.500000	,6.000000	,-3.000000	,13.500000	,16.000000	,0.500000	,-5.500000	,-1.000000	,-8.500000	,-3.000000	,7.000000	,1.500000	,-16.000000	,-3.000000	,-17.500000	,-4.000000	,2.500000	,-0.500000	,-7.000000	,-10.500000	,-15.500000	,-1.500000	,-10.500000	,7.000000	,2.500000	,-0.500000	,187.500000	,315.000000	,405.000000	,333.000000	,19.500000	,-7.000000	,19.500000	,4.500000	,0.000000	,5.000000	,-25.000000	,-25.000000	,-17.000000	,-20.500000	,-1.500000	,21.500000	,31.000000	,17.000000	,11.500000	,-15.500000	,-77.000000	,-47.000000	,-26.000000	,17.500000	,-8.500000	,-27.000000	,13.500000	,13.000000	,29.000000	,1.000000	,-18.500000	,-9.500000	,3.000000	,-2.500000	,-10.000000	,-4.500000	,13.000000	,3.000000	,20.500000	,10.500000	,2.000000	,-10.000000	,-25.000000	,3.500000	,-10.000000	,-26.500000	,-6.000000	,5.500000	,31.000000	,15.500000	,-9.500000	,9.500000	,17.500000	,-10.500000	,-25.000000	,48.000000	,107.500000	,63.500000	,217.000000	,165.500000	,85.000000	,50.500000	,-20.000000	,-31.000000	,-21.000000	,-13.000000	,-18.000000	,-15.500000	,-5.500000	,16.000000	,19.000000	,7.500000	,-14.000000	,-24.500000	,-2.500000	,-22.000000	,-5.500000	,10.000000	,7.000000	,1.500000	,-15.000000	,12.500000	,11.500000	,39.000000	,4.500000	,-4.500000	,18.000000	,-18.000000	,6.000000	,-58.000000	,-77.000000	,-33.000000	,-5.500000	,4.000000	,1.500000	,6.500000	,-5.000000	,12.000000	,9.000000	,3.000000	,178.500000	,
-190.000000	,-2.000000	,1.000000	,-7.000000	,-10.000000	,-2.500000	,-1.500000	,-1.500000	,11.000000	,67.000000	,79.000000	,22.500000	,-7.500000	,-35.000000	,-6.000000	,21.000000	,-10.500000	,1.500000	,5.500000	,13.500000	,22.000000	,9.000000	,9.000000	,-0.500000	,5.500000	,-7.000000	,10.500000	,13.500000	,10.500000	,10.000000	,2.000000	,-7.000000	,10.000000	,7.000000	,7.000000	,16.000000	,10.000000	,1.000000	,-35.500000	,0.000000	,-4.500000	,-26.500000	,8.000000	,6.000000	,11.000000	,-20.500000	,-16.500000	,-13.500000	,-29.000000	,-13.500000	,15.000000	,17.000000	,13.500000	,2.500000	,-29.000000	,-41.500000	,-29.500000	,3.500000	,-12.500000	,1.000000	,72.500000	,110.500000	,166.500000	,234.000000	,339.500000	,335.000000	,206.500000	,160.500000	,75.500000	,-17.000000	,-31.500000	,-10.000000	,21.500000	,14.500000	,-2.000000	,2.500000	,-7.500000	,-17.000000	,-19.000000	,-1.500000	,-9.000000	,-1.000000	,17.000000	,21.500000	,17.000000	,24.500000	,23.000000	,-124.500000	,-237.000000	,-305.000000	,-268.000000	,-91.000000	,-18.000000	,2.000000	,10.500000	,15.000000	,11.000000	,39.500000	,19.000000	,-3.000000	,-1.500000	,7.000000	,-4.500000	,-2.000000	,-2.000000	,8.500000	,3.500000	,-2.500000	,11.000000	,1.500000	,-7.000000	,-9.000000	,-9.000000	,-19.000000	,0.500000	,0.000000	,0.000000	,17.500000	,10.500000	,0.500000	,-6.000000	,1.000000	,6.000000	,15.500000	,16.000000	,8.000000	,19.000000	,2.000000	,-0.500000	,3.500000	,9.000000	,6.000000	,-1.500000	,1.000000	,-6.000000	,-18.000000	,-2.500000	,-5.000000	,4.500000	,18.000000	,56.000000	,267.500000	,271.500000	,76.500000	,11.000000	,16.500000	,8.500000	,10.000000	,7.000000	,-7.000000	,-12.000000	,2.500000	,-8.000000	,-23.000000	,-21.000000	,-11.500000	,1.000000	,-34.500000	,-112.500000	,-36.500000	,-20.500000	,-27.500000	,16.500000	,15.000000	,-4.500000	,12.500000	,17.000000	,18.500000	,23.500000	,21.000000	,-6.000000	,13.500000	,10.000000	,-13.500000	,-16.000000	,-22.000000	,-24.500000	,10.500000	,-15.000000	,-19.500000	,-9.000000	,-31.000000	,5.000000	,0.500000	,1.500000	,6.000000	,-18.000000	,6.500000	,21.500000	,1.500000	,-20.500000	,34.000000	,128.500000	,147.000000	,179.500000	,193.000000	,5.000000	,33.000000	,20.000000	,-28.500000	,-19.000000	,-25.500000	,1.000000	,9.500000	,11.000000	,-1.500000	,-21.000000	,-33.500000	,-20.000000	,8.500000	,26.000000	,8.000000	,10.500000	,2.500000	,-2.500000	,18.000000	,31.000000	,10.000000	,-12.000000	,-14.500000	,-15.500000	,-32.000000	,7.000000	,0.500000	,6.000000	,6.500000	,-23.500000	,-18.500000	,-68.500000	,-88.500000	,-72.000000	,-21.500000	,-1.000000	,6.000000	,3.000000	,6.500000	,1.500000	,11.500000	,1.000000	,176.500000	,
-191.000000	,-3.000000	,6.000000	,-4.500000	,-14.500000	,1.500000	,4.000000	,2.000000	,26.000000	,74.500000	,72.000000	,30.500000	,19.500000	,1.000000	,-3.000000	,1.000000	,-4.000000	,-8.500000	,-7.500000	,-4.500000	,-1.500000	,-9.500000	,-3.000000	,-23.000000	,-13.000000	,-1.500000	,-10.500000	,-2.000000	,-8.000000	,-7.500000	,5.500000	,6.000000	,12.000000	,10.500000	,-0.500000	,0.000000	,21.000000	,22.000000	,-10.000000	,29.500000	,-15.500000	,13.000000	,17.000000	,13.500000	,12.500000	,-34.000000	,3.500000	,13.000000	,-20.500000	,-46.000000	,-12.000000	,-9.000000	,-11.500000	,-5.500000	,6.500000	,-1.500000	,-20.000000	,7.500000	,8.500000	,7.500000	,-12.500000	,-45.500000	,-32.500000	,6.000000	,194.000000	,278.500000	,275.000000	,312.000000	,282.000000	,94.000000	,-25.500000	,-11.500000	,0.000000	,12.000000	,7.000000	,-16.500000	,0.000000	,14.000000	,5.000000	,7.500000	,2.500000	,-11.000000	,2.000000	,1.500000	,6.000000	,-18.500000	,-20.500000	,3.500000	,6.000000	,-180.000000	,-312.000000	,-223.000000	,-71.500000	,-34.500000	,-22.500000	,-7.500000	,14.000000	,0.500000	,1.000000	,8.000000	,11.000000	,15.000000	,11.000000	,10.000000	,0.500000	,9.000000	,4.500000	,-6.500000	,-16.000000	,-4.000000	,-17.000000	,-22.500000	,-9.000000	,-9.500000	,-5.500000	,-5.000000	,-13.000000	,-5.500000	,4.000000	,9.000000	,-1.500000	,4.500000	,5.000000	,12.000000	,5.000000	,17.000000	,19.000000	,11.500000	,-2.500000	,1.000000	,0.500000	,13.500000	,1.500000	,13.000000	,6.000000	,-2.500000	,2.000000	,0.500000	,13.000000	,0.500000	,-5.500000	,86.500000	,105.500000	,74.000000	,64.000000	,31.000000	,4.500000	,-5.500000	,5.500000	,18.500000	,11.000000	,0.000000	,19.000000	,-10.000000	,-15.500000	,-40.500000	,-61.000000	,-83.500000	,-22.000000	,11.500000	,0.000000	,-2.500000	,4.500000	,23.500000	,19.000000	,-11.000000	,-33.000000	,-13.000000	,24.500000	,28.000000	,2.500000	,5.500000	,18.000000	,-4.500000	,2.500000	,-21.500000	,-4.500000	,18.000000	,-26.000000	,-18.000000	,5.500000	,0.500000	,25.000000	,27.500000	,23.500000	,20.000000	,-23.500000	,-28.500000	,15.500000	,77.000000	,23.000000	,116.000000	,197.000000	,109.000000	,103.500000	,41.000000	,-7.500000	,7.500000	,-9.000000	,7.500000	,11.000000	,6.500000	,24.500000	,25.500000	,19.500000	,-15.500000	,-4.500000	,-21.500000	,-35.000000	,-25.500000	,-1.500000	,-1.500000	,30.000000	,22.500000	,-7.000000	,4.500000	,6.500000	,29.500000	,6.500000	,10.000000	,7.500000	,-13.000000	,-12.000000	,-14.000000	,26.000000	,4.500000	,-5.500000	,2.000000	,-50.000000	,-84.500000	,-88.500000	,-10.500000	,-10.500000	,-5.500000	,-6.500000	,-4.500000	,-18.000000	,13.500000	,-6.000000	,174.000000	,
-193.500000	,-11.000000	,14.500000	,10.000000	,-5.500000	,-10.500000	,-4.000000	,0.000000	,9.500000	,63.000000	,45.000000	,9.000000	,24.500000	,2.000000	,-9.000000	,-1.000000	,-3.500000	,1.000000	,3.000000	,3.000000	,-1.000000	,-27.500000	,-18.000000	,1.000000	,8.000000	,10.000000	,4.000000	,-11.500000	,0.500000	,-22.000000	,3.500000	,-2.500000	,-17.000000	,-20.500000	,-22.500000	,-5.500000	,29.500000	,3.000000	,-12.500000	,15.000000	,-14.000000	,-8.000000	,-18.500000	,0.000000	,-7.500000	,7.500000	,18.500000	,26.000000	,-8.500000	,-25.000000	,-28.000000	,5.500000	,21.500000	,-4.000000	,7.000000	,22.500000	,34.000000	,-6.000000	,-35.000000	,8.500000	,18.000000	,17.000000	,-26.000000	,-53.000000	,-17.000000	,43.000000	,70.500000	,195.500000	,331.500000	,302.000000	,223.000000	,195.500000	,152.000000	,30.500000	,-8.500000	,8.500000	,9.000000	,16.000000	,-7.000000	,-18.000000	,-11.500000	,6.500000	,9.000000	,-12.000000	,10.000000	,-20.500000	,-35.500000	,1.000000	,33.000000	,-54.000000	,-217.000000	,-270.000000	,-237.000000	,-141.000000	,-56.000000	,-58.000000	,-1.000000	,-12.000000	,-4.500000	,0.500000	,-4.500000	,-6.000000	,3.000000	,5.500000	,0.000000	,0.000000	,6.500000	,-1.000000	,-14.500000	,12.500000	,3.500000	,8.500000	,9.500000	,-4.000000	,-9.000000	,1.500000	,-11.500000	,-26.000000	,-5.500000	,6.000000	,-5.000000	,-15.500000	,-6.500000	,2.000000	,1.000000	,-14.000000	,-29.500000	,-6.000000	,-5.000000	,-10.500000	,4.000000	,-5.000000	,-17.500000	,6.500000	,6.000000	,7.000000	,3.500000	,7.000000	,3.500000	,2.000000	,-7.500000	,2.000000	,48.000000	,77.500000	,85.000000	,87.500000	,66.000000	,4.000000	,-4.000000	,16.500000	,29.000000	,-0.500000	,-1.000000	,-7.500000	,-42.500000	,-113.500000	,-55.000000	,-9.000000	,29.000000	,15.000000	,2.000000	,3.000000	,2.500000	,3.500000	,-2.500000	,4.500000	,-12.000000	,-10.500000	,-11.000000	,-33.500000	,-29.500000	,6.500000	,2.500000	,23.500000	,19.000000	,-23.500000	,10.000000	,46.500000	,13.500000	,-8.500000	,8.500000	,-12.000000	,-5.500000	,-16.000000	,-20.000000	,8.500000	,54.000000	,134.000000	,176.000000	,222.000000	,89.000000	,25.500000	,52.000000	,-12.500000	,-15.500000	,-15.500000	,-3.000000	,24.500000	,26.500000	,18.000000	,21.500000	,18.500000	,-16.000000	,4.500000	,5.000000	,5.000000	,11.000000	,-5.000000	,-12.500000	,-13.500000	,-32.000000	,-5.500000	,8.500000	,8.500000	,-15.000000	,-16.500000	,2.000000	,9.500000	,-18.000000	,-9.000000	,19.000000	,13.000000	,-27.000000	,-12.000000	,1.000000	,-2.500000	,28.500000	,28.500000	,37.000000	,-48.500000	,-72.500000	,1.000000	,6.000000	,2.500000	,-7.500000	,-22.000000	,-18.500000	,9.000000	,5.500000	,181.500000	,
-191.000000	,-17.000000	,-15.500000	,-0.500000	,2.000000	,-5.000000	,-8.000000	,-12.000000	,28.000000	,60.500000	,27.000000	,-1.500000	,15.000000	,22.500000	,-4.000000	,2.000000	,-7.000000	,0.500000	,-19.000000	,15.000000	,15.000000	,0.000000	,-1.000000	,-1.500000	,2.000000	,37.500000	,61.000000	,29.000000	,2.000000	,-38.000000	,-29.500000	,-26.000000	,11.500000	,-2.000000	,-15.500000	,-9.000000	,23.000000	,-22.000000	,-1.000000	,-1.000000	,-19.000000	,-9.500000	,-3.500000	,6.000000	,-16.000000	,-15.500000	,-25.000000	,25.000000	,25.000000	,-5.000000	,-12.500000	,3.500000	,-0.500000	,-13.000000	,0.500000	,16.000000	,21.000000	,-4.000000	,-39.500000	,-15.500000	,8.000000	,13.500000	,-14.500000	,-27.500000	,-24.500000	,3.000000	,-2.500000	,48.000000	,166.000000	,223.000000	,233.000000	,258.000000	,254.500000	,138.500000	,51.500000	,15.000000	,3.500000	,27.500000	,42.500000	,15.500000	,15.000000	,15.500000	,-27.000000	,-5.000000	,26.000000	,2.000000	,-29.000000	,-27.000000	,-2.500000	,-2.500000	,-117.000000	,-201.500000	,-303.000000	,-249.000000	,-97.000000	,-28.000000	,11.500000	,-12.500000	,-2.500000	,4.000000	,-0.500000	,-5.500000	,-3.000000	,-2.000000	,0.000000	,-7.000000	,2.500000	,2.000000	,-14.000000	,23.000000	,20.500000	,-2.500000	,-10.000000	,-6.000000	,1.500000	,2.500000	,-7.500000	,-8.500000	,-9.000000	,8.500000	,0.000000	,-19.500000	,-11.000000	,-2.000000	,14.000000	,1.500000	,-16.000000	,2.000000	,2.000000	,-5.000000	,8.000000	,5.500000	,-9.000000	,-13.000000	,-20.000000	,2.000000	,3.500000	,-4.000000	,-7.000000	,2.000000	,-10.000000	,-8.500000	,-6.500000	,22.000000	,51.500000	,99.500000	,101.500000	,52.500000	,-37.000000	,-1.000000	,-2.000000	,27.000000	,-0.500000	,-95.000000	,-109.500000	,-18.500000	,-36.000000	,-2.000000	,-3.500000	,-25.000000	,2.000000	,-17.000000	,-17.500000	,-16.000000	,10.000000	,11.500000	,9.000000	,17.500000	,-3.500000	,-32.500000	,-22.500000	,16.500000	,25.500000	,32.000000	,14.500000	,-7.500000	,6.000000	,34.500000	,30.500000	,-23.000000	,-14.500000	,-25.000000	,-20.000000	,-7.500000	,111.500000	,182.500000	,206.500000	,175.500000	,153.500000	,99.000000	,22.000000	,6.000000	,-0.500000	,11.500000	,-3.500000	,-3.000000	,-5.500000	,9.500000	,7.000000	,-33.500000	,-8.500000	,-14.000000	,-37.000000	,-2.500000	,13.000000	,13.000000	,4.500000	,25.500000	,39.000000	,21.000000	,11.000000	,-12.000000	,-1.000000	,5.500000	,3.500000	,4.000000	,0.500000	,1.500000	,-9.500000	,-20.500000	,12.000000	,32.000000	,-13.000000	,-21.000000	,-22.500000	,-29.000000	,-5.000000	,-3.500000	,22.000000	,-68.500000	,-86.000000	,-20.500000	,13.000000	,12.000000	,23.000000	,-3.500000	,-7.500000	,21.500000	,12.000000	,183.000000	,
-173.000000	,6.500000	,-14.500000	,-5.500000	,8.500000	,5.500000	,-3.000000	,-7.500000	,30.500000	,62.000000	,-9.000000	,-5.000000	,-9.500000	,-2.500000	,-6.000000	,-0.500000	,-13.000000	,7.500000	,1.500000	,22.500000	,53.500000	,29.500000	,-2.000000	,-21.500000	,-50.000000	,13.000000	,32.000000	,36.500000	,3.000000	,-13.500000	,-9.000000	,-1.500000	,10.000000	,-11.000000	,-26.500000	,-15.000000	,15.500000	,-16.500000	,6.000000	,24.000000	,-3.000000	,-23.500000	,24.000000	,4.500000	,-9.500000	,-18.000000	,-14.000000	,4.500000	,38.500000	,-5.000000	,-5.500000	,10.500000	,-3.500000	,-19.500000	,-11.500000	,-26.500000	,17.500000	,29.000000	,15.000000	,-3.500000	,8.500000	,21.000000	,9.500000	,12.000000	,-23.500000	,-4.000000	,18.000000	,0.500000	,-17.500000	,34.000000	,35.000000	,156.500000	,277.500000	,278.500000	,276.500000	,185.000000	,8.000000	,1.500000	,0.000000	,-26.500000	,8.500000	,8.000000	,-18.000000	,-7.500000	,9.500000	,6.000000	,10.500000	,-2.000000	,-10.500000	,-17.000000	,2.500000	,-22.000000	,-158.000000	,-78.500000	,-33.500000	,10.000000	,-3.000000	,-27.000000	,-15.500000	,4.500000	,0.500000	,-2.000000	,-4.500000	,-22.500000	,-13.000000	,0.500000	,8.000000	,2.500000	,-11.500000	,0.000000	,8.000000	,3.500000	,-1.000000	,5.000000	,9.500000	,12.500000	,13.500000	,7.000000	,-1.000000	,16.500000	,12.500000	,-8.000000	,-6.500000	,-4.500000	,25.000000	,18.000000	,-16.500000	,13.000000	,7.500000	,3.000000	,19.000000	,5.000000	,-4.500000	,-1.500000	,-18.000000	,-16.000000	,8.000000	,2.500000	,3.000000	,-5.000000	,4.000000	,-0.500000	,-9.500000	,0.000000	,-7.000000	,53.000000	,87.500000	,95.500000	,11.500000	,-25.000000	,-19.000000	,-3.000000	,-62.000000	,-78.000000	,6.000000	,7.500000	,-7.000000	,22.000000	,20.500000	,-13.000000	,-10.500000	,-11.500000	,-7.000000	,-18.000000	,-12.500000	,-11.000000	,-14.500000	,7.500000	,15.000000	,-12.000000	,-9.500000	,6.000000	,20.500000	,13.500000	,27.500000	,20.000000	,-14.000000	,3.000000	,-7.000000	,-2.500000	,37.500000	,111.000000	,153.000000	,96.000000	,199.000000	,116.500000	,62.500000	,32.000000	,-22.000000	,-5.000000	,12.000000	,16.000000	,-7.500000	,8.000000	,5.000000	,18.000000	,0.000000	,8.500000	,-12.000000	,-12.500000	,8.500000	,12.500000	,0.500000	,-22.000000	,2.000000	,7.000000	,-18.000000	,-15.500000	,8.000000	,-3.500000	,15.500000	,20.000000	,11.500000	,-20.000000	,-13.000000	,5.500000	,1.500000	,3.000000	,4.500000	,-15.000000	,4.000000	,35.500000	,8.000000	,-8.000000	,-16.000000	,3.500000	,-20.000000	,-35.000000	,3.500000	,-65.500000	,-93.500000	,-39.500000	,4.500000	,13.500000	,19.500000	,1.000000	,-9.000000	,2.000000	,11.000000	,181.500000	,
-172.000000	,25.500000	,2.000000	,-11.500000	,1.500000	,9.000000	,-13.500000	,-32.000000	,53.000000	,63.500000	,22.000000	,9.000000	,-15.500000	,-15.000000	,10.000000	,0.500000	,-19.500000	,-15.500000	,-30.000000	,-19.500000	,-1.000000	,17.000000	,21.000000	,-4.500000	,-21.500000	,-22.000000	,20.000000	,51.500000	,16.500000	,36.000000	,25.000000	,4.500000	,8.000000	,-14.000000	,-33.500000	,3.500000	,6.000000	,-12.500000	,19.500000	,46.500000	,15.000000	,-24.000000	,15.500000	,18.000000	,7.000000	,-20.500000	,-30.500000	,8.000000	,11.500000	,-3.500000	,5.000000	,21.500000	,-7.000000	,-34.500000	,-18.500000	,-1.500000	,13.500000	,20.500000	,9.500000	,-1.500000	,18.500000	,15.000000	,17.000000	,52.500000	,14.500000	,-18.500000	,23.000000	,22.500000	,5.000000	,31.500000	,2.500000	,36.500000	,126.500000	,177.000000	,294.500000	,331.000000	,220.500000	,182.000000	,142.500000	,58.000000	,27.500000	,10.000000	,-16.500000	,-33.500000	,-32.500000	,-11.500000	,15.000000	,6.000000	,-6.000000	,-10.500000	,4.500000	,-45.500000	,-82.000000	,23.000000	,-10.000000	,-10.500000	,14.500000	,-5.500000	,-6.500000	,0.000000	,-4.500000	,-4.000000	,8.000000	,-18.000000	,-2.000000	,13.000000	,22.500000	,6.500000	,-22.500000	,-28.000000	,17.500000	,7.500000	,-17.000000	,7.000000	,20.000000	,4.000000	,-1.000000	,-6.500000	,-16.000000	,9.500000	,10.000000	,3.000000	,-1.000000	,-8.000000	,4.000000	,-16.500000	,-18.000000	,-7.000000	,-20.500000	,-13.000000	,10.500000	,4.500000	,13.000000	,14.000000	,-1.500000	,-18.000000	,-2.000000	,2.500000	,-5.000000	,-5.000000	,6.500000	,0.000000	,-5.000000	,-4.500000	,-12.000000	,-4.000000	,50.500000	,86.000000	,84.500000	,-8.000000	,-92.000000	,-100.500000	,-9.500000	,-11.000000	,-9.500000	,1.000000	,2.000000	,34.000000	,5.500000	,-5.000000	,4.500000	,5.000000	,21.000000	,11.000000	,-9.000000	,-8.500000	,-6.500000	,-18.500000	,-6.000000	,5.500000	,-10.000000	,-8.500000	,0.500000	,-15.500000	,-14.000000	,-15.500000	,-10.500000	,59.000000	,89.000000	,139.500000	,187.500000	,230.000000	,187.500000	,32.500000	,7.500000	,-7.000000	,6.000000	,31.500000	,-14.500000	,-18.000000	,13.000000	,-17.500000	,-15.500000	,-6.500000	,-30.500000	,-10.000000	,2.000000	,8.000000	,-6.500000	,10.500000	,17.500000	,20.500000	,11.000000	,-17.500000	,-3.000000	,23.500000	,-30.500000	,-24.000000	,-13.500000	,-12.000000	,-10.000000	,5.500000	,14.000000	,7.500000	,11.500000	,11.000000	,-0.500000	,15.500000	,17.000000	,-3.500000	,-8.000000	,8.500000	,8.000000	,4.500000	,29.000000	,43.000000	,7.500000	,4.500000	,20.500000	,-43.500000	,-88.000000	,-63.500000	,-6.500000	,-1.500000	,-1.000000	,0.500000	,-24.500000	,-16.500000	,10.000000	,186.000000	,
-192.000000	,5.000000	,-12.000000	,-3.500000	,4.000000	,17.000000	,6.000000	,-12.000000	,51.500000	,-9.000000	,-72.000000	,-19.000000	,-21.500000	,-15.500000	,40.000000	,31.500000	,-7.500000	,3.500000	,-13.500000	,-23.500000	,-38.000000	,-21.000000	,7.000000	,-0.500000	,2.000000	,-30.500000	,-3.000000	,22.500000	,-6.500000	,-23.000000	,2.500000	,21.500000	,22.000000	,4.000000	,-6.000000	,6.000000	,7.000000	,-21.000000	,-8.000000	,30.000000	,26.500000	,11.000000	,-7.000000	,6.500000	,-0.500000	,6.000000	,-9.000000	,-29.000000	,-13.000000	,13.000000	,3.500000	,34.000000	,23.500000	,1.500000	,17.500000	,4.000000	,-3.000000	,3.500000	,6.500000	,-13.500000	,31.000000	,8.000000	,-15.500000	,-1.000000	,7.000000	,-19.000000	,13.500000	,6.500000	,0.000000	,15.000000	,-2.500000	,-14.500000	,-8.000000	,-28.000000	,119.500000	,250.000000	,269.000000	,280.000000	,289.000000	,219.000000	,60.500000	,27.500000	,20.000000	,-3.000000	,-2.500000	,-9.000000	,9.000000	,18.500000	,-11.000000	,-24.000000	,-9.000000	,-152.500000	,-59.500000	,7.500000	,5.000000	,1.500000	,22.000000	,9.000000	,4.000000	,7.000000	,-7.500000	,10.000000	,32.000000	,7.000000	,-1.500000	,-9.000000	,-13.500000	,19.500000	,-1.500000	,-13.500000	,13.500000	,1.500000	,-9.500000	,2.500000	,-2.000000	,-17.500000	,-11.000000	,1.000000	,-9.000000	,-3.000000	,3.500000	,5.500000	,6.500000	,8.000000	,21.000000	,-9.500000	,-6.500000	,2.000000	,-16.000000	,-12.500000	,3.000000	,2.000000	,-22.500000	,0.000000	,14.000000	,-1.500000	,1.500000	,9.000000	,2.500000	,2.000000	,2.000000	,-8.500000	,2.500000	,3.000000	,-1.000000	,-5.000000	,-12.000000	,63.000000	,112.000000	,27.500000	,-97.000000	,-28.500000	,13.500000	,-7.000000	,-15.000000	,-37.500000	,-30.500000	,3.500000	,8.500000	,14.000000	,-3.000000	,-29.500000	,7.500000	,24.500000	,-2.000000	,-9.500000	,4.000000	,0.500000	,-18.000000	,-3.000000	,12.000000	,14.000000	,3.000000	,-1.000000	,-15.500000	,3.500000	,134.500000	,192.000000	,185.500000	,157.000000	,79.000000	,76.000000	,22.000000	,-6.000000	,-2.500000	,-16.000000	,9.500000	,23.000000	,-14.500000	,7.500000	,19.500000	,-22.500000	,-4.000000	,-17.500000	,-15.000000	,0.500000	,20.000000	,-10.000000	,-29.000000	,12.500000	,-17.500000	,-34.000000	,19.000000	,5.500000	,6.000000	,31.500000	,-7.000000	,-9.000000	,15.500000	,-4.500000	,0.000000	,-9.000000	,-4.500000	,-3.500000	,32.000000	,24.000000	,-1.000000	,-14.500000	,-16.500000	,-6.500000	,25.000000	,24.000000	,5.500000	,-25.000000	,0.000000	,27.000000	,-4.500000	,6.500000	,5.500000	,-30.500000	,-75.500000	,-73.000000	,-4.000000	,-3.500000	,-4.500000	,4.000000	,-4.500000	,-6.500000	,8.500000	,180.500000	,
-183.500000	,7.000000	,-5.000000	,-11.000000	,-14.000000	,33.500000	,22.500000	,25.000000	,40.500000	,-142.000000	,-274.000000	,-220.000000	,-231.000000	,-219.500000	,-148.000000	,-110.500000	,-53.500000	,7.000000	,52.500000	,59.000000	,-1.500000	,13.500000	,-15.000000	,-18.000000	,18.500000	,-20.500000	,-31.000000	,-8.500000	,-44.000000	,-44.500000	,-1.500000	,20.500000	,20.500000	,-16.500000	,-13.000000	,26.000000	,33.000000	,-4.500000	,-28.000000	,2.000000	,15.500000	,11.500000	,-19.500000	,22.500000	,19.000000	,9.000000	,31.000000	,-6.000000	,-8.500000	,-17.000000	,-26.500000	,14.000000	,34.500000	,7.500000	,8.000000	,4.000000	,-32.000000	,15.000000	,17.000000	,-9.500000	,-8.500000	,-5.000000	,-41.000000	,-27.500000	,-11.000000	,-25.500000	,-8.000000	,-9.000000	,0.000000	,20.500000	,-10.500000	,-9.000000	,6.000000	,-4.000000	,-16.500000	,22.500000	,55.500000	,72.500000	,232.500000	,297.500000	,251.000000	,253.000000	,208.000000	,60.000000	,-48.500000	,-38.500000	,-14.000000	,36.000000	,24.500000	,27.500000	,-29.500000	,-90.500000	,4.000000	,18.500000	,15.000000	,-2.500000	,-12.500000	,-11.500000	,4.000000	,13.000000	,0.500000	,4.000000	,12.500000	,4.500000	,7.000000	,-11.000000	,-7.500000	,29.500000	,13.500000	,0.000000	,21.000000	,10.500000	,0.000000	,7.500000	,13.500000	,-3.500000	,0.500000	,7.000000	,0.500000	,-17.000000	,-13.000000	,8.500000	,-6.500000	,0.000000	,24.500000	,-4.500000	,-4.000000	,13.000000	,8.000000	,0.000000	,-6.500000	,-17.000000	,-30.000000	,-4.500000	,4.500000	,-3.500000	,14.000000	,3.500000	,-2.500000	,0.500000	,9.500000	,-16.000000	,-5.000000	,8.500000	,7.000000	,-2.500000	,-20.500000	,29.500000	,209.500000	,322.000000	,131.500000	,-29.000000	,29.000000	,7.000000	,-3.000000	,-15.000000	,-5.500000	,-17.500000	,4.500000	,35.500000	,25.500000	,-17.500000	,-9.000000	,29.000000	,25.500000	,19.500000	,9.000000	,4.500000	,-4.500000	,-30.500000	,-18.000000	,22.500000	,58.000000	,121.500000	,191.000000	,118.500000	,133.500000	,103.000000	,46.000000	,26.000000	,-9.500000	,-5.000000	,6.000000	,-16.000000	,8.000000	,-32.000000	,-20.000000	,12.500000	,-21.000000	,15.500000	,11.500000	,-3.500000	,20.500000	,-4.500000	,-26.000000	,2.500000	,1.500000	,1.000000	,-6.500000	,38.000000	,20.500000	,-21.000000	,6.500000	,-10.500000	,-3.500000	,10.000000	,-0.500000	,-12.000000	,-11.500000	,-30.500000	,0.500000	,1.500000	,-28.500000	,-18.500000	,1.500000	,-4.000000	,-7.000000	,-9.500000	,-29.000000	,-14.000000	,9.500000	,18.000000	,-12.000000	,-45.500000	,-2.500000	,11.500000	,-21.500000	,-7.000000	,12.500000	,-2.500000	,-70.000000	,-62.500000	,9.000000	,6.500000	,6.500000	,24.500000	,14.500000	,8.000000	,2.500000	,184.500000	,
-175.500000	,8.500000	,7.500000	,-7.000000	,-11.500000	,-5.000000	,0.000000	,96.500000	,190.500000	,-38.500000	,-196.000000	,-196.500000	,-245.500000	,-281.500000	,-260.500000	,-285.000000	,-295.500000	,-287.500000	,-217.000000	,-150.000000	,-157.000000	,-128.000000	,-99.000000	,-50.000000	,2.000000	,-7.500000	,-6.000000	,36.000000	,8.500000	,-31.000000	,-16.000000	,6.500000	,5.500000	,-9.000000	,-3.000000	,22.000000	,19.500000	,-18.000000	,-24.000000	,-5.500000	,14.500000	,-5.000000	,-14.500000	,-13.500000	,-20.000000	,-1.500000	,21.500000	,-1.000000	,-20.500000	,-26.000000	,-47.000000	,-17.500000	,9.500000	,-16.500000	,-14.500000	,-9.000000	,-21.000000	,4.000000	,-14.000000	,-4.000000	,-14.000000	,9.500000	,10.500000	,6.500000	,8.000000	,22.500000	,-12.000000	,-32.000000	,0.000000	,5.500000	,-9.500000	,-26.000000	,-21.000000	,-2.500000	,-6.500000	,-8.500000	,-4.500000	,-46.000000	,78.500000	,178.000000	,210.500000	,265.500000	,304.000000	,211.000000	,88.000000	,67.000000	,36.000000	,28.000000	,-13.000000	,-19.500000	,-92.000000	,-43.000000	,-8.000000	,-9.500000	,-2.500000	,6.000000	,-9.000000	,-16.500000	,9.000000	,4.000000	,-4.500000	,-4.000000	,-3.000000	,-2.500000	,9.000000	,6.000000	,-9.000000	,-17.500000	,-7.000000	,-3.500000	,-7.000000	,-2.000000	,-4.000000	,-2.000000	,4.000000	,6.500000	,-11.500000	,-2.000000	,-13.500000	,-12.500000	,-12.500000	,8.500000	,-5.500000	,-5.500000	,11.000000	,-6.500000	,1.500000	,1.000000	,12.000000	,12.500000	,18.500000	,-12.500000	,-32.000000	,5.000000	,-2.000000	,-13.000000	,-16.000000	,0.500000	,-6.500000	,1.500000	,14.000000	,1.500000	,-8.500000	,-5.000000	,29.000000	,12.000000	,-8.000000	,20.000000	,255.500000	,433.000000	,317.000000	,67.000000	,-23.500000	,-10.500000	,-9.000000	,-2.500000	,11.000000	,-9.000000	,-14.500000	,30.500000	,32.500000	,-7.000000	,-0.500000	,16.000000	,44.500000	,20.500000	,1.000000	,31.500000	,33.000000	,66.000000	,109.500000	,134.500000	,195.500000	,179.500000	,123.500000	,16.000000	,-24.500000	,-28.500000	,8.500000	,21.000000	,-13.500000	,-12.000000	,-5.500000	,-21.500000	,17.000000	,3.500000	,-27.500000	,-7.000000	,-25.500000	,2.000000	,12.000000	,6.000000	,32.000000	,-6.000000	,-21.000000	,3.500000	,19.000000	,7.500000	,-26.500000	,15.000000	,23.000000	,5.500000	,3.000000	,0.500000	,0.500000	,-5.000000	,5.000000	,11.000000	,-11.500000	,-25.500000	,-22.500000	,1.000000	,15.000000	,3.500000	,-11.500000	,1.500000	,12.000000	,23.000000	,-25.500000	,-26.000000	,-24.500000	,3.500000	,5.000000	,-17.000000	,-10.500000	,-6.000000	,-9.000000	,-20.500000	,-0.500000	,4.000000	,-86.500000	,-83.000000	,-32.500000	,-4.000000	,-22.500000	,-1.500000	,-3.000000	,10.500000	,4.500000	,181.000000	,
-196.500000	,-7.500000	,12.000000	,6.000000	,-10.500000	,-20.500000	,-13.000000	,164.500000	,300.000000	,86.500000	,-11.500000	,-3.500000	,-33.500000	,-60.500000	,-115.000000	,-174.500000	,-223.500000	,-286.500000	,-274.000000	,-248.500000	,-276.000000	,-272.500000	,-282.500000	,-244.500000	,-209.500000	,-202.000000	,-140.500000	,-61.000000	,-35.000000	,-9.500000	,-31.500000	,-4.000000	,15.500000	,-2.500000	,-33.500000	,-16.000000	,-2.500000	,-14.000000	,-17.500000	,-18.500000	,5.500000	,-7.500000	,-37.500000	,-31.500000	,-2.500000	,7.000000	,11.000000	,-1.500000	,-2.500000	,11.000000	,-6.500000	,-28.000000	,8.000000	,-12.000000	,-1.000000	,-8.000000	,-11.000000	,-23.000000	,9.000000	,-0.500000	,-5.500000	,21.500000	,14.500000	,15.000000	,-5.000000	,14.000000	,6.000000	,-14.500000	,-5.000000	,9.000000	,25.000000	,3.000000	,-24.000000	,-22.500000	,-5.500000	,17.000000	,36.000000	,18.000000	,13.000000	,-9.500000	,-16.500000	,82.000000	,269.500000	,305.500000	,274.500000	,252.500000	,215.500000	,78.500000	,-118.500000	,-216.500000	,-94.500000	,10.500000	,4.000000	,-0.500000	,5.000000	,21.000000	,0.500000	,-16.500000	,1.500000	,2.500000	,-5.500000	,-13.500000	,6.500000	,11.000000	,-9.500000	,-15.000000	,-11.500000	,-11.000000	,-5.000000	,-18.500000	,-18.500000	,0.000000	,7.000000	,0.000000	,-1.500000	,6.500000	,4.500000	,-1.000000	,1.000000	,4.000000	,0.000000	,17.500000	,-4.500000	,-6.500000	,8.000000	,5.500000	,-3.000000	,-5.000000	,-0.500000	,18.000000	,46.500000	,6.500000	,-11.000000	,11.000000	,13.000000	,2.500000	,-5.000000	,8.000000	,6.000000	,14.000000	,21.000000	,11.000000	,-2.000000	,2.500000	,11.000000	,-4.000000	,-13.500000	,-5.000000	,13.000000	,275.500000	,415.000000	,275.000000	,54.500000	,4.000000	,-3.000000	,6.000000	,12.000000	,-13.000000	,-21.000000	,13.000000	,-7.500000	,-18.000000	,-8.000000	,-27.000000	,-24.000000	,-12.500000	,14.000000	,34.000000	,108.500000	,219.500000	,148.500000	,159.000000	,86.000000	,15.000000	,-11.000000	,-26.000000	,-30.000000	,-46.000000	,-21.500000	,10.500000	,-8.500000	,-2.500000	,-6.000000	,-20.500000	,43.000000	,28.000000	,-2.000000	,9.500000	,3.000000	,-7.500000	,-14.500000	,-12.500000	,25.500000	,-12.000000	,2.000000	,21.500000	,18.000000	,8.000000	,-23.000000	,-2.000000	,17.000000	,7.000000	,-7.000000	,19.000000	,23.500000	,-5.000000	,24.500000	,36.000000	,34.000000	,11.500000	,-4.500000	,-9.500000	,16.000000	,14.500000	,24.000000	,-0.500000	,-11.500000	,1.000000	,1.500000	,14.500000	,1.500000	,23.500000	,1.500000	,-12.000000	,9.500000	,17.500000	,17.500000	,-13.000000	,1.500000	,9.000000	,-56.000000	,-75.000000	,-30.000000	,-16.000000	,-35.000000	,-4.500000	,-15.000000	,1.500000	,-2.500000	,175.500000	,
-189.000000	,0.500000	,-4.000000	,-0.500000	,4.000000	,-6.500000	,-12.500000	,185.000000	,262.000000	,13.000000	,-32.000000	,-7.000000	,11.500000	,7.500000	,26.000000	,30.000000	,5.500000	,-36.000000	,-65.500000	,-59.000000	,-100.000000	,-163.500000	,-228.500000	,-215.000000	,-232.500000	,-280.000000	,-291.500000	,-279.000000	,-240.500000	,-221.500000	,-204.000000	,-170.000000	,-127.500000	,-101.000000	,-62.000000	,0.000000	,38.000000	,39.500000	,-5.000000	,21.500000	,29.000000	,17.500000	,-32.000000	,-14.000000	,25.000000	,12.000000	,38.500000	,22.000000	,-2.500000	,35.000000	,-3.500000	,-23.500000	,-6.000000	,-1.000000	,-5.500000	,-24.000000	,-8.000000	,1.000000	,25.000000	,4.000000	,-7.500000	,10.000000	,11.500000	,-23.000000	,-19.500000	,13.500000	,24.000000	,13.500000	,-14.000000	,-13.500000	,13.500000	,25.000000	,-6.500000	,-7.000000	,-1.000000	,-4.000000	,20.000000	,41.000000	,41.000000	,17.500000	,-3.500000	,-4.000000	,78.000000	,145.500000	,151.000000	,231.000000	,329.500000	,311.500000	,65.500000	,-125.000000	,-34.500000	,5.500000	,7.500000	,4.000000	,0.000000	,13.000000	,-0.500000	,-5.000000	,4.000000	,9.000000	,3.500000	,-11.500000	,3.000000	,16.000000	,6.000000	,5.000000	,-7.000000	,-23.500000	,11.500000	,-12.000000	,-9.500000	,2.000000	,18.000000	,9.500000	,8.000000	,1.000000	,18.500000	,11.500000	,4.000000	,3.000000	,9.500000	,5.000000	,-13.500000	,-6.000000	,1.000000	,-8.500000	,-6.000000	,-0.500000	,1.500000	,4.000000	,18.000000	,-3.000000	,-1.500000	,-7.000000	,4.500000	,6.500000	,-0.500000	,2.500000	,4.000000	,0.500000	,1.500000	,10.000000	,6.500000	,1.000000	,-2.500000	,-5.000000	,-3.500000	,3.000000	,-11.500000	,92.000000	,346.000000	,323.000000	,43.000000	,10.500000	,8.000000	,-5.500000	,-0.500000	,-6.500000	,-9.500000	,27.000000	,-17.500000	,-26.000000	,-23.000000	,33.000000	,81.500000	,67.000000	,151.000000	,155.500000	,48.000000	,95.000000	,22.000000	,-0.500000	,32.500000	,25.500000	,-0.500000	,1.500000	,10.000000	,-16.000000	,0.500000	,22.500000	,10.000000	,16.500000	,4.000000	,-22.000000	,19.000000	,13.000000	,5.500000	,25.000000	,7.000000	,-2.500000	,-25.000000	,-3.000000	,14.500000	,-5.500000	,-28.000000	,-31.000000	,-14.000000	,0.500000	,-12.500000	,-5.500000	,1.500000	,-3.000000	,-24.000000	,-5.500000	,-9.000000	,-15.500000	,17.500000	,29.500000	,26.000000	,26.500000	,-0.500000	,-14.000000	,-6.000000	,-12.000000	,23.500000	,-5.500000	,18.500000	,16.000000	,7.500000	,8.500000	,-7.000000	,33.000000	,15.500000	,7.500000	,10.500000	,7.000000	,3.500000	,-0.500000	,5.000000	,-0.500000	,-39.000000	,-44.500000	,30.500000	,12.000000	,-8.500000	,-4.000000	,-10.000000	,-5.000000	,-6.500000	,185.000000	,
-180.500000	,8.500000	,4.000000	,7.500000	,10.500000	,15.500000	,3.500000	,235.500000	,249.500000	,-1.500000	,-9.500000	,-14.500000	,-0.500000	,7.000000	,18.000000	,11.000000	,27.500000	,17.500000	,20.500000	,21.000000	,20.500000	,17.500000	,-10.000000	,-8.500000	,-44.500000	,-96.500000	,-137.000000	,-211.500000	,-210.000000	,-223.000000	,-271.500000	,-298.500000	,-271.000000	,-279.000000	,-245.000000	,-246.000000	,-201.500000	,-122.000000	,-97.500000	,-39.500000	,16.000000	,53.500000	,26.000000	,34.500000	,15.500000	,-22.500000	,20.500000	,24.500000	,6.500000	,22.000000	,4.000000	,18.500000	,7.500000	,5.000000	,-2.500000	,-3.000000	,-2.500000	,3.500000	,24.000000	,1.500000	,-8.500000	,-19.000000	,17.500000	,5.000000	,-27.500000	,-20.500000	,2.500000	,14.500000	,8.000000	,-19.000000	,-11.000000	,22.500000	,25.500000	,11.000000	,-5.000000	,-33.000000	,-35.500000	,-18.500000	,12.500000	,12.000000	,-7.000000	,-17.000000	,-28.000000	,-4.500000	,-19.000000	,58.000000	,206.000000	,270.500000	,124.000000	,9.000000	,-10.500000	,-13.000000	,0.000000	,1.000000	,1.000000	,6.000000	,2.500000	,1.000000	,-12.500000	,-22.500000	,-10.000000	,-8.000000	,-6.500000	,14.500000	,2.000000	,-9.000000	,-18.000000	,-1.000000	,24.500000	,4.500000	,-3.500000	,-2.000000	,-1.000000	,-9.500000	,-17.000000	,4.500000	,4.500000	,-2.500000	,-7.000000	,-2.000000	,0.000000	,0.000000	,5.000000	,-4.000000	,3.000000	,-1.500000	,-0.500000	,3.500000	,5.500000	,3.500000	,-8.500000	,-7.500000	,3.000000	,1.000000	,-6.000000	,-7.500000	,-4.000000	,-8.000000	,-20.500000	,-9.000000	,5.000000	,1.500000	,6.000000	,2.000000	,12.000000	,1.500000	,4.000000	,27.000000	,3.500000	,0.000000	,239.000000	,350.500000	,156.500000	,-16.500000	,4.000000	,12.500000	,-7.500000	,-40.000000	,-27.000000	,-4.500000	,0.500000	,0.000000	,33.500000	,197.000000	,206.500000	,156.000000	,118.500000	,58.000000	,-12.500000	,-11.000000	,-18.000000	,-12.000000	,16.000000	,17.000000	,-4.500000	,0.500000	,10.000000	,-19.000000	,-27.500000	,-4.500000	,10.500000	,4.500000	,-26.500000	,-7.000000	,5.000000	,5.500000	,-3.000000	,10.500000	,20.500000	,-4.500000	,-11.500000	,2.500000	,6.500000	,-2.500000	,-8.000000	,6.000000	,8.000000	,16.000000	,-18.500000	,-37.500000	,-14.000000	,10.500000	,-5.000000	,-25.500000	,-17.000000	,-12.000000	,-12.000000	,0.000000	,8.000000	,-5.000000	,-21.500000	,0.500000	,-21.000000	,-25.000000	,12.500000	,13.000000	,13.000000	,-4.000000	,1.500000	,-29.500000	,-20.500000	,31.000000	,28.500000	,-2.500000	,4.500000	,0.500000	,-1.000000	,-0.500000	,13.500000	,-13.500000	,-63.500000	,-97.000000	,-31.000000	,9.000000	,5.000000	,3.500000	,-3.500000	,-2.000000	,-16.000000	,188.500000	,
-191.000000	,12.000000	,9.000000	,3.000000	,-2.500000	,6.500000	,21.500000	,268.000000	,205.000000	,-4.000000	,-3.500000	,10.000000	,-11.000000	,-12.000000	,10.000000	,4.500000	,20.500000	,11.000000	,16.000000	,5.000000	,9.500000	,3.000000	,-10.000000	,21.000000	,20.000000	,11.500000	,6.500000	,15.500000	,27.500000	,-0.500000	,-63.000000	,-128.000000	,-166.500000	,-189.000000	,-215.500000	,-305.000000	,-276.500000	,-257.500000	,-284.500000	,-302.500000	,-251.000000	,-207.500000	,-192.000000	,-136.000000	,-93.500000	,-84.500000	,-22.000000	,8.500000	,11.500000	,27.000000	,11.500000	,26.000000	,21.000000	,43.000000	,23.000000	,-6.500000	,-7.500000	,-1.000000	,-6.500000	,-9.000000	,-23.500000	,-18.500000	,12.000000	,13.500000	,-15.500000	,-1.500000	,1.000000	,27.500000	,32.500000	,-3.000000	,-21.000000	,-5.500000	,-10.000000	,6.500000	,13.500000	,4.000000	,-6.500000	,-4.000000	,7.500000	,-7.000000	,-3.000000	,6.500000	,-7.500000	,-4.500000	,-6.000000	,-23.000000	,-20.500000	,-35.000000	,-56.000000	,5.500000	,-4.000000	,-8.500000	,-9.000000	,-7.500000	,0.500000	,-12.500000	,-21.000000	,-21.000000	,5.500000	,-21.500000	,-12.000000	,-10.500000	,3.000000	,14.000000	,5.500000	,8.500000	,-8.500000	,-4.500000	,-0.500000	,-2.500000	,-3.000000	,-2.000000	,10.500000	,3.000000	,-5.000000	,-8.500000	,-6.500000	,-1.000000	,-12.000000	,-16.000000	,-7.000000	,10.000000	,2.500000	,0.000000	,8.000000	,-7.000000	,-21.000000	,-7.000000	,12.000000	,20.500000	,7.000000	,-1.000000	,-7.500000	,1.500000	,10.000000	,-8.000000	,-11.500000	,-10.000000	,-16.000000	,-19.000000	,-5.000000	,6.000000	,-3.000000	,-6.000000	,7.000000	,6.000000	,3.500000	,-0.500000	,-3.000000	,-2.000000	,209.500000	,389.000000	,262.500000	,-32.000000	,2.500000	,-3.500000	,-3.000000	,-22.500000	,37.000000	,122.500000	,165.500000	,178.000000	,107.000000	,135.500000	,107.500000	,11.000000	,-16.500000	,12.000000	,2.500000	,-9.000000	,-14.500000	,0.000000	,15.500000	,35.000000	,16.500000	,-7.500000	,0.500000	,-11.500000	,-5.500000	,5.000000	,27.500000	,-0.500000	,-17.500000	,-3.000000	,9.500000	,13.500000	,8.000000	,7.000000	,35.000000	,-7.000000	,-9.000000	,-12.500000	,0.500000	,3.000000	,8.500000	,45.000000	,12.000000	,13.000000	,-3.000000	,-19.500000	,-17.500000	,18.500000	,18.500000	,5.500000	,13.000000	,-0.500000	,-10.500000	,-25.500000	,-13.500000	,-3.500000	,-9.500000	,1.000000	,4.000000	,2.500000	,-13.000000	,-22.000000	,21.000000	,19.500000	,21.000000	,-14.500000	,-38.500000	,0.500000	,25.000000	,13.000000	,11.500000	,3.500000	,13.000000	,-9.500000	,-11.000000	,3.000000	,-47.500000	,-115.500000	,-84.000000	,-5.000000	,-4.000000	,-4.000000	,21.000000	,-1.500000	,-16.000000	,192.000000	,
-192.000000	,-6.500000	,-13.500000	,-7.500000	,6.500000	,-1.000000	,66.500000	,277.000000	,159.500000	,-6.000000	,-0.500000	,-19.000000	,-18.500000	,4.000000	,-8.000000	,-12.000000	,-22.000000	,-40.000000	,6.500000	,15.500000	,2.500000	,8.500000	,-2.500000	,3.000000	,5.500000	,-8.500000	,0.000000	,-1.500000	,0.500000	,38.000000	,25.000000	,24.500000	,5.500000	,2.000000	,33.500000	,-36.500000	,-81.500000	,-112.500000	,-155.500000	,-227.500000	,-284.500000	,-306.500000	,-302.000000	,-278.000000	,-261.000000	,-285.000000	,-274.500000	,-223.500000	,-169.000000	,-115.000000	,-55.500000	,-25.500000	,-8.500000	,8.000000	,17.500000	,15.000000	,2.500000	,4.000000	,-15.000000	,-1.000000	,-4.500000	,-28.500000	,-6.000000	,24.000000	,8.000000	,9.500000	,-18.000000	,-20.500000	,8.000000	,-18.500000	,-28.500000	,-6.500000	,-22.000000	,-12.500000	,-9.500000	,-6.500000	,0.000000	,-8.000000	,6.500000	,-20.500000	,-18.500000	,-4.000000	,4.500000	,17.500000	,37.000000	,38.000000	,10.000000	,-50.500000	,-32.000000	,6.000000	,7.500000	,4.500000	,-4.000000	,-4.000000	,-13.500000	,-0.500000	,-14.000000	,12.000000	,34.500000	,18.000000	,-4.500000	,-6.000000	,1.000000	,16.000000	,35.500000	,10.500000	,-14.500000	,-25.000000	,-2.500000	,-2.500000	,-10.000000	,-8.500000	,14.500000	,5.500000	,-4.000000	,-24.000000	,-9.000000	,14.000000	,0.000000	,-7.000000	,1.000000	,9.500000	,3.000000	,-1.500000	,2.000000	,-3.000000	,-7.000000	,-9.000000	,-12.000000	,-12.000000	,-6.500000	,3.500000	,-13.000000	,0.500000	,6.500000	,-7.000000	,12.000000	,14.500000	,1.500000	,-17.000000	,-2.500000	,12.000000	,-2.000000	,-3.000000	,10.000000	,7.500000	,0.000000	,1.500000	,-2.000000	,2.500000	,44.000000	,329.500000	,322.000000	,42.500000	,-18.500000	,50.000000	,125.000000	,167.500000	,177.000000	,198.000000	,184.000000	,79.500000	,12.500000	,-12.500000	,-14.000000	,1.500000	,0.500000	,7.500000	,5.000000	,-14.500000	,-10.000000	,22.000000	,13.500000	,16.500000	,-11.500000	,-18.500000	,15.000000	,23.500000	,-4.500000	,4.000000	,23.000000	,-10.500000	,-19.000000	,-20.000000	,-23.000000	,16.500000	,-8.500000	,3.500000	,24.000000	,16.000000	,-8.500000	,-13.500000	,4.500000	,-22.000000	,-32.500000	,-10.500000	,-27.500000	,-15.000000	,28.000000	,12.000000	,-6.000000	,14.000000	,-6.500000	,-28.500000	,3.500000	,35.000000	,12.000000	,-3.000000	,19.500000	,14.000000	,-4.500000	,12.000000	,0.000000	,-16.000000	,-6.500000	,4.500000	,-4.000000	,-2.500000	,0.500000	,-1.000000	,-24.000000	,-24.500000	,-38.500000	,2.500000	,-10.000000	,-15.500000	,6.000000	,13.000000	,-4.500000	,15.000000	,16.500000	,-57.000000	,-45.000000	,-12.500000	,3.500000	,-8.500000	,23.000000	,5.000000	,-6.500000	,186.500000	,
-185.500000	,6.500000	,-6.500000	,-1.500000	,9.500000	,-2.500000	,120.000000	,274.000000	,100.500000	,8.500000	,0.000000	,-12.500000	,2.500000	,0.000000	,-7.500000	,20.000000	,17.000000	,-18.000000	,5.000000	,25.000000	,17.500000	,30.000000	,1.000000	,-11.500000	,-0.500000	,-23.000000	,-15.500000	,-10.000000	,-24.500000	,5.000000	,5.000000	,15.000000	,1.000000	,-10.000000	,19.000000	,-4.500000	,-20.500000	,33.000000	,47.500000	,33.000000	,-12.500000	,-59.500000	,-80.500000	,-130.500000	,-167.000000	,-207.500000	,-246.500000	,-269.500000	,-287.000000	,-276.000000	,-266.000000	,-252.000000	,-226.000000	,-223.500000	,-162.000000	,-119.000000	,-63.500000	,-9.000000	,13.500000	,22.500000	,9.500000	,10.500000	,-8.500000	,-16.500000	,-1.500000	,19.500000	,-11.500000	,-18.000000	,25.000000	,1.500000	,4.500000	,11.500000	,-5.500000	,-8.500000	,2.000000	,11.500000	,-13.500000	,-2.500000	,24.000000	,-2.000000	,-12.500000	,-6.500000	,4.000000	,25.500000	,30.500000	,17.500000	,11.000000	,-14.000000	,-11.000000	,-29.500000	,4.500000	,10.500000	,7.000000	,11.500000	,5.000000	,32.000000	,1.000000	,-11.000000	,4.500000	,2.500000	,-1.000000	,-8.500000	,-12.000000	,-12.500000	,-1.500000	,18.000000	,10.500000	,-4.000000	,5.500000	,0.000000	,-14.500000	,0.000000	,-1.500000	,14.500000	,18.500000	,-9.500000	,-15.500000	,24.000000	,21.000000	,-1.000000	,-3.000000	,7.000000	,4.000000	,1.000000	,14.500000	,13.000000	,11.500000	,-2.500000	,-18.500000	,-14.500000	,-1.500000	,17.500000	,2.000000	,8.000000	,9.500000	,8.500000	,6.000000	,3.500000	,1.000000	,-1.000000	,8.000000	,7.000000	,-2.000000	,-1.500000	,-5.000000	,-2.000000	,-4.000000	,-5.000000	,-3.000000	,7.000000	,12.000000	,296.000000	,406.500000	,243.000000	,73.000000	,128.500000	,212.000000	,147.000000	,104.500000	,43.000000	,13.000000	,-26.000000	,-23.000000	,-13.000000	,-10.000000	,8.000000	,-10.000000	,35.000000	,26.000000	,-24.500000	,-10.500000	,5.000000	,-10.500000	,5.000000	,-21.000000	,-41.000000	,-24.500000	,-2.000000	,-14.500000	,3.500000	,4.500000	,-5.500000	,6.500000	,-17.500000	,-22.000000	,-13.500000	,-11.000000	,-20.500000	,19.500000	,31.000000	,13.500000	,-8.000000	,-9.000000	,-10.500000	,-6.000000	,13.500000	,0.000000	,-20.000000	,13.000000	,9.500000	,-21.000000	,3.500000	,-7.500000	,-36.500000	,-39.000000	,11.500000	,25.500000	,11.000000	,6.500000	,16.500000	,-10.000000	,13.000000	,2.500000	,15.000000	,6.000000	,-3.000000	,16.000000	,21.000000	,13.500000	,-12.000000	,-3.000000	,10.500000	,-20.000000	,-1.500000	,-13.500000	,-15.500000	,15.500000	,26.500000	,5.000000	,11.500000	,6.000000	,-56.000000	,-88.000000	,1.000000	,6.000000	,-4.000000	,9.500000	,9.500000	,-2.000000	,184.500000	,
-184.000000	,9.500000	,5.000000	,-4.500000	,-6.000000	,-18.000000	,180.000000	,253.500000	,23.000000	,31.000000	,21.000000	,8.000000	,0.000000	,-11.500000	,-36.000000	,11.500000	,21.500000	,-12.500000	,9.500000	,0.000000	,-10.500000	,32.000000	,10.500000	,-3.000000	,-3.000000	,-17.500000	,15.000000	,8.500000	,5.500000	,2.000000	,-26.000000	,10.000000	,0.500000	,8.000000	,11.500000	,-22.000000	,-20.500000	,-4.000000	,13.500000	,28.500000	,27.500000	,11.500000	,39.000000	,33.000000	,16.500000	,2.500000	,-30.500000	,-48.000000	,-130.500000	,-174.500000	,-242.500000	,-240.000000	,-250.500000	,-265.000000	,-259.000000	,-275.000000	,-249.500000	,-252.500000	,-210.500000	,-155.000000	,-122.500000	,-95.000000	,-79.000000	,-24.000000	,4.000000	,66.500000	,44.000000	,3.000000	,4.500000	,8.500000	,22.000000	,26.500000	,22.000000	,3.500000	,-1.000000	,-3.500000	,-27.000000	,-24.000000	,-5.000000	,5.000000	,-16.000000	,-17.000000	,-13.000000	,-3.000000	,-11.500000	,-30.500000	,-74.500000	,-23.000000	,-0.500000	,-20.000000	,-10.500000	,2.500000	,15.000000	,13.500000	,14.500000	,10.500000	,-13.500000	,-15.000000	,0.000000	,0.000000	,4.500000	,10.000000	,-2.000000	,-21.500000	,-13.500000	,14.500000	,-1.500000	,-28.000000	,11.500000	,9.500000	,-4.000000	,3.500000	,6.000000	,11.500000	,11.500000	,6.500000	,-2.500000	,15.000000	,7.500000	,2.000000	,-1.500000	,-2.000000	,0.500000	,0.500000	,-5.500000	,-7.000000	,16.500000	,17.500000	,12.500000	,4.000000	,2.500000	,0.500000	,-8.000000	,-1.500000	,2.500000	,0.500000	,1.000000	,-3.500000	,-0.500000	,-4.500000	,-5.000000	,0.000000	,-1.500000	,-5.000000	,-5.500000	,-4.000000	,-1.000000	,2.500000	,3.500000	,-2.000000	,-17.000000	,105.500000	,345.500000	,320.500000	,143.000000	,45.500000	,46.000000	,25.000000	,0.500000	,-2.000000	,3.000000	,2.000000	,4.000000	,-27.000000	,9.500000	,2.500000	,-10.000000	,38.000000	,10.500000	,-28.500000	,-6.000000	,-5.500000	,24.000000	,39.500000	,11.000000	,-3.000000	,-6.500000	,-5.000000	,-16.500000	,5.000000	,0.000000	,-23.000000	,-7.500000	,-7.500000	,6.500000	,-15.000000	,-11.000000	,-22.000000	,-11.000000	,4.000000	,1.500000	,-7.500000	,0.000000	,16.500000	,24.500000	,28.000000	,13.000000	,-2.500000	,-0.500000	,23.000000	,-6.500000	,7.500000	,23.000000	,-9.500000	,-17.000000	,16.500000	,12.500000	,1.000000	,13.500000	,-1.500000	,-3.000000	,26.000000	,10.500000	,-5.500000	,0.500000	,-13.500000	,16.000000	,29.000000	,4.000000	,-14.000000	,-2.000000	,5.500000	,32.500000	,7.500000	,-4.500000	,-7.500000	,-11.500000	,6.000000	,-2.000000	,-7.500000	,-16.500000	,-52.000000	,-74.500000	,-16.000000	,7.000000	,-0.500000	,-2.500000	,9.000000	,3.500000	,189.500000	,
-196.500000	,-12.500000	,1.500000	,8.000000	,11.500000	,-4.500000	,240.500000	,316.500000	,133.500000	,-4.000000	,9.000000	,-1.500000	,10.000000	,19.500000	,-7.500000	,-17.500000	,-9.000000	,11.500000	,-3.500000	,-35.500000	,-39.500000	,9.500000	,7.500000	,-13.000000	,6.500000	,20.000000	,2.500000	,23.500000	,30.000000	,18.000000	,-4.000000	,-4.500000	,-32.500000	,7.500000	,33.500000	,9.000000	,-4.500000	,-14.000000	,-19.500000	,-11.000000	,-16.500000	,-22.500000	,15.000000	,-1.000000	,-3.000000	,-16.500000	,-11.500000	,6.500000	,18.500000	,34.500000	,-4.500000	,-14.000000	,-58.000000	,-89.000000	,-129.000000	,-191.000000	,-216.000000	,-262.000000	,-261.500000	,-280.500000	,-275.000000	,-253.500000	,-260.000000	,-269.000000	,-258.500000	,-180.500000	,-95.000000	,-60.500000	,-38.000000	,-7.000000	,-3.000000	,3.000000	,22.500000	,-1.500000	,19.000000	,11.000000	,1.500000	,-1.500000	,20.500000	,-9.000000	,-9.500000	,-20.000000	,-22.000000	,15.000000	,-7.500000	,-53.500000	,-82.500000	,3.000000	,11.000000	,-13.000000	,-10.000000	,-13.500000	,3.000000	,1.500000	,6.500000	,22.500000	,-4.500000	,-10.500000	,-16.000000	,-11.000000	,2.000000	,18.000000	,15.000000	,6.500000	,0.000000	,11.000000	,2.000000	,-12.500000	,14.500000	,10.000000	,0.500000	,-3.000000	,7.500000	,-2.000000	,-2.500000	,4.500000	,-5.500000	,-22.500000	,-11.000000	,-1.000000	,-5.000000	,-7.500000	,5.000000	,0.000000	,-2.000000	,-2.500000	,9.500000	,6.500000	,13.000000	,8.000000	,-6.500000	,-7.000000	,-0.500000	,-11.500000	,-3.000000	,11.500000	,16.500000	,-12.000000	,-23.500000	,-6.500000	,-3.500000	,1.500000	,9.000000	,10.500000	,8.500000	,9.000000	,-5.000000	,-25.500000	,-3.000000	,20.500000	,3.500000	,5.500000	,163.500000	,169.500000	,36.000000	,-8.500000	,-0.500000	,-7.500000	,11.500000	,10.500000	,4.000000	,32.000000	,26.000000	,-30.500000	,4.000000	,-9.500000	,-37.000000	,11.000000	,-12.500000	,-32.500000	,-2.000000	,-6.000000	,22.500000	,46.000000	,36.500000	,-9.500000	,6.500000	,-2.000000	,-10.000000	,19.500000	,-0.500000	,3.000000	,-19.500000	,11.500000	,16.500000	,-9.000000	,-12.000000	,16.500000	,5.500000	,1.500000	,10.000000	,-1.500000	,-16.500000	,-15.500000	,-25.000000	,-2.000000	,-4.500000	,-14.000000	,18.000000	,33.000000	,6.500000	,-2.000000	,2.500000	,-3.000000	,-6.500000	,-9.500000	,10.000000	,9.500000	,11.000000	,7.500000	,2.000000	,-0.500000	,-14.000000	,-15.000000	,-25.500000	,-64.000000	,-31.000000	,18.500000	,16.000000	,9.500000	,-30.000000	,-12.000000	,49.500000	,28.000000	,-3.000000	,7.000000	,33.500000	,7.000000	,-68.000000	,-61.000000	,1.500000	,-52.500000	,-57.500000	,-13.000000	,-13.000000	,-18.500000	,-7.500000	,-11.000000	,-5.000000	,172.500000	,
-187.500000	,-5.500000	,-1.500000	,15.500000	,1.000000	,8.000000	,220.000000	,376.000000	,229.500000	,-39.500000	,17.500000	,9.500000	,22.000000	,20.000000	,23.000000	,-15.000000	,-35.500000	,-2.500000	,11.500000	,-16.500000	,-31.500000	,-1.500000	,8.000000	,-23.500000	,-2.000000	,14.500000	,-31.000000	,-3.000000	,35.000000	,14.000000	,23.000000	,-22.500000	,-40.500000	,-11.000000	,-1.000000	,2.500000	,-3.500000	,0.000000	,-11.000000	,-13.500000	,-16.500000	,-5.000000	,6.500000	,2.500000	,21.500000	,5.000000	,-2.500000	,-8.000000	,8.500000	,38.500000	,38.500000	,0.500000	,1.500000	,15.500000	,12.500000	,25.500000	,2.500000	,-19.000000	,-72.000000	,-112.500000	,-140.500000	,-191.500000	,-252.000000	,-266.000000	,-285.000000	,-291.500000	,-279.000000	,-252.500000	,-260.500000	,-236.000000	,-216.500000	,-169.000000	,-131.000000	,-51.000000	,4.000000	,16.500000	,43.500000	,51.500000	,47.000000	,15.500000	,23.500000	,26.000000	,-1.500000	,8.500000	,25.500000	,-35.000000	,-75.500000	,-15.500000	,12.000000	,3.500000	,-4.000000	,-16.000000	,-9.500000	,-3.500000	,11.000000	,24.000000	,13.500000	,2.000000	,-7.000000	,-15.500000	,-15.500000	,-4.500000	,10.500000	,1.500000	,-0.500000	,21.000000	,12.500000	,-3.500000	,-1.500000	,7.500000	,2.000000	,-3.000000	,16.500000	,3.500000	,-12.000000	,-8.000000	,-21.500000	,-19.500000	,-3.500000	,6.500000	,-1.000000	,-5.000000	,10.000000	,6.500000	,0.500000	,0.500000	,-9.500000	,-19.500000	,-18.000000	,10.000000	,-9.000000	,-17.000000	,-10.000000	,0.000000	,0.500000	,12.000000	,18.500000	,-6.500000	,-24.500000	,-1.500000	,-7.500000	,-6.000000	,14.000000	,5.000000	,0.500000	,8.000000	,-2.000000	,-18.000000	,-4.500000	,25.500000	,12.000000	,8.000000	,55.000000	,81.000000	,48.000000	,4.000000	,1.000000	,-25.000000	,-4.000000	,2.500000	,3.000000	,36.000000	,17.500000	,-24.000000	,-12.000000	,-30.500000	,6.500000	,21.000000	,-16.000000	,-2.500000	,-1.000000	,-30.500000	,-9.000000	,16.000000	,1.500000	,-29.000000	,-19.500000	,-24.500000	,-12.500000	,20.000000	,24.500000	,23.500000	,-11.000000	,-8.500000	,18.000000	,-7.000000	,19.500000	,32.500000	,17.500000	,16.500000	,4.500000	,-18.000000	,-3.000000	,1.000000	,3.000000	,-7.500000	,-6.500000	,-23.000000	,-16.000000	,6.000000	,-9.000000	,-8.500000	,-4.000000	,-19.500000	,-32.000000	,-13.500000	,-2.500000	,2.500000	,-12.000000	,-1.500000	,17.000000	,26.500000	,5.000000	,2.500000	,19.500000	,-13.000000	,-21.500000	,-50.000000	,-37.500000	,5.000000	,-84.500000	,-187.000000	,-91.000000	,-24.000000	,-82.000000	,-222.500000	,-152.500000	,-146.500000	,-236.500000	,-246.000000	,-235.500000	,-283.000000	,-213.000000	,8.000000	,-10.500000	,-6.500000	,-4.000000	,-6.000000	,4.500000	,178.000000	,
-188.500000	,-18.000000	,-17.000000	,0.000000	,-10.500000	,-0.500000	,63.000000	,294.000000	,207.000000	,-27.500000	,-17.000000	,-4.500000	,15.000000	,5.500000	,5.000000	,3.000000	,-15.500000	,12.000000	,30.000000	,15.500000	,-8.500000	,-8.500000	,16.500000	,-41.500000	,-2.500000	,-3.500000	,-26.500000	,-13.500000	,0.000000	,-7.000000	,11.500000	,-2.500000	,-13.500000	,-11.500000	,-8.000000	,16.500000	,27.500000	,28.000000	,3.000000	,-21.500000	,-17.500000	,-4.500000	,-14.500000	,-14.000000	,1.000000	,9.500000	,11.500000	,1.000000	,-6.500000	,19.000000	,28.500000	,-1.500000	,5.000000	,0.000000	,23.000000	,4.500000	,-14.500000	,5.000000	,26.500000	,41.000000	,42.500000	,30.500000	,7.500000	,-12.000000	,-54.000000	,-128.500000	,-181.000000	,-208.500000	,-233.000000	,-260.500000	,-263.000000	,-288.000000	,-313.500000	,-279.000000	,-263.500000	,-241.500000	,-207.500000	,-137.000000	,-78.500000	,-70.000000	,-20.000000	,8.000000	,16.500000	,16.000000	,28.500000	,-29.000000	,-60.500000	,-0.500000	,-8.500000	,6.000000	,9.500000	,-3.500000	,-3.500000	,-4.500000	,-1.000000	,14.000000	,18.500000	,24.000000	,17.000000	,14.000000	,2.000000	,-8.500000	,0.000000	,-2.500000	,-11.500000	,-23.000000	,-11.500000	,-6.000000	,-6.500000	,-3.500000	,-14.500000	,-10.000000	,7.000000	,5.500000	,3.000000	,14.500000	,8.000000	,1.500000	,2.500000	,11.500000	,1.500000	,-5.000000	,-7.500000	,-5.000000	,0.500000	,4.500000	,-0.500000	,-5.000000	,-11.000000	,23.000000	,17.000000	,-7.000000	,-22.000000	,-12.000000	,0.000000	,0.000000	,31.500000	,14.500000	,-4.500000	,0.500000	,-7.000000	,-6.000000	,1.000000	,1.500000	,-6.000000	,8.500000	,17.000000	,0.000000	,5.500000	,9.000000	,-6.500000	,-6.000000	,36.500000	,88.500000	,49.500000	,-10.500000	,-13.500000	,-20.000000	,-20.000000	,-38.000000	,-13.500000	,4.500000	,6.000000	,12.500000	,22.000000	,-11.000000	,8.000000	,6.000000	,-9.000000	,-1.500000	,11.500000	,-16.000000	,-37.500000	,-1.000000	,14.000000	,10.000000	,-11.500000	,-37.500000	,-2.000000	,3.500000	,1.500000	,-1.000000	,-12.500000	,2.500000	,15.500000	,-22.000000	,-22.000000	,3.000000	,8.500000	,-13.500000	,-8.000000	,-25.000000	,22.000000	,9.500000	,10.500000	,11.500000	,-14.500000	,-36.500000	,-26.000000	,-3.000000	,-14.500000	,-16.000000	,15.500000	,28.000000	,-9.000000	,-69.000000	,-48.500000	,6.500000	,-27.000000	,-100.500000	,-107.000000	,-55.500000	,-128.500000	,-212.500000	,-176.500000	,-148.000000	,-176.000000	,-264.000000	,-246.000000	,-165.000000	,-199.500000	,-315.000000	,-292.500000	,-190.000000	,-212.000000	,-301.500000	,-195.000000	,-133.000000	,-197.000000	,-243.500000	,-224.500000	,-378.500000	,-347.500000	,-89.500000	,5.500000	,10.500000	,7.000000	,13.000000	,18.500000	,189.500000	,
-176.000000	,-9.500000	,-18.000000	,1.000000	,-22.000000	,-4.000000	,47.000000	,252.000000	,155.000000	,-18.500000	,-33.500000	,-22.000000	,12.500000	,11.000000	,-4.000000	,-1.000000	,-2.000000	,5.000000	,12.500000	,26.500000	,10.500000	,6.500000	,-6.000000	,-6.500000	,22.000000	,12.000000	,-11.000000	,5.500000	,-19.000000	,-0.500000	,31.500000	,17.500000	,0.000000	,-7.000000	,3.500000	,6.500000	,21.000000	,24.500000	,15.000000	,-24.500000	,-11.500000	,3.500000	,-11.500000	,4.500000	,-2.000000	,-4.500000	,0.500000	,2.000000	,-26.000000	,10.500000	,19.500000	,-19.500000	,-16.500000	,-38.000000	,4.500000	,5.500000	,4.500000	,-4.000000	,-14.000000	,-14.500000	,34.500000	,36.500000	,-7.000000	,-9.500000	,24.500000	,20.000000	,11.500000	,15.000000	,-10.000000	,-53.500000	,-69.500000	,-133.500000	,-176.500000	,-205.500000	,-254.000000	,-265.000000	,-274.000000	,-280.500000	,-280.000000	,-280.500000	,-242.000000	,-202.500000	,-166.000000	,-140.500000	,-78.000000	,-70.500000	,-37.000000	,3.000000	,-13.500000	,-10.500000	,-14.000000	,5.500000	,5.500000	,1.000000	,-5.500000	,-6.500000	,-3.000000	,-2.000000	,3.000000	,19.000000	,-5.000000	,-9.000000	,3.000000	,14.500000	,7.500000	,-8.500000	,-9.000000	,0.500000	,-4.000000	,-5.500000	,-3.500000	,-3.500000	,6.000000	,6.000000	,8.000000	,19.000000	,1.500000	,-10.000000	,3.500000	,4.500000	,3.000000	,3.000000	,1.500000	,-0.500000	,7.500000	,5.000000	,2.500000	,-12.000000	,-11.500000	,19.000000	,31.000000	,9.000000	,-4.000000	,-8.500000	,-5.500000	,-0.500000	,14.000000	,10.500000	,3.000000	,1.000000	,3.500000	,0.000000	,5.000000	,0.500000	,-13.000000	,6.500000	,1.000000	,-3.000000	,10.000000	,8.000000	,-8.000000	,-4.000000	,-10.500000	,56.000000	,84.500000	,34.500000	,2.500000	,-2.000000	,-5.000000	,-13.500000	,-26.000000	,7.000000	,1.500000	,30.500000	,18.500000	,-5.500000	,12.500000	,-4.000000	,-16.000000	,-5.000000	,10.500000	,-3.500000	,-12.500000	,8.000000	,36.500000	,55.000000	,13.500000	,-24.500000	,-7.500000	,-17.000000	,-17.500000	,-1.500000	,9.000000	,28.500000	,6.500000	,1.500000	,4.000000	,18.000000	,30.000000	,13.500000	,11.000000	,-3.000000	,-2.000000	,-32.000000	,-47.000000	,-0.500000	,21.500000	,-30.500000	,-117.500000	,-78.500000	,-89.500000	,-233.500000	,-207.500000	,-143.000000	,-131.500000	,-229.000000	,-260.000000	,-179.000000	,-163.000000	,-248.500000	,-276.000000	,-175.000000	,-201.500000	,-256.500000	,-249.000000	,-171.500000	,-139.500000	,-192.000000	,-225.000000	,-73.500000	,-56.500000	,-148.000000	,-225.500000	,-83.000000	,-31.000000	,-40.500000	,-40.000000	,6.500000	,16.000000	,-11.500000	,0.500000	,-247.500000	,-396.500000	,-234.500000	,-9.500000	,-7.000000	,-18.000000	,5.000000	,11.000000	,192.500000	,
-163.500000	,5.000000	,2.500000	,22.500000	,1.000000	,27.000000	,139.500000	,252.500000	,80.000000	,-14.000000	,-20.000000	,-33.500000	,-2.500000	,12.500000	,-6.000000	,-29.000000	,-13.500000	,-15.000000	,-3.000000	,5.000000	,2.500000	,4.500000	,-18.500000	,-1.500000	,25.000000	,17.000000	,6.000000	,7.500000	,-23.500000	,1.000000	,28.500000	,22.000000	,19.000000	,-1.000000	,-18.500000	,-16.000000	,3.500000	,-4.000000	,13.000000	,-17.000000	,11.000000	,-1.500000	,-11.000000	,14.500000	,10.000000	,-19.500000	,-29.000000	,-3.500000	,-2.500000	,9.500000	,5.500000	,15.000000	,18.000000	,-5.500000	,-2.500000	,1.000000	,-16.000000	,-1.500000	,-14.000000	,-46.000000	,-26.000000	,0.000000	,-28.500000	,-19.000000	,5.500000	,4.000000	,-5.000000	,-0.500000	,0.500000	,22.500000	,25.000000	,32.500000	,26.500000	,0.000000	,-23.500000	,-52.500000	,-101.000000	,-146.500000	,-197.000000	,-217.500000	,-241.000000	,-264.500000	,-280.500000	,-298.000000	,-322.000000	,-312.500000	,-100.000000	,10.500000	,11.000000	,3.000000	,-15.500000	,-10.500000	,5.000000	,-1.500000	,-22.000000	,-8.500000	,-1.000000	,-12.000000	,4.500000	,0.000000	,-22.000000	,-8.000000	,-2.000000	,6.500000	,17.000000	,-1.000000	,-9.500000	,-12.000000	,7.500000	,-2.500000	,-5.500000	,0.500000	,8.500000	,8.500000	,-4.000000	,3.500000	,-3.000000	,-7.500000	,0.000000	,2.500000	,5.000000	,5.500000	,5.000000	,0.500000	,12.000000	,7.500000	,-4.000000	,-6.000000	,-6.000000	,-4.500000	,-11.500000	,7.000000	,-1.500000	,-19.500000	,1.000000	,6.500000	,-6.500000	,-4.500000	,5.000000	,-7.000000	,-6.000000	,1.000000	,12.000000	,13.000000	,-0.500000	,7.500000	,3.500000	,-2.500000	,-5.500000	,-3.000000	,-4.000000	,-7.000000	,-1.000000	,67.500000	,98.000000	,51.500000	,9.000000	,11.500000	,11.500000	,9.000000	,-27.000000	,-16.500000	,-29.500000	,-6.500000	,17.000000	,9.500000	,10.000000	,12.000000	,-10.500000	,-7.500000	,6.500000	,-4.500000	,6.500000	,18.500000	,20.000000	,45.000000	,4.500000	,13.500000	,18.000000	,11.500000	,16.000000	,-5.000000	,-15.000000	,-30.000000	,-9.500000	,-36.500000	,-154.500000	,-85.500000	,-45.500000	,-76.500000	,-207.500000	,-195.000000	,-116.500000	,-179.500000	,-270.500000	,-231.500000	,-159.500000	,-139.000000	,-260.500000	,-205.000000	,-163.000000	,-255.500000	,-280.000000	,-219.000000	,-157.000000	,-196.000000	,-257.000000	,-198.000000	,-101.500000	,-131.000000	,-129.500000	,-27.000000	,7.000000	,-6.500000	,-47.000000	,-25.000000	,30.500000	,15.500000	,-20.000000	,17.000000	,41.500000	,14.500000	,25.500000	,24.000000	,11.000000	,3.500000	,-15.500000	,18.500000	,34.000000	,16.000000	,-1.500000	,-133.000000	,-339.000000	,-222.500000	,0.000000	,-15.000000	,-10.500000	,3.000000	,-1.500000	,191.500000	,
-188.000000	,-17.500000	,22.000000	,8.000000	,-11.500000	,11.500000	,199.500000	,272.500000	,22.500000	,-22.500000	,-19.500000	,-18.500000	,-5.000000	,32.500000	,-2.000000	,-18.500000	,5.000000	,-6.500000	,16.000000	,2.000000	,-5.500000	,-13.000000	,-9.000000	,-25.000000	,-4.500000	,-6.500000	,27.500000	,34.000000	,-29.500000	,-10.000000	,7.500000	,6.000000	,4.000000	,-9.000000	,-30.500000	,6.500000	,8.000000	,1.000000	,12.000000	,-2.500000	,32.000000	,26.500000	,-5.000000	,8.000000	,24.000000	,-32.000000	,-39.500000	,-19.000000	,-18.000000	,22.000000	,4.500000	,-1.000000	,27.500000	,3.500000	,-6.000000	,3.000000	,-16.000000	,16.000000	,26.000000	,-32.500000	,-14.500000	,7.000000	,-10.500000	,-18.500000	,-23.500000	,7.500000	,9.000000	,-23.500000	,5.500000	,23.000000	,1.500000	,16.500000	,7.500000	,-6.000000	,9.500000	,12.000000	,17.000000	,31.500000	,-5.500000	,-16.500000	,-26.500000	,-67.000000	,-126.000000	,-150.000000	,-290.000000	,-349.500000	,-79.000000	,-0.500000	,24.000000	,17.000000	,-0.500000	,-13.000000	,-8.000000	,4.500000	,-5.500000	,7.500000	,2.500000	,-15.000000	,7.000000	,16.500000	,-5.000000	,5.500000	,1.500000	,0.000000	,8.500000	,2.000000	,-20.000000	,1.000000	,11.500000	,-2.500000	,-5.000000	,1.000000	,17.500000	,3.000000	,-9.500000	,10.000000	,-1.500000	,-15.000000	,-2.500000	,1.500000	,-1.000000	,-2.000000	,4.000000	,3.000000	,13.000000	,5.000000	,-13.000000	,0.500000	,-2.000000	,4.500000	,-18.500000	,7.500000	,2.000000	,-12.500000	,7.500000	,6.500000	,-1.000000	,6.000000	,9.500000	,0.000000	,-4.000000	,0.000000	,24.000000	,12.000000	,-8.500000	,-17.000000	,5.500000	,6.500000	,11.500000	,10.500000	,-2.500000	,-1.500000	,2.000000	,26.500000	,64.000000	,40.500000	,-2.500000	,-25.500000	,11.500000	,15.000000	,9.500000	,-11.500000	,-22.000000	,6.000000	,10.000000	,-5.000000	,6.500000	,22.500000	,23.500000	,4.500000	,-50.500000	,-78.500000	,-15.500000	,-13.000000	,-88.500000	,-101.500000	,-49.500000	,-17.500000	,-96.000000	,-189.000000	,-137.000000	,-125.000000	,-160.000000	,-278.500000	,-196.000000	,-206.000000	,-300.000000	,-274.500000	,-212.500000	,-173.000000	,-261.000000	,-259.000000	,-144.500000	,-166.000000	,-241.000000	,-278.500000	,-171.000000	,-67.000000	,-145.000000	,-91.000000	,-30.500000	,-54.500000	,-61.000000	,-49.500000	,-30.500000	,-16.000000	,-1.500000	,-15.500000	,7.000000	,23.000000	,28.000000	,4.500000	,-1.000000	,15.500000	,4.500000	,-16.500000	,-3.000000	,1.000000	,-10.500000	,-0.500000	,7.000000	,-14.500000	,3.000000	,-13.500000	,-4.500000	,0.500000	,-20.500000	,-4.500000	,-10.000000	,4.500000	,37.500000	,-53.500000	,-257.500000	,-149.000000	,21.000000	,-2.000000	,-10.500000	,-7.000000	,0.500000	,193.500000	,
-193.000000	,-21.000000	,1.500000	,-10.000000	,-17.500000	,-13.500000	,267.000000	,301.000000	,23.000000	,4.000000	,-26.000000	,-31.000000	,2.000000	,22.000000	,-0.500000	,-5.500000	,-4.000000	,16.000000	,-7.500000	,32.500000	,-1.000000	,-2.500000	,-9.000000	,-17.000000	,-6.000000	,-14.500000	,20.000000	,24.500000	,-13.500000	,-15.000000	,-28.000000	,-18.500000	,1.500000	,12.500000	,-5.500000	,13.500000	,6.500000	,6.500000	,-7.500000	,-33.500000	,-9.500000	,15.500000	,-2.000000	,17.000000	,42.000000	,-11.500000	,-21.000000	,-16.000000	,-17.000000	,-5.000000	,-29.500000	,-34.000000	,-5.000000	,-6.000000	,2.500000	,23.500000	,-9.000000	,6.000000	,14.500000	,-1.000000	,23.500000	,31.000000	,31.000000	,3.500000	,-12.500000	,3.500000	,7.000000	,-11.500000	,6.000000	,2.500000	,0.000000	,19.500000	,4.500000	,-7.500000	,5.000000	,7.000000	,-8.000000	,-9.000000	,-11.000000	,10.500000	,27.000000	,14.500000	,5.500000	,50.500000	,-147.500000	,-262.500000	,-17.500000	,-2.500000	,-1.000000	,11.000000	,12.000000	,4.000000	,7.500000	,8.500000	,1.000000	,-0.500000	,10.000000	,-2.500000	,16.500000	,10.500000	,-4.000000	,5.500000	,4.500000	,10.500000	,13.000000	,22.000000	,1.500000	,2.000000	,7.000000	,-2.000000	,0.000000	,0.000000	,5.500000	,0.000000	,-4.000000	,-3.000000	,-20.500000	,-20.000000	,0.500000	,4.000000	,1.500000	,0.000000	,-5.500000	,-12.000000	,16.000000	,-14.500000	,-27.000000	,-1.500000	,11.000000	,-1.000000	,-4.500000	,23.000000	,5.000000	,-23.500000	,-21.000000	,10.000000	,0.000000	,-10.000000	,8.000000	,3.500000	,-4.000000	,-6.000000	,-2.000000	,4.500000	,0.000000	,-11.000000	,-1.000000	,8.500000	,3.500000	,17.000000	,9.500000	,-16.500000	,-22.000000	,23.000000	,68.000000	,81.500000	,52.500000	,48.000000	,24.000000	,-37.000000	,8.000000	,18.500000	,-22.000000	,-92.500000	,-78.500000	,-46.500000	,-56.000000	,-179.000000	,-148.000000	,-109.500000	,-237.500000	,-328.500000	,-247.000000	,-191.500000	,-204.500000	,-266.500000	,-254.500000	,-181.500000	,-217.000000	,-280.500000	,-262.000000	,-159.500000	,-156.000000	,-220.500000	,-75.500000	,-101.000000	,-140.000000	,-204.000000	,-77.500000	,9.000000	,-61.000000	,-92.500000	,-10.500000	,12.000000	,-8.000000	,-58.500000	,-41.000000	,38.000000	,44.500000	,32.000000	,11.500000	,-1.500000	,23.000000	,65.000000	,5.000000	,-17.000000	,-13.000000	,7.500000	,-13.500000	,-9.500000	,-17.500000	,-24.000000	,-20.000000	,-12.500000	,1.500000	,-16.500000	,-23.000000	,10.000000	,4.000000	,-3.500000	,-11.500000	,-4.500000	,5.000000	,-6.500000	,10.000000	,0.000000	,-13.000000	,6.000000	,-25.000000	,-6.000000	,44.500000	,-90.500000	,-301.500000	,-178.500000	,-9.000000	,-22.000000	,-12.000000	,-0.500000	,1.000000	,192.500000	,
-177.500000	,2.500000	,17.500000	,10.500000	,-6.500000	,-11.500000	,277.000000	,246.500000	,1.000000	,59.500000	,-3.000000	,-35.000000	,17.500000	,16.000000	,6.500000	,-21.000000	,-17.500000	,-20.500000	,-20.500000	,21.500000	,18.000000	,11.500000	,-23.500000	,-32.000000	,3.000000	,-12.000000	,-18.000000	,6.000000	,6.000000	,-11.000000	,-19.500000	,-3.000000	,23.000000	,-0.500000	,-5.000000	,-20.500000	,-31.500000	,-13.500000	,5.500000	,-38.000000	,-47.000000	,-3.000000	,-10.000000	,19.500000	,53.000000	,4.000000	,17.000000	,12.000000	,11.500000	,18.000000	,0.000000	,-14.000000	,7.500000	,-18.500000	,-36.000000	,-15.000000	,-15.000000	,7.500000	,1.000000	,-2.000000	,1.000000	,-3.500000	,18.000000	,-3.000000	,12.500000	,-7.000000	,11.500000	,-10.500000	,-11.500000	,4.500000	,5.000000	,2.500000	,0.500000	,-13.000000	,-9.000000	,3.500000	,15.500000	,-12.500000	,-23.000000	,1.500000	,14.500000	,18.500000	,-28.000000	,22.500000	,-225.500000	,-243.500000	,-5.000000	,-22.000000	,-14.500000	,-8.500000	,-15.000000	,2.500000	,-1.500000	,-5.000000	,-12.000000	,-6.000000	,3.500000	,6.000000	,3.500000	,-0.500000	,1.000000	,-4.000000	,-11.000000	,-7.500000	,16.000000	,12.500000	,3.000000	,2.000000	,-9.500000	,-19.000000	,-15.000000	,-15.500000	,4.000000	,7.000000	,9.000000	,17.500000	,-9.500000	,-9.500000	,1.000000	,-1.000000	,-3.000000	,5.500000	,-2.000000	,-14.500000	,16.000000	,1.500000	,0.500000	,8.500000	,10.000000	,-17.000000	,-19.000000	,11.000000	,10.000000	,-13.500000	,-14.000000	,4.000000	,-3.500000	,-16.000000	,-9.000000	,-13.500000	,-34.500000	,-15.000000	,0.000000	,15.000000	,3.500000	,-15.000000	,-9.500000	,-3.500000	,-2.500000	,5.000000	,17.000000	,4.000000	,10.500000	,30.000000	,56.500000	,-4.000000	,-194.000000	,-96.000000	,-131.000000	,-268.500000	,-236.000000	,-178.000000	,-169.000000	,-238.000000	,-262.000000	,-209.500000	,-178.500000	,-258.000000	,-201.000000	,-110.500000	,-165.000000	,-252.000000	,-192.500000	,-105.000000	,-141.000000	,-181.500000	,-168.500000	,-53.000000	,-29.000000	,-81.500000	,-127.500000	,-22.000000	,-19.000000	,-2.500000	,38.500000	,18.500000	,57.500000	,20.000000	,-1.000000	,14.500000	,-1.000000	,-10.000000	,9.000000	,21.500000	,-2.000000	,-21.500000	,-44.500000	,0.000000	,16.000000	,16.500000	,25.000000	,-2.500000	,-4.500000	,44.500000	,5.500000	,-21.500000	,-24.000000	,1.500000	,2.500000	,-23.000000	,-10.000000	,-2.000000	,15.500000	,0.500000	,13.000000	,-1.500000	,-33.500000	,-0.500000	,14.000000	,4.500000	,-3.500000	,10.500000	,25.500000	,-6.000000	,19.500000	,-11.500000	,1.500000	,19.500000	,13.500000	,5.000000	,12.000000	,-118.500000	,-353.000000	,-291.000000	,-14.500000	,-2.000000	,-8.000000	,0.000000	,0.000000	,192.000000	,
-185.000000	,8.500000	,5.500000	,13.500000	,6.000000	,20.500000	,314.000000	,284.000000	,22.500000	,34.000000	,-0.500000	,-5.500000	,18.500000	,-6.000000	,14.000000	,-24.000000	,12.500000	,5.000000	,-3.000000	,-17.000000	,2.000000	,6.500000	,-3.000000	,-27.000000	,6.500000	,14.500000	,-21.500000	,-10.500000	,27.000000	,32.500000	,-19.000000	,-15.500000	,-10.500000	,17.000000	,22.000000	,-7.500000	,-3.500000	,-2.000000	,42.000000	,26.500000	,-7.500000	,-8.500000	,-4.000000	,11.500000	,10.000000	,-1.000000	,-3.000000	,24.500000	,29.500000	,22.000000	,14.500000	,20.500000	,24.500000	,-12.000000	,-22.000000	,-7.000000	,-7.500000	,-13.500000	,-14.500000	,-12.000000	,-39.500000	,-7.000000	,-8.000000	,9.500000	,44.000000	,-4.000000	,2.000000	,0.000000	,-38.500000	,-19.000000	,-5.000000	,10.500000	,-8.000000	,-19.000000	,-18.000000	,-7.000000	,12.000000	,-16.000000	,-13.500000	,1.500000	,-12.500000	,10.500000	,-9.000000	,-28.500000	,-281.500000	,-216.000000	,8.000000	,-7.000000	,3.500000	,6.500000	,-8.500000	,-2.000000	,-0.500000	,8.000000	,-1.500000	,-1.000000	,-5.500000	,1.000000	,-7.000000	,-11.500000	,7.000000	,5.000000	,-2.000000	,-6.500000	,-9.500000	,-5.500000	,-3.500000	,11.500000	,2.500000	,0.500000	,-1.000000	,-6.000000	,-5.500000	,-1.000000	,23.000000	,25.000000	,0.500000	,-10.000000	,-2.500000	,0.000000	,-1.500000	,14.000000	,15.500000	,8.000000	,7.000000	,8.500000	,2.500000	,17.000000	,15.000000	,-9.000000	,-14.500000	,7.000000	,19.000000	,-2.500000	,-15.000000	,-2.000000	,1.500000	,-24.000000	,-3.500000	,5.000000	,-29.500000	,-20.500000	,-13.000000	,7.500000	,5.500000	,-14.000000	,-21.500000	,-1.500000	,-17.500000	,-20.000000	,11.000000	,13.000000	,16.000000	,12.500000	,82.500000	,-56.500000	,-342.500000	,-184.000000	,-158.000000	,-240.500000	,-279.500000	,-171.000000	,-116.000000	,-139.500000	,-212.000000	,-127.000000	,-23.500000	,-43.500000	,-51.000000	,10.500000	,13.500000	,2.500000	,-3.500000	,0.000000	,-20.000000	,-3.000000	,9.500000	,24.500000	,29.000000	,13.000000	,2.500000	,-4.500000	,-50.000000	,-1.500000	,-7.500000	,-1.000000	,17.000000	,-25.000000	,-32.500000	,22.000000	,21.000000	,-21.500000	,35.000000	,17.500000	,28.000000	,-7.000000	,-40.500000	,-5.500000	,-2.000000	,-11.000000	,12.000000	,-22.500000	,-12.500000	,-11.000000	,22.500000	,0.500000	,-13.000000	,11.000000	,21.000000	,-6.500000	,14.000000	,7.500000	,-2.500000	,4.000000	,15.000000	,-12.500000	,-49.000000	,-10.000000	,26.500000	,18.500000	,-28.000000	,-1.000000	,-1.000000	,-16.500000	,-7.500000	,-21.000000	,-10.000000	,-2.500000	,14.500000	,9.000000	,-13.500000	,-42.000000	,-300.500000	,-286.000000	,-4.000000	,-0.500000	,-12.000000	,-26.000000	,-14.000000	,188.500000	,
-192.000000	,2.500000	,-2.000000	,-7.000000	,2.000000	,46.000000	,329.500000	,336.500000	,73.500000	,2.000000	,-11.000000	,0.000000	,1.000000	,8.500000	,35.000000	,14.500000	,16.000000	,19.000000	,11.000000	,-6.000000	,4.000000	,13.000000	,-2.500000	,-31.000000	,-13.500000	,22.500000	,11.500000	,5.000000	,16.000000	,5.500000	,-40.500000	,-16.500000	,-22.500000	,15.500000	,23.500000	,20.500000	,13.500000	,-20.000000	,3.500000	,-7.500000	,-21.500000	,-22.500000	,-24.000000	,-4.000000	,-21.000000	,-34.500000	,-9.500000	,-11.500000	,-26.500000	,3.000000	,12.000000	,24.500000	,24.000000	,-2.500000	,10.500000	,18.000000	,14.000000	,-5.500000	,8.500000	,19.500000	,23.000000	,34.500000	,-11.500000	,22.000000	,34.500000	,1.000000	,1.500000	,-3.500000	,-23.500000	,-17.500000	,-10.500000	,17.000000	,9.500000	,7.000000	,-9.000000	,-22.500000	,-6.000000	,5.500000	,30.000000	,18.000000	,9.500000	,17.000000	,24.500000	,-80.000000	,-301.000000	,-154.000000	,18.500000	,2.500000	,19.000000	,14.500000	,-1.000000	,-4.000000	,10.000000	,-0.500000	,-7.500000	,-6.000000	,-1.500000	,0.500000	,-14.000000	,-24.500000	,-14.500000	,-5.000000	,9.500000	,2.000000	,-0.500000	,-1.000000	,1.500000	,12.500000	,12.500000	,16.500000	,13.000000	,5.500000	,-5.500000	,-15.000000	,3.000000	,9.000000	,-4.000000	,-17.500000	,1.000000	,1.000000	,-1.000000	,5.500000	,18.500000	,7.500000	,-3.000000	,-3.000000	,-13.500000	,9.000000	,24.000000	,9.500000	,2.000000	,3.000000	,-8.000000	,6.000000	,-3.500000	,7.000000	,18.500000	,-0.500000	,28.500000	,32.500000	,4.000000	,-12.000000	,-13.500000	,5.500000	,19.500000	,-10.000000	,-8.000000	,10.500000	,5.000000	,-12.500000	,-27.000000	,-6.000000	,-2.500000	,7.500000	,284.500000	,289.000000	,18.000000	,-16.500000	,19.500000	,-11.000000	,-33.000000	,-4.500000	,27.500000	,7.000000	,18.000000	,6.500000	,27.500000	,45.000000	,7.000000	,-2.500000	,-3.500000	,-9.000000	,16.500000	,5.500000	,0.500000	,-4.500000	,-12.000000	,-15.000000	,14.000000	,7.500000	,-13.000000	,-16.000000	,-3.500000	,-0.500000	,-11.500000	,-35.000000	,8.500000	,10.500000	,-10.000000	,10.000000	,-4.000000	,-19.500000	,11.000000	,1.500000	,38.500000	,2.000000	,-23.000000	,5.000000	,-11.500000	,-8.000000	,-9.000000	,-12.500000	,-8.000000	,-2.000000	,22.500000	,17.500000	,-16.500000	,31.500000	,7.500000	,-0.500000	,15.000000	,2.000000	,-9.000000	,-3.000000	,-9.000000	,-25.000000	,-7.000000	,-8.500000	,-8.500000	,1.000000	,-12.500000	,2.500000	,-25.000000	,-9.500000	,2.500000	,24.000000	,17.000000	,-35.000000	,-24.000000	,-29.000000	,-14.000000	,23.000000	,-242.000000	,-254.000000	,-5.000000	,9.000000	,7.000000	,-9.500000	,-3.500000	,191.500000	,
-194.500000	,5.000000	,1.000000	,-8.000000	,-6.000000	,-16.500000	,207.500000	,297.000000	,62.500000	,-10.500000	,-20.000000	,15.500000	,-8.000000	,-24.000000	,-8.500000	,-8.500000	,-11.500000	,5.500000	,18.000000	,23.500000	,3.500000	,1.500000	,-8.000000	,-35.000000	,-11.000000	,-1.000000	,-10.500000	,-12.500000	,9.500000	,5.000000	,3.000000	,-20.500000	,-33.000000	,2.500000	,1.500000	,25.000000	,18.500000	,2.500000	,-2.000000	,6.000000	,2.500000	,-17.500000	,-11.500000	,31.500000	,13.000000	,-24.000000	,-3.000000	,-7.000000	,-10.500000	,-17.000000	,-8.500000	,13.500000	,6.000000	,-2.500000	,-12.000000	,-12.000000	,2.000000	,12.000000	,11.500000	,16.000000	,27.500000	,9.500000	,-20.000000	,7.500000	,27.500000	,3.000000	,18.500000	,11.500000	,26.500000	,13.500000	,-4.000000	,20.500000	,5.000000	,12.000000	,24.500000	,20.000000	,14.000000	,-7.000000	,30.500000	,20.000000	,-14.000000	,-3.000000	,27.500000	,-117.000000	,-311.500000	,-132.000000	,0.000000	,-0.500000	,7.500000	,2.500000	,1.000000	,1.500000	,11.000000	,8.500000	,-6.000000	,-8.500000	,-3.000000	,7.500000	,8.000000	,1.500000	,-9.000000	,-12.500000	,8.000000	,-0.500000	,-5.000000	,-1.000000	,-5.000000	,2.000000	,-0.500000	,-1.000000	,0.000000	,9.500000	,-0.500000	,-16.500000	,-6.000000	,14.000000	,6.000000	,-8.500000	,-0.500000	,-3.000000	,-8.000000	,-0.500000	,9.000000	,0.500000	,-2.000000	,-17.500000	,-18.000000	,-14.000000	,0.500000	,-4.000000	,9.500000	,-1.500000	,2.500000	,18.000000	,7.000000	,15.000000	,21.500000	,2.500000	,5.000000	,20.500000	,20.000000	,10.000000	,-1.000000	,2.000000	,24.500000	,-0.500000	,3.500000	,14.000000	,16.000000	,-27.000000	,-22.000000	,-10.500000	,2.000000	,37.000000	,261.500000	,345.000000	,158.000000	,10.000000	,21.500000	,0.500000	,0.000000	,-4.500000	,0.000000	,-3.500000	,1.500000	,-12.000000	,-20.500000	,-9.500000	,22.000000	,3.500000	,-9.000000	,16.000000	,14.500000	,4.500000	,26.500000	,15.500000	,-10.000000	,-18.000000	,7.500000	,9.000000	,-11.000000	,-7.500000	,-8.500000	,-17.000000	,-5.000000	,-33.500000	,-12.000000	,-13.000000	,-22.000000	,15.000000	,-15.500000	,15.000000	,15.000000	,-23.500000	,10.500000	,0.000000	,-12.000000	,-1.500000	,-8.000000	,3.500000	,-4.500000	,9.000000	,-21.000000	,-4.000000	,23.000000	,0.500000	,-11.500000	,15.000000	,-4.500000	,-11.000000	,3.000000	,-3.500000	,-15.000000	,19.000000	,18.500000	,-5.000000	,-2.000000	,-14.500000	,0.000000	,13.000000	,20.000000	,7.500000	,-5.000000	,-7.500000	,10.000000	,43.000000	,51.500000	,8.500000	,17.000000	,-3.000000	,15.000000	,-15.500000	,-272.500000	,-210.000000	,-21.000000	,12.500000	,22.500000	,4.000000	,-2.000000	,180.500000	,
-196.000000	,0.000000	,3.000000	,4.500000	,6.500000	,-4.000000	,206.500000	,262.500000	,17.500000	,-11.500000	,-4.000000	,4.500000	,-17.500000	,-34.500000	,-17.500000	,2.000000	,-17.500000	,-18.000000	,-6.500000	,-35.000000	,-8.500000	,11.500000	,-2.000000	,-11.500000	,-10.000000	,-22.000000	,-21.000000	,1.500000	,29.000000	,14.500000	,7.500000	,-20.000000	,6.500000	,8.500000	,-23.000000	,-1.500000	,13.500000	,16.500000	,10.500000	,-10.500000	,23.500000	,12.000000	,-21.000000	,37.000000	,9.500000	,-1.000000	,32.000000	,16.500000	,-1.500000	,-0.500000	,-7.000000	,13.000000	,-0.500000	,18.500000	,17.000000	,5.500000	,-11.000000	,4.000000	,-2.500000	,-12.500000	,-2.000000	,-12.000000	,-38.500000	,-37.500000	,-17.500000	,-0.500000	,23.000000	,-12.500000	,-7.000000	,17.000000	,-5.500000	,-29.500000	,-18.000000	,7.500000	,10.000000	,3.000000	,-10.000000	,2.000000	,3.000000	,-3.000000	,-17.500000	,-39.000000	,25.500000	,-150.000000	,-399.000000	,-274.000000	,-45.000000	,-4.500000	,8.500000	,-2.000000	,-0.500000	,-4.000000	,-6.500000	,4.000000	,3.000000	,5.500000	,-4.500000	,-9.500000	,9.000000	,21.500000	,6.500000	,-3.000000	,4.500000	,-2.500000	,-8.500000	,-11.000000	,-4.500000	,-9.000000	,-19.000000	,-4.500000	,-8.000000	,15.500000	,11.500000	,-3.500000	,-4.000000	,5.500000	,-17.000000	,-10.500000	,3.500000	,-1.000000	,-15.000000	,-6.500000	,6.500000	,10.000000	,12.000000	,-4.000000	,-14.000000	,-24.500000	,-13.500000	,1.500000	,14.500000	,1.500000	,1.000000	,0.500000	,0.000000	,0.000000	,-3.500000	,-19.000000	,-10.500000	,7.000000	,-1.000000	,-3.500000	,-9.000000	,11.500000	,0.500000	,-26.500000	,-16.500000	,14.500000	,20.000000	,0.000000	,-12.500000	,-20.500000	,12.500000	,5.000000	,119.500000	,256.000000	,81.500000	,12.000000	,21.000000	,-3.000000	,-25.000000	,-0.500000	,-2.500000	,-21.000000	,-16.000000	,-14.500000	,-12.500000	,-4.500000	,2.500000	,-30.500000	,-56.000000	,3.500000	,9.000000	,-15.000000	,-3.500000	,2.500000	,-1.000000	,-13.500000	,11.000000	,44.000000	,4.000000	,2.000000	,-2.500000	,7.500000	,15.000000	,-14.000000	,-25.500000	,-22.000000	,11.500000	,32.500000	,18.000000	,16.000000	,-1.500000	,-11.500000	,-1.000000	,1.500000	,11.500000	,17.500000	,8.500000	,-4.000000	,12.000000	,21.000000	,-19.500000	,-20.500000	,-15.500000	,-30.500000	,-11.500000	,4.500000	,12.000000	,7.500000	,3.000000	,2.500000	,11.500000	,55.000000	,28.000000	,-3.500000	,9.500000	,2.500000	,-33.000000	,-2.500000	,45.000000	,29.000000	,15.500000	,-15.500000	,-36.000000	,-21.000000	,-20.500000	,0.000000	,15.000000	,-23.500000	,11.500000	,-74.000000	,-301.500000	,-190.500000	,-10.000000	,-3.000000	,0.000000	,-1.500000	,-5.000000	,167.000000	,
-188.500000	,-3.500000	,-8.000000	,5.000000	,15.000000	,7.500000	,268.500000	,263.500000	,-2.500000	,5.000000	,-9.000000	,9.500000	,16.000000	,-5.500000	,9.000000	,12.500000	,10.000000	,14.500000	,27.000000	,4.500000	,6.500000	,4.500000	,-11.500000	,-6.500000	,5.500000	,9.000000	,-10.000000	,-16.000000	,7.000000	,28.000000	,32.000000	,4.500000	,7.500000	,-4.500000	,-18.000000	,3.000000	,-14.000000	,-3.500000	,-11.500000	,-29.000000	,21.000000	,17.500000	,-5.500000	,4.500000	,15.500000	,-1.000000	,-10.000000	,7.000000	,36.500000	,45.500000	,30.500000	,35.500000	,17.000000	,26.500000	,32.500000	,7.500000	,-4.500000	,-29.000000	,-28.000000	,-19.500000	,-9.500000	,-12.500000	,-2.000000	,-5.000000	,-31.000000	,-20.000000	,-9.500000	,-23.000000	,-12.500000	,8.500000	,17.000000	,-20.000000	,-17.500000	,1.000000	,2.000000	,-14.500000	,-37.000000	,-17.500000	,32.500000	,54.500000	,29.500000	,-7.500000	,67.500000	,-2.500000	,-304.500000	,-284.000000	,-22.000000	,3.000000	,2.000000	,-7.000000	,-4.000000	,-10.500000	,-3.500000	,-2.500000	,6.500000	,20.000000	,6.500000	,-7.500000	,-4.000000	,4.000000	,2.500000	,0.500000	,12.000000	,2.500000	,-8.500000	,-1.000000	,9.000000	,0.000000	,-5.000000	,0.000000	,-4.000000	,-2.500000	,-14.500000	,-6.000000	,-3.500000	,-6.500000	,-40.500000	,-19.000000	,7.500000	,11.000000	,-7.500000	,-12.000000	,-4.000000	,16.000000	,2.000000	,20.500000	,12.500000	,2.500000	,-1.500000	,12.500000	,6.000000	,0.000000	,-1.500000	,-6.000000	,-6.000000	,8.000000	,12.000000	,-3.500000	,-3.000000	,4.500000	,4.500000	,-8.500000	,-6.500000	,16.000000	,13.000000	,-9.500000	,-16.500000	,28.000000	,17.000000	,21.000000	,-8.500000	,-19.500000	,-21.500000	,-13.000000	,174.000000	,249.500000	,-1.000000	,-5.500000	,1.000000	,-1.500000	,10.000000	,9.000000	,-21.000000	,-20.000000	,2.000000	,14.500000	,25.000000	,34.000000	,34.500000	,12.500000	,-8.500000	,6.000000	,-19.500000	,-32.500000	,-2.000000	,4.000000	,-2.500000	,0.000000	,7.000000	,19.500000	,1.000000	,20.500000	,10.000000	,18.000000	,47.000000	,19.500000	,17.500000	,21.500000	,22.000000	,15.500000	,-17.500000	,-18.000000	,5.000000	,0.000000	,17.500000	,-5.500000	,6.500000	,-7.500000	,-7.500000	,-6.500000	,13.000000	,18.500000	,-15.500000	,-10.500000	,-5.000000	,-21.000000	,-3.500000	,-24.500000	,-13.000000	,1.000000	,-5.000000	,-0.500000	,-7.000000	,14.000000	,18.500000	,31.000000	,16.500000	,-7.000000	,-34.000000	,-15.000000	,26.000000	,19.500000	,14.500000	,-14.000000	,-51.000000	,-28.000000	,-25.500000	,-19.500000	,-27.500000	,-47.500000	,25.000000	,-96.500000	,-335.000000	,-292.500000	,-32.000000	,-9.500000	,-12.500000	,11.500000	,12.000000	,168.500000	,
-187.000000	,-6.500000	,-12.500000	,-3.500000	,0.000000	,12.000000	,294.500000	,330.000000	,51.000000	,-6.000000	,11.000000	,16.500000	,-15.000000	,-31.000000	,-23.500000	,-11.500000	,-26.000000	,29.000000	,32.000000	,22.500000	,47.500000	,9.500000	,-8.000000	,9.000000	,-18.000000	,17.000000	,-3.000000	,3.500000	,5.500000	,11.500000	,2.000000	,-16.000000	,13.000000	,0.500000	,-6.000000	,-8.500000	,-6.000000	,29.000000	,-14.500000	,-35.000000	,-7.500000	,-15.000000	,-16.500000	,-3.500000	,4.000000	,-6.500000	,-6.500000	,-29.000000	,21.500000	,3.500000	,-15.000000	,7.500000	,2.000000	,-14.500000	,-30.000000	,-9.500000	,-2.000000	,-23.500000	,-19.000000	,-21.500000	,-7.500000	,12.500000	,11.500000	,7.000000	,-25.500000	,-14.500000	,-3.000000	,7.500000	,8.000000	,-3.500000	,17.500000	,50.000000	,45.000000	,23.500000	,128.500000	,185.500000	,127.500000	,103.000000	,154.000000	,261.000000	,214.000000	,148.000000	,200.000000	,275.500000	,-4.500000	,-99.500000	,4.000000	,10.000000	,-4.000000	,-4.000000	,10.500000	,5.500000	,9.500000	,2.000000	,3.000000	,17.500000	,17.500000	,1.000000	,-9.500000	,-0.500000	,1.500000	,2.500000	,8.500000	,-2.000000	,-26.500000	,-4.500000	,19.000000	,9.000000	,8.000000	,4.000000	,11.500000	,1.000000	,-3.500000	,-1.000000	,24.000000	,25.500000	,-7.500000	,-11.000000	,-1.000000	,13.000000	,-3.500000	,-14.500000	,-8.500000	,-1.000000	,6.000000	,16.500000	,14.500000	,-5.000000	,0.000000	,-2.000000	,-5.000000	,-0.500000	,-4.000000	,-15.500000	,-7.000000	,3.500000	,1.000000	,-7.000000	,-4.000000	,12.000000	,8.000000	,-20.500000	,-9.000000	,12.000000	,32.000000	,7.500000	,-6.000000	,-14.000000	,7.500000	,26.000000	,11.500000	,4.000000	,-8.500000	,3.000000	,242.500000	,251.000000	,-16.000000	,-13.000000	,-21.500000	,-6.500000	,19.000000	,8.000000	,-12.500000	,8.500000	,13.500000	,-38.500000	,-26.500000	,-6.500000	,16.000000	,21.000000	,4.000000	,20.000000	,-11.500000	,-23.500000	,18.000000	,2.500000	,0.500000	,-2.500000	,-7.000000	,13.500000	,-18.500000	,-11.500000	,-14.500000	,4.500000	,20.500000	,-9.000000	,-14.000000	,-9.500000	,-29.500000	,-22.500000	,-31.500000	,-14.000000	,-4.500000	,3.500000	,15.500000	,-2.500000	,-10.000000	,-27.000000	,-5.000000	,-8.500000	,0.000000	,-18.000000	,-5.500000	,21.000000	,4.500000	,-18.500000	,15.500000	,-20.000000	,-13.000000	,19.500000	,13.000000	,-19.000000	,-14.500000	,-7.500000	,-2.500000	,-4.500000	,-2.500000	,18.000000	,-3.500000	,-4.000000	,-1.500000	,-17.000000	,0.500000	,26.000000	,24.500000	,24.000000	,-1.000000	,29.500000	,12.000000	,1.500000	,35.500000	,-38.000000	,-329.000000	,-326.000000	,-15.000000	,-6.000000	,-5.000000	,21.000000	,6.500000	,184.500000	,
-183.000000	,-1.000000	,-19.500000	,-1.500000	,0.000000	,24.500000	,288.000000	,372.000000	,142.000000	,-31.000000	,9.500000	,39.000000	,-7.500000	,-16.500000	,7.500000	,5.000000	,-32.500000	,-24.000000	,-38.000000	,-14.500000	,15.000000	,-13.500000	,11.500000	,13.000000	,-32.000000	,-1.500000	,2.000000	,3.500000	,-13.000000	,-18.500000	,-28.000000	,-19.500000	,-9.500000	,-2.000000	,4.000000	,-5.500000	,15.000000	,24.000000	,-34.500000	,-21.500000	,-25.500000	,-4.000000	,-19.000000	,-17.000000	,14.500000	,6.000000	,-18.500000	,-45.000000	,-23.500000	,-48.000000	,-41.000000	,-21.000000	,-25.500000	,-22.000000	,-54.500000	,-13.500000	,22.500000	,12.000000	,34.500000	,96.500000	,85.500000	,33.500000	,37.500000	,165.500000	,172.500000	,102.500000	,73.000000	,177.500000	,249.500000	,166.500000	,141.000000	,251.000000	,261.500000	,156.000000	,206.000000	,266.500000	,243.500000	,163.500000	,166.000000	,251.000000	,245.000000	,170.500000	,146.000000	,175.500000	,-6.000000	,-67.000000	,-25.000000	,-9.000000	,-4.000000	,10.500000	,8.500000	,-12.000000	,-21.000000	,1.000000	,-3.500000	,-12.500000	,-11.000000	,-10.500000	,-5.500000	,-9.500000	,-17.000000	,1.000000	,22.000000	,2.500000	,-10.500000	,-5.000000	,-16.000000	,-19.000000	,0.000000	,-0.500000	,20.000000	,4.500000	,4.500000	,7.000000	,25.000000	,27.000000	,3.000000	,-18.000000	,2.000000	,8.500000	,7.000000	,1.000000	,4.500000	,-1.500000	,-11.500000	,-9.000000	,-5.000000	,-18.000000	,-2.000000	,-2.000000	,-19.000000	,-13.000000	,7.500000	,-5.500000	,-6.500000	,0.000000	,-2.500000	,-11.000000	,-16.000000	,13.000000	,-10.000000	,-18.500000	,-2.000000	,-5.000000	,12.000000	,12.000000	,12.000000	,0.000000	,15.000000	,8.500000	,18.000000	,26.500000	,8.500000	,22.500000	,292.000000	,227.000000	,-23.000000	,13.500000	,-24.500000	,-27.500000	,-14.500000	,-13.000000	,-24.000000	,-2.000000	,13.500000	,-36.500000	,-26.000000	,-14.500000	,-24.000000	,-14.000000	,-21.000000	,24.000000	,11.000000	,4.500000	,23.500000	,16.000000	,24.000000	,23.500000	,23.000000	,6.000000	,-16.000000	,-21.000000	,-21.000000	,14.000000	,31.000000	,3.000000	,-28.500000	,-20.500000	,8.500000	,16.500000	,-18.500000	,6.000000	,-21.000000	,-13.500000	,14.000000	,9.500000	,10.000000	,-7.000000	,-18.000000	,-1.500000	,1.500000	,21.000000	,-2.500000	,13.000000	,-8.000000	,-15.000000	,47.500000	,23.000000	,18.000000	,15.500000	,23.000000	,-2.000000	,-25.500000	,-31.000000	,-3.500000	,28.000000	,-2.000000	,6.000000	,2.500000	,5.500000	,-4.500000	,-9.000000	,3.500000	,23.500000	,4.500000	,1.500000	,-8.500000	,27.500000	,8.000000	,-9.000000	,-2.500000	,36.000000	,-271.000000	,-297.500000	,13.500000	,8.000000	,6.000000	,12.000000	,13.500000	,197.500000	,
-171.500000	,9.000000	,-1.500000	,-1.000000	,7.500000	,2.000000	,177.500000	,326.000000	,125.500000	,-33.500000	,11.000000	,23.500000	,19.500000	,8.500000	,35.500000	,35.500000	,-5.000000	,4.000000	,-2.000000	,-10.500000	,-15.000000	,-45.500000	,1.000000	,6.000000	,-11.000000	,-46.500000	,-20.500000	,-23.000000	,-4.500000	,20.000000	,12.000000	,-6.500000	,-6.000000	,-2.000000	,3.500000	,-32.000000	,0.500000	,26.500000	,-4.500000	,5.500000	,-23.500000	,-22.000000	,-6.500000	,29.500000	,29.000000	,-20.000000	,-24.000000	,43.000000	,115.000000	,44.000000	,1.500000	,64.000000	,220.500000	,153.500000	,68.500000	,108.000000	,247.500000	,204.500000	,204.000000	,252.000000	,268.000000	,219.000000	,203.500000	,265.500000	,271.000000	,231.000000	,158.500000	,217.000000	,318.000000	,242.000000	,147.000000	,197.500000	,182.500000	,68.500000	,69.000000	,68.500000	,124.500000	,30.000000	,1.000000	,25.500000	,40.000000	,47.000000	,7.000000	,-32.000000	,-67.500000	,-104.000000	,-59.000000	,7.000000	,6.000000	,1.000000	,13.000000	,0.500000	,-9.500000	,5.500000	,5.500000	,-3.500000	,-2.500000	,-3.000000	,-0.500000	,-4.000000	,-9.500000	,3.500000	,20.500000	,10.000000	,0.500000	,-10.000000	,-25.000000	,-18.500000	,-3.000000	,-7.000000	,-1.000000	,-5.000000	,-4.500000	,-3.500000	,-0.500000	,9.000000	,8.000000	,-6.500000	,-0.500000	,7.500000	,8.000000	,13.500000	,5.500000	,1.000000	,-20.000000	,-6.500000	,-5.500000	,-8.000000	,4.500000	,11.500000	,-7.000000	,-3.000000	,0.500000	,4.000000	,-0.500000	,12.500000	,15.000000	,2.000000	,-4.500000	,25.000000	,11.000000	,6.000000	,-2.000000	,-14.000000	,-3.500000	,5.000000	,6.000000	,0.000000	,-1.500000	,-5.000000	,9.000000	,1.500000	,-3.000000	,41.000000	,287.000000	,171.500000	,-39.000000	,0.500000	,-36.500000	,-18.000000	,-7.500000	,-4.000000	,-19.000000	,10.500000	,22.500000	,-7.000000	,6.500000	,4.500000	,15.500000	,16.000000	,2.500000	,4.500000	,-12.500000	,4.500000	,-1.000000	,-16.500000	,-6.500000	,9.000000	,29.000000	,19.500000	,26.000000	,6.500000	,-3.500000	,4.000000	,24.000000	,30.000000	,10.500000	,8.000000	,45.500000	,23.500000	,-11.500000	,-10.500000	,-36.000000	,-18.000000	,10.000000	,5.000000	,-0.500000	,8.500000	,7.000000	,5.000000	,-1.000000	,17.500000	,-8.000000	,22.000000	,-29.500000	,-26.000000	,14.000000	,27.000000	,9.000000	,-11.500000	,-1.500000	,3.000000	,-8.500000	,-6.500000	,20.000000	,22.500000	,-9.500000	,-23.500000	,-20.500000	,-16.500000	,4.500000	,4.000000	,-27.000000	,-18.500000	,-6.500000	,-24.000000	,-23.000000	,-11.500000	,-16.000000	,-26.500000	,-16.000000	,34.500000	,-268.000000	,-255.500000	,4.500000	,-2.500000	,1.500000	,3.500000	,-1.000000	,188.500000	,
-174.500000	,10.000000	,12.000000	,1.500000	,-10.000000	,-11.000000	,137.000000	,282.000000	,58.000000	,-16.500000	,-2.500000	,-4.000000	,-21.500000	,-35.000000	,-18.500000	,12.000000	,4.500000	,34.500000	,32.000000	,38.500000	,-3.000000	,-5.500000	,1.500000	,10.500000	,-1.500000	,-18.000000	,-1.500000	,-12.500000	,-14.000000	,-26.500000	,-18.000000	,-4.500000	,29.500000	,4.000000	,-5.500000	,-8.500000	,79.500000	,107.500000	,56.000000	,42.500000	,87.000000	,135.500000	,99.000000	,180.500000	,286.000000	,202.500000	,142.000000	,223.500000	,319.500000	,282.500000	,184.500000	,203.500000	,311.500000	,306.500000	,195.500000	,156.500000	,238.500000	,147.500000	,129.000000	,178.500000	,218.500000	,125.000000	,56.000000	,101.000000	,138.000000	,123.500000	,14.000000	,23.000000	,84.500000	,36.000000	,-35.000000	,-16.000000	,-13.500000	,1.000000	,20.000000	,-14.000000	,-4.000000	,-31.000000	,-24.000000	,-59.000000	,-44.500000	,16.000000	,-0.500000	,-23.500000	,-23.500000	,-58.000000	,-37.500000	,-0.500000	,0.000000	,-1.000000	,19.000000	,6.500000	,-2.500000	,-4.500000	,2.000000	,9.000000	,4.500000	,2.000000	,14.000000	,8.500000	,2.000000	,-1.500000	,-26.000000	,-18.500000	,15.500000	,15.500000	,-11.000000	,-6.000000	,-7.000000	,2.500000	,10.000000	,6.000000	,-1.000000	,-8.000000	,-8.000000	,14.000000	,-5.000000	,-20.000000	,-19.500000	,-9.500000	,0.500000	,1.500000	,10.500000	,22.000000	,7.000000	,1.500000	,-7.000000	,1.000000	,5.500000	,18.500000	,8.500000	,-12.000000	,9.000000	,5.500000	,-4.000000	,0.000000	,7.000000	,-5.000000	,9.000000	,14.500000	,6.000000	,0.500000	,-13.000000	,-2.500000	,2.000000	,-3.500000	,0.000000	,3.500000	,4.000000	,-3.500000	,-8.000000	,5.000000	,0.500000	,86.000000	,344.500000	,293.500000	,177.500000	,131.500000	,84.000000	,58.000000	,-4.000000	,-4.500000	,-7.500000	,-4.500000	,16.500000	,-17.000000	,5.500000	,7.000000	,34.500000	,10.000000	,17.000000	,-7.500000	,-23.500000	,-0.500000	,-4.000000	,-33.000000	,-24.000000	,-7.000000	,-5.000000	,19.000000	,20.000000	,6.000000	,30.000000	,-9.000000	,-4.500000	,35.500000	,-3.000000	,-6.500000	,27.000000	,10.500000	,1.000000	,1.000000	,-11.000000	,14.500000	,21.500000	,1.000000	,17.500000	,11.500000	,24.500000	,-13.000000	,-2.000000	,-0.500000	,27.500000	,27.500000	,1.500000	,-15.500000	,-54.000000	,-7.000000	,13.500000	,22.500000	,19.000000	,-2.500000	,9.500000	,-2.000000	,-15.500000	,-10.500000	,-43.000000	,-35.000000	,-1.000000	,-11.500000	,5.000000	,2.000000	,15.500000	,-0.500000	,7.500000	,-10.500000	,5.000000	,21.500000	,23.000000	,6.500000	,5.500000	,-12.500000	,-261.500000	,-203.000000	,1.500000	,-13.500000	,-22.500000	,-8.000000	,-17.000000	,185.000000	,
-194.500000	,-10.500000	,-9.500000	,-8.500000	,-0.500000	,-19.500000	,198.500000	,317.500000	,87.000000	,-19.500000	,-7.000000	,-2.000000	,-7.000000	,-36.500000	,-31.000000	,9.000000	,5.500000	,-12.500000	,-0.500000	,17.000000	,1.000000	,26.000000	,-13.000000	,-24.500000	,0.500000	,85.500000	,55.000000	,11.000000	,22.000000	,118.000000	,60.000000	,64.000000	,198.000000	,271.000000	,212.500000	,147.500000	,226.000000	,280.000000	,247.000000	,227.000000	,237.000000	,245.000000	,158.000000	,200.500000	,262.500000	,246.000000	,117.500000	,108.000000	,193.000000	,222.500000	,91.500000	,53.000000	,91.500000	,163.500000	,61.500000	,9.000000	,16.500000	,-34.500000	,1.000000	,26.500000	,1.500000	,-21.500000	,8.500000	,5.000000	,-16.500000	,-4.000000	,-26.500000	,-32.500000	,-12.000000	,-39.500000	,-25.500000	,10.500000	,-8.000000	,-1.000000	,-7.500000	,21.500000	,10.500000	,9.000000	,12.000000	,-31.000000	,-33.500000	,16.500000	,4.500000	,4.500000	,-10.500000	,-78.000000	,-79.500000	,-12.000000	,1.000000	,2.000000	,0.000000	,0.000000	,4.500000	,0.500000	,-4.000000	,-13.000000	,6.500000	,2.000000	,-6.000000	,3.000000	,10.500000	,8.500000	,-20.500000	,-5.500000	,28.500000	,15.000000	,-4.000000	,2.000000	,-0.500000	,-1.000000	,1.000000	,5.000000	,4.000000	,-5.000000	,2.000000	,7.000000	,8.000000	,0.000000	,-5.000000	,-2.000000	,0.000000	,0.000000	,12.000000	,14.500000	,16.000000	,-3.000000	,-3.500000	,4.000000	,5.500000	,4.000000	,9.000000	,-10.000000	,-24.000000	,-21.000000	,-2.000000	,2.000000	,-10.000000	,-3.000000	,2.000000	,-3.000000	,-5.000000	,1.500000	,-2.500000	,9.000000	,-2.000000	,-13.000000	,0.000000	,7.000000	,9.500000	,-3.500000	,-9.000000	,6.000000	,-2.000000	,111.000000	,283.000000	,285.000000	,301.500000	,313.500000	,295.500000	,257.000000	,207.000000	,208.500000	,153.500000	,128.500000	,74.000000	,21.500000	,-14.000000	,-27.500000	,-40.500000	,-42.000000	,29.000000	,22.000000	,-12.500000	,14.000000	,-1.000000	,-20.500000	,-3.500000	,6.000000	,-11.500000	,-11.000000	,-33.500000	,-16.500000	,15.000000	,-5.000000	,-14.500000	,-3.000000	,-15.500000	,-15.500000	,-12.500000	,0.000000	,18.500000	,-12.000000	,-10.500000	,13.000000	,18.500000	,4.500000	,-20.000000	,7.000000	,14.500000	,-10.500000	,-6.500000	,-31.000000	,13.000000	,3.500000	,19.000000	,-0.500000	,-36.000000	,-29.500000	,-16.000000	,25.500000	,12.000000	,-19.000000	,-5.000000	,-3.000000	,11.000000	,30.500000	,13.000000	,19.500000	,5.000000	,-4.000000	,19.500000	,25.500000	,32.000000	,46.500000	,16.000000	,2.000000	,-17.500000	,-18.500000	,11.000000	,14.000000	,8.000000	,-88.500000	,-277.500000	,-139.000000	,18.000000	,0.000000	,-2.000000	,2.500000	,0.000000	,193.000000	,
-186.500000	,3.500000	,9.500000	,4.000000	,26.500000	,-4.500000	,221.500000	,380.000000	,252.500000	,31.500000	,9.000000	,6.500000	,32.000000	,14.000000	,17.500000	,-4.500000	,79.000000	,156.500000	,142.500000	,111.500000	,117.500000	,231.500000	,235.500000	,155.500000	,172.000000	,259.500000	,261.500000	,213.000000	,196.500000	,269.000000	,216.000000	,148.500000	,203.500000	,279.500000	,216.000000	,124.000000	,164.500000	,203.500000	,162.000000	,71.000000	,55.500000	,100.000000	,17.000000	,-13.500000	,2.000000	,41.000000	,-35.000000	,-33.000000	,-24.500000	,-33.000000	,-12.500000	,-5.000000	,-12.000000	,4.500000	,-9.000000	,15.000000	,4.500000	,-6.000000	,-12.000000	,-8.000000	,-8.000000	,-11.000000	,12.000000	,-0.500000	,-4.500000	,4.000000	,-31.500000	,-14.500000	,17.500000	,-16.000000	,-20.500000	,4.000000	,-4.500000	,-18.500000	,9.000000	,31.500000	,23.500000	,43.000000	,52.500000	,5.500000	,-3.500000	,32.500000	,38.000000	,4.000000	,-39.000000	,-94.000000	,-91.500000	,-14.000000	,-2.500000	,-5.000000	,-13.500000	,2.000000	,-0.500000	,3.500000	,4.000000	,-16.000000	,-17.000000	,-8.500000	,-22.000000	,-6.000000	,18.500000	,25.500000	,2.500000	,-14.000000	,7.500000	,8.500000	,7.500000	,5.500000	,-8.500000	,-19.500000	,0.000000	,3.500000	,-1.000000	,-22.500000	,-1.000000	,13.000000	,10.500000	,16.500000	,3.000000	,-4.000000	,-9.500000	,-6.500000	,-10.000000	,3.000000	,10.000000	,-1.000000	,-9.000000	,-18.500000	,-11.500000	,6.000000	,14.500000	,12.000000	,-9.000000	,-12.000000	,4.000000	,6.000000	,-14.000000	,-5.000000	,-10.000000	,-11.000000	,-15.000000	,-13.500000	,-8.500000	,6.500000	,-0.500000	,-12.000000	,-17.000000	,-16.000000	,13.000000	,-2.000000	,-3.500000	,-2.500000	,-13.500000	,57.500000	,88.500000	,45.000000	,111.500000	,149.000000	,219.000000	,253.500000	,233.000000	,279.500000	,269.000000	,287.000000	,270.000000	,243.000000	,199.500000	,166.500000	,102.000000	,40.500000	,33.000000	,6.000000	,-42.000000	,-30.000000	,-30.500000	,-36.000000	,2.000000	,0.000000	,-10.000000	,8.000000	,-33.000000	,-38.000000	,9.500000	,10.000000	,7.000000	,2.000000	,11.500000	,12.000000	,-6.500000	,44.500000	,8.000000	,-18.000000	,-17.500000	,-21.500000	,-23.000000	,-5.500000	,-25.500000	,-12.000000	,-6.500000	,6.000000	,-27.000000	,-19.500000	,-15.500000	,-33.500000	,13.500000	,24.000000	,17.000000	,-6.500000	,-36.000000	,-18.000000	,13.000000	,1.500000	,4.500000	,7.500000	,20.500000	,34.500000	,19.500000	,3.500000	,-7.000000	,11.500000	,3.500000	,-1.500000	,15.000000	,7.000000	,17.000000	,14.000000	,6.000000	,-22.500000	,-33.500000	,-11.000000	,21.000000	,-133.500000	,-275.500000	,-70.000000	,23.000000	,8.000000	,15.000000	,5.000000	,9.500000	,193.000000	,
-183.000000	,6.500000	,2.000000	,10.000000	,27.000000	,15.000000	,119.000000	,345.500000	,388.000000	,273.500000	,225.500000	,191.500000	,167.000000	,204.500000	,257.000000	,153.500000	,182.000000	,258.500000	,263.000000	,215.000000	,202.500000	,265.500000	,273.500000	,173.500000	,167.500000	,200.500000	,266.000000	,173.000000	,105.000000	,152.000000	,116.000000	,2.000000	,-14.000000	,44.000000	,20.500000	,-8.500000	,16.000000	,-5.500000	,11.500000	,-17.000000	,-23.500000	,-19.500000	,-2.500000	,-35.500000	,-40.500000	,-9.500000	,-17.500000	,17.000000	,-18.500000	,-41.500000	,-5.000000	,-7.500000	,-5.000000	,6.500000	,4.000000	,-0.500000	,9.500000	,-10.500000	,-32.500000	,-8.500000	,-27.500000	,-29.500000	,0.000000	,-9.000000	,-10.500000	,7.000000	,-13.500000	,38.000000	,30.500000	,-8.500000	,-19.000000	,-9.500000	,0.000000	,-2.500000	,1.500000	,-7.000000	,-3.000000	,17.500000	,37.500000	,-4.000000	,4.000000	,10.000000	,14.500000	,27.000000	,20.500000	,-66.500000	,-91.500000	,-27.500000	,1.000000	,-17.000000	,-17.000000	,-8.000000	,-20.500000	,2.500000	,11.500000	,-6.000000	,5.000000	,5.000000	,-21.500000	,-29.500000	,-0.500000	,0.500000	,-4.000000	,-27.500000	,-5.500000	,6.500000	,0.500000	,7.500000	,-21.500000	,-28.500000	,1.000000	,14.000000	,8.000000	,-9.000000	,-1.500000	,-4.500000	,-4.500000	,1.500000	,4.000000	,0.500000	,-10.000000	,-15.500000	,-10.000000	,-8.000000	,-6.000000	,-1.000000	,-14.500000	,-8.000000	,-7.500000	,-12.500000	,14.000000	,21.500000	,-11.000000	,0.500000	,12.000000	,-14.000000	,-21.000000	,-7.500000	,-9.500000	,11.500000	,-8.500000	,-4.000000	,-3.500000	,13.500000	,3.000000	,-8.500000	,-4.500000	,-13.000000	,-12.500000	,-14.000000	,11.500000	,7.500000	,-4.500000	,74.000000	,79.000000	,-13.000000	,-17.000000	,-14.500000	,4.000000	,10.000000	,42.500000	,89.500000	,125.500000	,183.000000	,221.000000	,259.500000	,283.000000	,293.500000	,266.000000	,228.500000	,242.000000	,236.000000	,195.000000	,154.500000	,116.500000	,69.000000	,28.500000	,-19.000000	,-9.000000	,0.000000	,-25.500000	,-44.000000	,-42.000000	,7.500000	,9.500000	,-3.500000	,40.500000	,25.000000	,-14.500000	,11.000000	,-5.500000	,5.000000	,18.000000	,-14.000000	,-13.500000	,20.500000	,5.500000	,-10.000000	,-16.000000	,0.000000	,-10.000000	,3.000000	,3.000000	,4.000000	,-1.000000	,6.500000	,13.500000	,11.000000	,-9.500000	,-22.500000	,4.500000	,16.500000	,1.500000	,-17.000000	,-12.000000	,-2.000000	,0.500000	,14.500000	,-15.500000	,-24.000000	,-10.000000	,-23.000000	,-14.500000	,-12.000000	,-6.000000	,27.500000	,32.500000	,-10.500000	,-13.500000	,-13.500000	,30.000000	,-181.000000	,-287.000000	,-90.000000	,0.000000	,0.500000	,-3.000000	,-1.500000	,0.500000	,180.500000	,
-188.500000	,-4.000000	,-3.000000	,2.500000	,3.500000	,7.500000	,11.500000	,169.500000	,225.500000	,224.000000	,243.000000	,256.000000	,167.000000	,184.500000	,219.000000	,88.000000	,58.000000	,81.500000	,121.000000	,58.500000	,29.000000	,33.500000	,7.500000	,-5.000000	,-2.500000	,-17.500000	,-4.000000	,-4.000000	,8.000000	,-3.500000	,-7.000000	,-37.000000	,-29.500000	,16.500000	,-6.000000	,-20.000000	,17.000000	,33.000000	,67.500000	,6.500000	,-7.000000	,23.000000	,46.000000	,-14.500000	,-14.000000	,-7.000000	,11.500000	,27.500000	,-0.500000	,-17.000000	,-7.500000	,-8.000000	,-2.500000	,-3.500000	,-7.000000	,-36.500000	,-18.000000	,-2.500000	,-6.000000	,5.500000	,-10.500000	,-39.500000	,-23.000000	,-29.000000	,9.500000	,4.500000	,0.500000	,23.500000	,18.000000	,-6.000000	,-24.500000	,4.500000	,2.000000	,16.500000	,-9.500000	,-26.000000	,-33.000000	,6.500000	,3.500000	,-23.000000	,-4.000000	,-2.000000	,-6.000000	,22.000000	,24.000000	,-45.000000	,-94.000000	,-23.500000	,21.000000	,7.000000	,11.500000	,11.000000	,-20.000000	,-20.500000	,19.500000	,6.500000	,9.500000	,11.500000	,-2.000000	,-6.500000	,-14.000000	,6.500000	,12.500000	,-10.500000	,-5.000000	,-11.000000	,-6.000000	,27.500000	,-0.500000	,-17.000000	,-8.500000	,8.500000	,19.000000	,8.000000	,13.500000	,4.500000	,-7.500000	,-14.000000	,5.000000	,7.500000	,-1.000000	,-20.500000	,-2.000000	,-8.500000	,3.500000	,16.500000	,9.000000	,15.500000	,6.000000	,-4.000000	,9.500000	,0.000000	,-12.000000	,5.000000	,15.500000	,-19.500000	,2.500000	,11.000000	,18.500000	,21.500000	,7.000000	,1.000000	,-3.000000	,9.000000	,9.500000	,12.500000	,10.000000	,1.500000	,-1.000000	,-8.500000	,6.000000	,7.000000	,-3.000000	,74.000000	,71.000000	,-7.000000	,23.000000	,3.000000	,10.500000	,21.000000	,14.000000	,-10.000000	,-13.000000	,7.000000	,-13.000000	,30.000000	,82.500000	,115.000000	,161.000000	,211.000000	,248.500000	,295.000000	,302.000000	,272.500000	,269.500000	,302.000000	,272.500000	,202.000000	,194.000000	,173.500000	,109.000000	,15.500000	,-34.500000	,-5.500000	,-44.000000	,-53.000000	,12.500000	,-4.500000	,-15.500000	,1.500000	,-8.500000	,23.500000	,50.500000	,15.500000	,-3.500000	,32.000000	,37.000000	,9.000000	,21.500000	,4.000000	,-8.500000	,0.500000	,-5.500000	,-9.000000	,-9.500000	,2.500000	,3.500000	,-1.500000	,35.500000	,-2.000000	,-3.000000	,15.000000	,19.500000	,-14.500000	,-14.000000	,-10.000000	,-13.500000	,-12.000000	,-4.500000	,14.000000	,-6.000000	,-7.000000	,-16.000000	,-0.500000	,-35.500000	,-3.000000	,-5.000000	,2.000000	,5.000000	,-12.000000	,8.500000	,-217.000000	,-375.500000	,-227.000000	,-3.000000	,-8.000000	,-12.500000	,-13.000000	,9.500000	,184.500000	,
-181.000000	,5.000000	,9.000000	,-1.000000	,-10.000000	,-1.500000	,20.500000	,51.000000	,31.000000	,5.500000	,41.500000	,65.500000	,-3.000000	,-19.000000	,4.500000	,19.000000	,23.500000	,-9.000000	,-19.000000	,-5.500000	,29.000000	,33.000000	,-27.500000	,-21.000000	,0.500000	,-17.000000	,-18.000000	,-21.500000	,-14.000000	,2.000000	,15.500000	,-10.000000	,-13.500000	,27.000000	,-2.000000	,-23.000000	,-17.000000	,5.500000	,27.500000	,-3.000000	,-25.500000	,20.000000	,55.500000	,39.500000	,14.500000	,1.000000	,2.000000	,31.500000	,29.500000	,1.500000	,-12.000000	,-10.500000	,-12.500000	,-1.000000	,-1.000000	,-30.000000	,4.000000	,23.500000	,11.000000	,9.000000	,12.000000	,11.500000	,8.500000	,1.500000	,21.500000	,0.500000	,15.000000	,-1.500000	,25.000000	,11.000000	,-13.500000	,-16.000000	,-6.500000	,2.000000	,-15.500000	,-27.000000	,-18.500000	,-1.000000	,-22.000000	,-36.500000	,15.500000	,4.500000	,-14.500000	,-4.500000	,32.500000	,-35.500000	,-180.500000	,-159.500000	,-33.000000	,-12.500000	,15.000000	,13.500000	,-1.000000	,-2.000000	,4.000000	,3.500000	,-2.000000	,19.500000	,16.000000	,8.500000	,-19.500000	,10.500000	,17.000000	,4.000000	,4.500000	,-8.500000	,4.000000	,22.000000	,7.500000	,-8.500000	,-1.500000	,-7.000000	,-6.000000	,4.000000	,3.000000	,7.500000	,-6.000000	,-19.500000	,-7.000000	,24.500000	,12.000000	,-1.500000	,6.500000	,-5.000000	,0.500000	,11.500000	,-2.000000	,5.000000	,6.000000	,-5.000000	,25.000000	,11.500000	,-4.500000	,12.500000	,27.500000	,0.000000	,7.000000	,-11.500000	,-1.500000	,-5.500000	,1.500000	,-0.500000	,-9.000000	,-3.500000	,-4.000000	,-8.500000	,-1.000000	,14.000000	,-2.500000	,-2.000000	,2.500000	,4.500000	,-2.500000	,44.500000	,42.000000	,-20.500000	,7.500000	,-3.000000	,-5.000000	,12.000000	,12.000000	,-17.500000	,1.500000	,1.000000	,-20.500000	,13.500000	,8.500000	,-7.000000	,-15.500000	,-25.500000	,-14.500000	,51.000000	,96.000000	,100.500000	,150.000000	,226.500000	,265.500000	,256.500000	,260.000000	,298.500000	,334.500000	,269.500000	,241.000000	,235.000000	,160.000000	,94.500000	,69.000000	,64.000000	,36.000000	,-4.000000	,-31.500000	,-37.500000	,9.000000	,4.000000	,-6.500000	,1.000000	,25.000000	,20.000000	,17.000000	,3.000000	,8.500000	,5.500000	,20.000000	,1.000000	,-21.000000	,7.000000	,20.000000	,2.500000	,4.000000	,-9.500000	,-14.500000	,9.000000	,39.500000	,28.000000	,13.500000	,-33.500000	,-28.500000	,6.000000	,-11.500000	,-1.500000	,11.000000	,-10.000000	,-7.500000	,22.000000	,-13.000000	,8.000000	,20.000000	,2.500000	,5.000000	,-7.500000	,0.000000	,-148.000000	,-355.000000	,-241.000000	,6.000000	,4.000000	,-4.500000	,-13.000000	,7.000000	,177.500000	,
-191.000000	,3.500000	,7.000000	,-2.000000	,-1.500000	,1.000000	,45.500000	,97.500000	,66.500000	,-17.500000	,-28.000000	,-30.500000	,6.500000	,12.500000	,-16.000000	,7.500000	,11.500000	,-4.500000	,-11.000000	,-17.500000	,16.000000	,22.000000	,7.500000	,26.000000	,25.500000	,18.000000	,-5.500000	,-2.500000	,-13.000000	,0.000000	,17.000000	,-20.500000	,-36.000000	,8.000000	,-4.500000	,-24.500000	,-43.500000	,1.000000	,28.000000	,-12.000000	,-42.000000	,-28.500000	,32.500000	,46.500000	,13.500000	,4.000000	,-5.500000	,26.000000	,3.000000	,-8.000000	,-20.000000	,-18.000000	,-3.500000	,12.000000	,29.000000	,35.000000	,15.000000	,31.000000	,10.000000	,-6.000000	,4.000000	,30.500000	,2.500000	,-12.500000	,-25.500000	,2.500000	,14.500000	,-13.000000	,24.500000	,8.000000	,-19.500000	,-11.000000	,1.000000	,8.500000	,-6.000000	,-20.000000	,-13.500000	,5.000000	,-16.000000	,-9.000000	,9.500000	,38.000000	,6.500000	,-76.500000	,-42.000000	,-155.000000	,-312.000000	,-342.000000	,-147.000000	,-7.500000	,6.000000	,23.000000	,1.500000	,-28.000000	,-14.000000	,2.000000	,-9.000000	,-8.000000	,8.000000	,11.500000	,-16.000000	,-3.000000	,-4.000000	,-3.500000	,13.500000	,2.000000	,-11.000000	,-6.500000	,6.500000	,5.000000	,9.000000	,1.000000	,-2.500000	,-9.000000	,-18.000000	,20.000000	,8.000000	,-5.000000	,-6.500000	,9.500000	,18.500000	,-2.500000	,5.500000	,-3.000000	,-7.000000	,-8.500000	,-23.000000	,2.500000	,0.000000	,-7.500000	,-8.500000	,-1.500000	,-1.000000	,14.500000	,17.000000	,11.000000	,1.000000	,-4.000000	,-3.000000	,-4.500000	,3.500000	,9.000000	,4.500000	,-4.500000	,-7.500000	,-14.000000	,2.500000	,1.500000	,-8.000000	,-2.000000	,-3.000000	,11.000000	,10.500000	,64.500000	,26.500000	,-21.500000	,-3.000000	,-18.500000	,-31.500000	,-7.000000	,25.500000	,19.000000	,13.500000	,6.500000	,-1.500000	,21.500000	,17.500000	,2.500000	,4.000000	,-20.500000	,-32.500000	,-17.000000	,-7.500000	,-17.500000	,-3.500000	,-10.000000	,15.000000	,27.500000	,60.500000	,144.000000	,207.000000	,195.500000	,249.000000	,293.500000	,273.500000	,270.500000	,245.500000	,266.000000	,246.000000	,194.000000	,146.000000	,88.000000	,42.500000	,1.500000	,-20.500000	,-24.000000	,-38.500000	,-15.000000	,-22.500000	,-22.500000	,-16.500000	,16.500000	,21.000000	,26.000000	,-11.500000	,6.500000	,12.500000	,5.000000	,-11.000000	,3.000000	,0.000000	,-15.000000	,0.500000	,27.500000	,44.000000	,3.000000	,1.000000	,12.000000	,-15.000000	,3.500000	,51.000000	,4.000000	,15.000000	,29.500000	,3.500000	,16.500000	,14.500000	,-8.000000	,-1.000000	,-3.000000	,27.000000	,-19.000000	,-258.500000	,-159.000000	,10.000000	,19.000000	,13.000000	,3.000000	,-0.500000	,187.000000	,
-192.000000	,0.000000	,-5.500000	,-4.500000	,-3.000000	,-8.500000	,3.000000	,75.000000	,55.000000	,7.500000	,-11.500000	,-16.500000	,8.500000	,9.500000	,-35.000000	,-18.500000	,-15.000000	,-13.000000	,-21.500000	,-18.500000	,-5.000000	,-1.500000	,-9.000000	,10.500000	,31.000000	,-14.000000	,-14.000000	,8.000000	,-2.000000	,5.000000	,-1.000000	,-16.000000	,-19.500000	,15.500000	,31.500000	,6.500000	,-19.500000	,-3.500000	,13.000000	,9.500000	,-3.500000	,-42.000000	,-27.500000	,-3.500000	,2.000000	,-11.000000	,3.000000	,35.000000	,9.000000	,5.000000	,15.500000	,19.500000	,2.500000	,3.000000	,-14.500000	,-14.000000	,-16.000000	,1.000000	,-2.500000	,-26.500000	,-14.500000	,1.000000	,-12.000000	,-6.000000	,-27.000000	,0.500000	,-1.500000	,-14.500000	,-1.000000	,2.000000	,-14.500000	,7.500000	,29.000000	,14.500000	,-6.500000	,6.500000	,3.000000	,5.500000	,-17.000000	,3.500000	,-53.500000	,-94.000000	,-145.500000	,-223.500000	,-132.500000	,-78.500000	,-219.000000	,-377.000000	,-276.000000	,0.000000	,1.500000	,4.000000	,9.000000	,-16.500000	,-10.500000	,-1.500000	,1.000000	,-1.000000	,12.000000	,7.000000	,-6.500000	,4.500000	,-1.500000	,-2.000000	,4.000000	,13.000000	,-3.500000	,-4.500000	,-1.500000	,-14.500000	,-2.500000	,-14.500000	,5.000000	,-3.000000	,-19.000000	,7.500000	,15.000000	,4.500000	,-5.000000	,-1.000000	,8.500000	,2.000000	,17.500000	,0.500000	,8.000000	,0.000000	,-10.000000	,6.500000	,1.000000	,-4.500000	,-1.500000	,5.500000	,2.000000	,-4.000000	,-5.000000	,14.000000	,14.500000	,12.500000	,2.500000	,0.000000	,-0.500000	,14.000000	,16.500000	,21.500000	,16.000000	,-13.500000	,-7.500000	,-17.000000	,-0.500000	,0.000000	,-5.000000	,1.000000	,8.500000	,27.500000	,18.500000	,-0.500000	,-0.500000	,-12.500000	,-12.500000	,-24.500000	,-7.500000	,24.500000	,43.000000	,10.000000	,-8.000000	,7.500000	,-9.500000	,6.000000	,13.500000	,9.500000	,-8.000000	,-9.000000	,-17.500000	,2.500000	,12.000000	,-20.000000	,-3.000000	,6.000000	,-9.500000	,-3.000000	,-4.500000	,-37.000000	,8.000000	,57.500000	,101.500000	,158.500000	,181.000000	,229.000000	,256.500000	,296.500000	,306.500000	,282.000000	,268.500000	,262.500000	,254.000000	,194.000000	,146.000000	,110.500000	,60.000000	,6.500000	,-35.000000	,-9.500000	,-2.500000	,21.500000	,-7.000000	,-8.000000	,10.500000	,21.000000	,-7.500000	,19.500000	,17.500000	,-30.000000	,-26.000000	,-12.000000	,47.000000	,2.000000	,-10.000000	,4.000000	,-18.000000	,1.000000	,37.500000	,-2.000000	,7.000000	,31.500000	,-13.000000	,-9.500000	,-13.000000	,-17.500000	,-25.500000	,-15.500000	,23.500000	,-110.000000	,-286.500000	,-116.000000	,0.000000	,5.000000	,14.500000	,25.500000	,4.500000	,186.500000	,
-196.000000	,-5.500000	,3.000000	,-2.500000	,7.000000	,-2.500000	,10.000000	,81.000000	,91.500000	,43.000000	,1.000000	,0.000000	,17.000000	,-5.000000	,-15.500000	,1.000000	,5.500000	,13.500000	,4.500000	,15.500000	,12.000000	,-15.000000	,-14.000000	,10.500000	,47.000000	,0.000000	,-1.500000	,12.500000	,-17.500000	,9.000000	,18.500000	,-0.500000	,-20.500000	,-17.000000	,24.000000	,-9.500000	,-17.000000	,-0.500000	,23.000000	,23.500000	,18.500000	,-29.500000	,-49.000000	,1.000000	,-11.000000	,-64.500000	,-21.000000	,12.000000	,8.500000	,1.500000	,-4.000000	,-9.000000	,12.500000	,29.000000	,5.500000	,-27.000000	,-19.000000	,24.500000	,15.000000	,-1.000000	,8.500000	,17.000000	,0.500000	,4.500000	,-14.500000	,19.000000	,3.000000	,5.500000	,5.500000	,-20.000000	,3.500000	,10.000000	,37.000000	,12.000000	,38.000000	,15.500000	,20.500000	,-22.000000	,-143.000000	,-194.000000	,-221.000000	,-197.500000	,-172.500000	,-106.000000	,-6.500000	,20.500000	,-65.000000	,-332.500000	,-327.500000	,-45.500000	,-7.000000	,17.000000	,34.500000	,13.500000	,3.500000	,-6.000000	,7.000000	,5.500000	,4.500000	,-10.500000	,-12.000000	,4.000000	,-14.500000	,-4.500000	,1.500000	,12.500000	,-3.000000	,-15.000000	,-4.500000	,-10.500000	,-1.000000	,-9.500000	,16.000000	,4.500000	,-8.000000	,-1.500000	,-4.000000	,5.500000	,-5.500000	,8.000000	,4.000000	,5.500000	,-1.000000	,-6.500000	,12.500000	,3.500000	,-9.500000	,1.500000	,-0.500000	,-3.500000	,-6.500000	,1.500000	,2.000000	,2.500000	,1.000000	,-1.000000	,0.500000	,-7.000000	,-17.500000	,-13.000000	,-3.000000	,-0.500000	,-5.500000	,14.000000	,15.500000	,8.000000	,0.500000	,-11.000000	,-1.000000	,5.000000	,4.500000	,21.000000	,20.500000	,-2.000000	,13.000000	,20.500000	,0.500000	,-3.500000	,-2.500000	,-26.500000	,-33.500000	,-18.500000	,16.000000	,-28.000000	,-26.000000	,-7.500000	,-16.500000	,-1.500000	,-17.000000	,7.000000	,-3.500000	,-7.000000	,-47.000000	,-29.500000	,13.000000	,-20.000000	,-18.500000	,6.500000	,23.000000	,32.500000	,27.500000	,-10.000000	,8.500000	,-16.500000	,-25.000000	,-10.000000	,-22.500000	,2.000000	,38.000000	,81.000000	,145.000000	,168.500000	,202.500000	,249.500000	,280.500000	,275.000000	,278.500000	,307.000000	,281.500000	,220.000000	,197.000000	,169.500000	,150.000000	,95.000000	,39.500000	,16.500000	,0.500000	,-19.500000	,-66.000000	,-16.000000	,-0.500000	,-9.500000	,3.000000	,-9.000000	,9.000000	,-15.500000	,-19.500000	,-16.000000	,-51.000000	,0.500000	,-3.500000	,-15.000000	,0.000000	,-4.500000	,-5.500000	,-3.500000	,-9.500000	,-13.500000	,-11.500000	,-1.500000	,25.000000	,-176.500000	,-294.000000	,-67.000000	,1.000000	,0.000000	,10.000000	,-1.000000	,-5.000000	,185.000000	,
-190.500000	,-18.500000	,-4.500000	,-1.000000	,0.000000	,3.000000	,23.000000	,67.000000	,96.500000	,69.500000	,10.000000	,12.000000	,28.000000	,9.000000	,14.500000	,13.500000	,0.000000	,7.500000	,10.000000	,2.000000	,-5.500000	,17.500000	,-22.500000	,-5.500000	,41.000000	,5.000000	,16.000000	,17.500000	,16.000000	,7.500000	,1.500000	,-9.000000	,-29.500000	,-30.500000	,-14.500000	,4.500000	,14.500000	,-2.000000	,-13.000000	,-5.500000	,21.000000	,9.000000	,-10.000000	,20.000000	,3.000000	,-20.500000	,11.500000	,10.000000	,12.500000	,10.500000	,9.500000	,-13.000000	,-10.500000	,29.000000	,26.000000	,-11.500000	,-5.500000	,12.500000	,-11.000000	,-14.000000	,2.500000	,1.500000	,-4.500000	,-23.000000	,-12.500000	,-3.500000	,-20.500000	,-5.500000	,-8.000000	,-23.000000	,-13.000000	,10.000000	,22.500000	,7.500000	,-3.500000	,-69.500000	,-77.500000	,-87.500000	,-206.000000	,-118.500000	,-62.000000	,-25.500000	,-8.000000	,6.000000	,23.000000	,13.500000	,-1.500000	,-257.000000	,-371.500000	,-189.000000	,-1.500000	,0.000000	,13.000000	,23.500000	,6.500000	,-14.000000	,-16.000000	,1.000000	,2.500000	,-21.500000	,4.000000	,4.500000	,-17.000000	,-16.000000	,0.000000	,15.500000	,5.000000	,10.000000	,0.500000	,-4.000000	,10.500000	,1.000000	,2.500000	,8.000000	,6.000000	,1.000000	,3.500000	,-8.000000	,-17.500000	,0.000000	,1.000000	,5.000000	,8.000000	,-9.000000	,-24.500000	,-0.500000	,-9.500000	,-7.500000	,6.000000	,-11.000000	,-30.000000	,-12.000000	,5.500000	,3.000000	,-6.500000	,-4.000000	,7.500000	,5.500000	,-5.500000	,-11.500000	,-6.000000	,5.500000	,-1.500000	,-4.000000	,9.000000	,24.500000	,9.500000	,-9.000000	,-21.000000	,5.000000	,7.500000	,24.000000	,2.000000	,-36.000000	,-20.000000	,-5.500000	,-1.500000	,-11.000000	,-18.000000	,-5.000000	,-43.000000	,-28.500000	,9.500000	,-10.500000	,12.000000	,-12.000000	,-12.500000	,3.500000	,-11.500000	,24.000000	,30.000000	,4.500000	,1.000000	,16.000000	,29.500000	,4.500000	,-22.000000	,-23.500000	,-8.500000	,17.500000	,4.500000	,7.500000	,10.500000	,-6.000000	,-16.500000	,9.500000	,11.000000	,-4.500000	,-26.500000	,15.000000	,28.000000	,-10.000000	,-17.500000	,22.000000	,54.500000	,71.500000	,128.000000	,191.000000	,226.500000	,227.000000	,231.000000	,235.500000	,293.000000	,283.000000	,243.000000	,206.000000	,206.500000	,157.000000	,71.500000	,69.500000	,40.500000	,-7.500000	,-14.000000	,-19.000000	,-17.500000	,2.500000	,27.000000	,11.000000	,-25.500000	,3.500000	,0.000000	,14.000000	,18.500000	,10.500000	,-1.500000	,20.000000	,12.000000	,20.000000	,-10.000000	,4.000000	,37.000000	,-194.500000	,-267.500000	,-19.000000	,0.000000	,3.000000	,2.500000	,-6.000000	,-3.500000	,193.000000	,
-180.500000	,-16.500000	,-8.000000	,3.500000	,-13.000000	,-2.500000	,3.500000	,30.000000	,71.000000	,34.000000	,-8.000000	,-0.500000	,10.500000	,17.000000	,26.500000	,5.000000	,-21.500000	,-25.000000	,-7.500000	,-18.000000	,-16.500000	,-4.000000	,-39.500000	,-8.500000	,13.000000	,-2.000000	,16.500000	,-3.000000	,-4.500000	,32.000000	,28.500000	,32.500000	,5.500000	,-17.000000	,-6.000000	,19.000000	,-6.000000	,-15.500000	,-2.500000	,-15.000000	,-10.000000	,-2.000000	,14.000000	,-8.000000	,-17.500000	,13.000000	,26.500000	,-2.500000	,6.500000	,25.500000	,35.500000	,-9.500000	,-36.500000	,4.000000	,33.500000	,-14.500000	,-9.000000	,-5.500000	,-18.000000	,-16.000000	,-15.500000	,-8.500000	,9.500000	,-0.500000	,3.000000	,2.500000	,-6.500000	,12.500000	,-5.500000	,-24.500000	,-13.000000	,1.000000	,-63.000000	,-147.500000	,-168.000000	,-204.500000	,-168.000000	,-25.500000	,-18.000000	,13.000000	,44.000000	,11.000000	,-30.500000	,-24.000000	,29.500000	,24.500000	,-5.500000	,-166.500000	,-334.500000	,-236.000000	,-2.000000	,-6.500000	,-7.000000	,6.000000	,-3.000000	,3.000000	,-10.000000	,16.000000	,8.500000	,-25.500000	,7.000000	,23.500000	,1.000000	,-3.000000	,0.500000	,12.000000	,4.000000	,0.000000	,-8.000000	,-4.500000	,-1.500000	,-5.000000	,5.000000	,2.500000	,4.000000	,-4.500000	,11.500000	,3.000000	,-12.000000	,-10.000000	,0.500000	,-12.000000	,10.500000	,5.500000	,-8.500000	,1.500000	,4.000000	,-4.500000	,12.500000	,3.000000	,-9.000000	,-13.000000	,-15.000000	,-13.500000	,-7.000000	,0.000000	,11.000000	,16.000000	,6.500000	,-7.500000	,-16.500000	,6.500000	,-5.000000	,-1.500000	,0.500000	,-1.000000	,10.000000	,-0.500000	,-17.000000	,7.500000	,7.500000	,-101.500000	,-263.000000	,-225.000000	,-102.000000	,11.500000	,42.000000	,2.000000	,-4.500000	,45.000000	,-13.500000	,3.500000	,15.500000	,16.000000	,30.000000	,3.500000	,-4.000000	,-5.000000	,-7.500000	,-6.000000	,14.000000	,23.500000	,5.500000	,3.000000	,18.500000	,7.500000	,-13.500000	,-20.500000	,-2.500000	,21.500000	,12.500000	,5.500000	,0.500000	,-21.500000	,-7.500000	,-7.500000	,-3.000000	,-6.000000	,-29.500000	,1.500000	,33.000000	,15.500000	,7.500000	,12.000000	,18.500000	,-42.000000	,-37.500000	,-6.500000	,3.500000	,29.500000	,31.000000	,81.500000	,148.500000	,205.500000	,245.500000	,250.000000	,256.500000	,271.000000	,254.000000	,303.500000	,273.000000	,227.000000	,206.500000	,162.000000	,112.000000	,77.500000	,49.500000	,5.500000	,-25.500000	,-9.500000	,-31.000000	,-21.500000	,8.500000	,9.000000	,-11.500000	,20.000000	,28.500000	,11.500000	,-11.000000	,6.500000	,-0.500000	,-246.500000	,-249.000000	,-1.000000	,-1.000000	,-2.500000	,-0.500000	,9.500000	,-1.000000	,191.000000	,
-176.000000	,-15.500000	,12.500000	,12.500000	,-3.500000	,-5.500000	,-6.000000	,8.500000	,39.500000	,-2.000000	,-21.500000	,-16.000000	,0.500000	,-1.000000	,4.000000	,14.500000	,-1.000000	,7.000000	,18.500000	,-4.500000	,9.000000	,28.500000	,-6.000000	,9.000000	,8.000000	,-9.500000	,-30.500000	,-42.000000	,-22.000000	,21.000000	,22.500000	,27.000000	,30.000000	,-16.000000	,-3.500000	,0.500000	,-4.500000	,11.500000	,17.500000	,7.000000	,-30.500000	,9.000000	,23.500000	,-14.500000	,-44.000000	,-30.500000	,-4.000000	,-24.500000	,-39.500000	,-18.500000	,2.500000	,4.500000	,-17.000000	,15.000000	,24.000000	,-0.500000	,15.000000	,8.000000	,0.500000	,-10.000000	,-3.500000	,-5.500000	,3.500000	,11.500000	,26.000000	,39.000000	,22.500000	,6.000000	,14.500000	,-16.000000	,-110.000000	,-82.500000	,-157.000000	,-172.500000	,-122.500000	,-101.500000	,-48.500000	,-0.500000	,-15.500000	,-27.000000	,15.500000	,5.500000	,-31.500000	,-13.000000	,3.500000	,-6.500000	,-11.000000	,-70.500000	,-325.000000	,-350.500000	,-118.000000	,-15.000000	,4.500000	,-7.000000	,-9.500000	,8.000000	,1.000000	,25.000000	,8.500000	,-16.500000	,-4.500000	,17.500000	,5.000000	,2.500000	,0.000000	,-5.000000	,-6.500000	,8.500000	,-3.000000	,-13.000000	,-32.000000	,-5.000000	,-3.000000	,-1.000000	,-7.500000	,-14.000000	,12.000000	,12.000000	,-4.500000	,-10.500000	,-4.000000	,-19.500000	,18.500000	,15.000000	,-6.000000	,-4.500000	,-3.500000	,-17.500000	,-3.500000	,17.500000	,9.000000	,7.000000	,2.500000	,1.000000	,-1.500000	,-14.000000	,-19.000000	,1.500000	,1.500000	,-7.500000	,-1.000000	,3.000000	,-1.500000	,-11.000000	,-25.000000	,-13.500000	,9.500000	,5.500000	,-14.000000	,47.500000	,126.000000	,-52.500000	,-292.000000	,-298.000000	,-262.000000	,-175.000000	,-98.000000	,-70.000000	,5.500000	,33.500000	,0.500000	,-3.000000	,-16.000000	,-1.500000	,28.000000	,42.000000	,20.000000	,27.500000	,-12.500000	,2.000000	,5.500000	,-14.000000	,-18.500000	,-27.000000	,-1.500000	,-7.000000	,1.000000	,-5.500000	,-2.000000	,6.500000	,11.000000	,6.000000	,11.500000	,-4.000000	,-13.500000	,-40.000000	,3.500000	,-9.000000	,-15.000000	,-17.500000	,-24.000000	,-15.000000	,-15.000000	,-4.000000	,6.500000	,-8.500000	,-8.500000	,-6.500000	,7.000000	,8.500000	,-9.000000	,-19.500000	,-42.500000	,2.000000	,48.500000	,62.500000	,92.000000	,97.500000	,128.000000	,205.500000	,222.500000	,253.000000	,291.000000	,287.500000	,268.000000	,236.500000	,228.000000	,197.500000	,155.000000	,105.000000	,37.000000	,-17.000000	,7.000000	,-9.000000	,-29.000000	,-24.000000	,-8.000000	,-25.500000	,-11.500000	,6.500000	,-29.000000	,-274.000000	,-215.000000	,-3.000000	,-0.500000	,-10.500000	,-20.500000	,-1.000000	,-10.000000	,190.000000	,
-180.000000	,-5.500000	,1.500000	,-9.000000	,-16.500000	,-0.500000	,0.000000	,51.500000	,90.000000	,48.000000	,-18.500000	,-25.500000	,-18.000000	,0.500000	,-5.000000	,11.000000	,16.000000	,2.000000	,9.000000	,1.000000	,16.500000	,5.500000	,-20.000000	,-11.500000	,-6.500000	,-3.500000	,20.000000	,13.500000	,-16.500000	,-24.500000	,-21.000000	,-2.000000	,10.500000	,-13.500000	,1.000000	,18.500000	,-3.500000	,6.000000	,21.000000	,10.000000	,-17.000000	,2.500000	,30.000000	,1.000000	,-12.500000	,-31.000000	,1.500000	,0.000000	,-8.000000	,-22.500000	,-11.000000	,-6.500000	,-25.500000	,-24.000000	,4.500000	,-12.000000	,-13.500000	,-13.000000	,-19.500000	,-1.000000	,14.500000	,-5.000000	,-29.000000	,-18.500000	,-10.500000	,6.500000	,-3.500000	,-80.500000	,-161.000000	,-153.500000	,-197.500000	,-89.000000	,-35.500000	,-17.500000	,14.500000	,30.000000	,-6.500000	,-5.000000	,-3.500000	,1.000000	,15.500000	,16.500000	,-17.500000	,-2.000000	,-15.000000	,-1.000000	,3.000000	,-60.500000	,-281.500000	,-421.500000	,-296.500000	,-53.500000	,21.500000	,9.500000	,-3.000000	,-3.000000	,-5.500000	,19.500000	,19.000000	,-5.000000	,-12.000000	,1.000000	,-1.500000	,3.000000	,4.000000	,10.000000	,12.500000	,-6.000000	,-2.000000	,10.000000	,-20.000000	,-9.000000	,-6.000000	,11.000000	,8.000000	,-9.500000	,-12.000000	,10.500000	,-4.500000	,7.500000	,14.000000	,0.500000	,0.000000	,16.500000	,10.500000	,-1.000000	,7.000000	,4.500000	,-3.500000	,0.000000	,9.000000	,16.500000	,5.000000	,2.500000	,8.000000	,-3.500000	,-7.000000	,6.500000	,4.500000	,-19.500000	,-6.500000	,-2.500000	,3.000000	,-16.500000	,-31.500000	,-23.000000	,2.500000	,-3.500000	,-5.500000	,65.000000	,207.500000	,96.500000	,-90.000000	,-209.500000	,-281.500000	,-282.500000	,-290.500000	,-264.000000	,-62.000000	,3.000000	,25.500000	,22.500000	,-20.000000	,-32.500000	,6.500000	,36.000000	,2.500000	,21.000000	,17.500000	,-9.000000	,5.000000	,9.500000	,-16.000000	,-11.000000	,32.000000	,17.000000	,-11.500000	,7.500000	,-8.500000	,-11.500000	,-11.000000	,-10.500000	,-7.000000	,18.000000	,12.500000	,1.500000	,20.000000	,-1.500000	,3.000000	,6.500000	,-22.000000	,-3.000000	,4.000000	,32.500000	,15.000000	,-10.000000	,-7.000000	,-22.500000	,-7.000000	,-11.500000	,-5.500000	,21.000000	,-20.000000	,-23.500000	,-3.000000	,25.000000	,51.000000	,-5.500000	,-18.500000	,-22.000000	,-10.500000	,22.500000	,88.000000	,132.000000	,160.000000	,197.000000	,261.000000	,271.000000	,279.500000	,282.000000	,291.000000	,278.000000	,267.500000	,222.500000	,147.500000	,96.000000	,88.500000	,39.000000	,3.500000	,-14.500000	,-86.000000	,-296.500000	,-171.000000	,2.000000	,20.500000	,-7.500000	,-30.500000	,-13.000000	,-1.500000	,193.000000	,
-182.500000	,5.500000	,8.000000	,3.000000	,-8.500000	,3.000000	,7.500000	,38.500000	,103.500000	,88.000000	,-12.500000	,-45.000000	,-4.500000	,0.500000	,-7.500000	,-19.500000	,-16.500000	,-26.500000	,-6.500000	,2.000000	,-12.500000	,2.500000	,-9.000000	,-8.000000	,22.500000	,5.500000	,-7.500000	,11.000000	,-4.500000	,-9.500000	,-6.500000	,-5.000000	,-1.500000	,2.000000	,-8.000000	,-9.000000	,-6.500000	,8.500000	,11.500000	,0.000000	,18.500000	,16.500000	,-2.500000	,3.500000	,9.500000	,-2.500000	,4.500000	,37.000000	,30.500000	,2.000000	,-2.000000	,8.500000	,1.000000	,-9.000000	,1.500000	,6.000000	,4.500000	,1.000000	,-16.500000	,-3.000000	,-17.500000	,14.000000	,20.000000	,-24.000000	,-79.000000	,-157.000000	,-174.500000	,-219.500000	,-177.000000	,-109.000000	,-50.000000	,-22.500000	,-2.500000	,-3.000000	,7.000000	,-8.500000	,-11.500000	,-25.000000	,-13.000000	,-23.500000	,-8.500000	,-24.500000	,-22.000000	,20.500000	,9.500000	,22.500000	,31.000000	,29.500000	,-72.000000	,-322.000000	,-397.000000	,-227.500000	,-19.000000	,1.000000	,-4.000000	,0.000000	,-0.500000	,10.500000	,11.500000	,0.000000	,-3.000000	,2.000000	,3.000000	,0.000000	,11.000000	,9.000000	,8.500000	,-9.000000	,28.500000	,24.000000	,3.000000	,2.500000	,1.500000	,9.500000	,9.500000	,-5.000000	,-1.000000	,10.500000	,-4.500000	,2.000000	,7.000000	,3.000000	,2.500000	,0.000000	,-13.500000	,7.000000	,25.000000	,10.000000	,4.000000	,2.000000	,3.000000	,-6.000000	,-13.500000	,4.000000	,24.000000	,9.000000	,-8.000000	,6.000000	,8.000000	,-18.500000	,-23.000000	,-7.000000	,29.500000	,19.500000	,0.000000	,-10.500000	,11.000000	,3.000000	,38.500000	,69.500000	,38.000000	,55.000000	,-1.500000	,-23.500000	,-67.000000	,-95.000000	,-255.000000	,-342.000000	,-257.500000	,-235.000000	,-192.000000	,-91.000000	,8.500000	,-13.000000	,-7.000000	,-16.000000	,4.500000	,15.000000	,-0.500000	,-1.000000	,28.500000	,20.500000	,-3.500000	,-7.000000	,13.000000	,11.500000	,-16.000000	,-3.500000	,0.000000	,23.500000	,2.500000	,-44.000000	,-19.500000	,41.000000	,16.000000	,6.500000	,9.500000	,-18.500000	,-16.000000	,6.500000	,8.500000	,1.500000	,14.500000	,38.000000	,7.000000	,7.000000	,-8.000000	,-40.500000	,-6.000000	,-21.000000	,-2.000000	,3.500000	,-25.500000	,6.000000	,-3.500000	,-10.500000	,21.500000	,-9.500000	,8.000000	,-10.500000	,-13.000000	,-26.500000	,-25.000000	,-9.000000	,-15.500000	,6.000000	,48.000000	,91.500000	,147.000000	,177.500000	,204.500000	,230.000000	,269.000000	,272.500000	,272.500000	,301.500000	,281.000000	,284.000000	,248.000000	,190.500000	,19.500000	,-214.000000	,-100.000000	,-14.500000	,12.000000	,7.000000	,-2.500000	,-3.000000	,0.000000	,184.000000	,
-192.000000	,11.000000	,18.500000	,14.000000	,6.000000	,-7.000000	,-2.500000	,-4.500000	,71.000000	,100.500000	,21.000000	,-1.000000	,-7.500000	,26.000000	,20.500000	,9.500000	,7.500000	,-11.000000	,-14.000000	,4.000000	,-3.500000	,-4.000000	,3.500000	,-6.500000	,4.500000	,-34.000000	,-46.000000	,-6.500000	,-5.000000	,-5.000000	,8.500000	,-9.000000	,9.000000	,15.500000	,-23.500000	,-20.500000	,-0.500000	,11.500000	,-6.000000	,-11.000000	,10.000000	,28.000000	,-9.000000	,-21.000000	,9.000000	,16.500000	,-13.500000	,-10.000000	,-3.500000	,2.500000	,-31.500000	,-6.000000	,35.000000	,28.000000	,19.500000	,28.500000	,40.000000	,2.500000	,-8.500000	,-11.500000	,-32.000000	,-13.000000	,-76.500000	,-106.000000	,-113.500000	,-199.500000	,-88.000000	,-50.500000	,-43.500000	,-6.000000	,12.500000	,-28.500000	,-7.500000	,1.000000	,18.500000	,15.500000	,29.000000	,-0.500000	,-2.000000	,-5.500000	,-3.000000	,-15.000000	,-18.000000	,-15.000000	,-13.000000	,12.500000	,0.500000	,5.500000	,15.500000	,-166.500000	,-306.000000	,-195.500000	,-52.000000	,-7.500000	,-11.000000	,3.500000	,-1.000000	,-2.000000	,14.000000	,6.000000	,-4.500000	,-5.000000	,5.000000	,-5.500000	,-13.000000	,8.000000	,14.000000	,-9.500000	,3.500000	,6.000000	,3.500000	,7.500000	,0.500000	,-1.000000	,12.000000	,1.500000	,2.000000	,-2.000000	,-18.000000	,-13.000000	,-11.000000	,-7.000000	,5.500000	,-9.000000	,-11.000000	,-3.500000	,0.000000	,-6.000000	,-12.000000	,-0.500000	,10.000000	,-2.500000	,-10.000000	,-0.500000	,0.500000	,7.000000	,-2.000000	,9.000000	,18.000000	,7.000000	,0.500000	,10.000000	,20.500000	,30.500000	,8.500000	,-5.500000	,-11.000000	,14.000000	,116.000000	,39.000000	,-16.000000	,28.000000	,15.000000	,6.000000	,5.500000	,34.500000	,-87.000000	,-213.000000	,-245.500000	,-284.000000	,-332.500000	,-251.500000	,-84.000000	,-39.500000	,-40.000000	,-16.000000	,-15.000000	,19.000000	,-9.500000	,-10.000000	,9.000000	,-3.500000	,12.500000	,-5.000000	,-1.500000	,12.000000	,13.500000	,-6.500000	,3.000000	,30.500000	,33.000000	,-25.000000	,-36.000000	,-3.500000	,-15.000000	,-20.500000	,14.500000	,4.000000	,-5.500000	,0.000000	,7.500000	,-33.000000	,-2.000000	,20.000000	,0.500000	,29.000000	,15.000000	,-7.500000	,-8.500000	,-13.500000	,17.000000	,7.500000	,-23.500000	,-5.500000	,4.500000	,-11.000000	,-16.000000	,-15.500000	,-18.000000	,-16.500000	,-16.500000	,-8.500000	,-3.500000	,15.000000	,-11.500000	,-0.500000	,10.500000	,8.500000	,-1.000000	,-12.000000	,-25.000000	,-16.000000	,21.500000	,61.000000	,122.500000	,179.500000	,190.500000	,242.500000	,265.000000	,275.500000	,117.500000	,-68.500000	,-25.000000	,-1.000000	,7.500000	,8.000000	,-24.500000	,-21.500000	,-13.000000	,180.500000	,
-197.000000	,-7.000000	,-3.000000	,-0.500000	,1.000000	,-10.000000	,-5.000000	,3.000000	,66.000000	,106.000000	,49.500000	,1.000000	,-23.500000	,-7.500000	,10.500000	,17.000000	,-3.000000	,2.500000	,-7.500000	,-6.000000	,-6.000000	,6.000000	,1.500000	,-18.500000	,9.000000	,9.000000	,-13.500000	,-13.500000	,3.000000	,-4.500000	,-4.000000	,-23.500000	,-28.000000	,0.000000	,-29.000000	,-51.500000	,-25.000000	,2.500000	,-14.000000	,-28.000000	,11.000000	,38.000000	,16.500000	,-11.500000	,-5.500000	,-1.000000	,-4.500000	,-13.500000	,-5.000000	,-2.500000	,-9.500000	,-18.500000	,6.500000	,14.000000	,6.500000	,5.000000	,34.500000	,3.500000	,-45.500000	,-99.500000	,-206.500000	,-212.500000	,-172.000000	,-124.000000	,-15.500000	,10.500000	,7.000000	,-2.500000	,-25.500000	,-11.000000	,21.000000	,14.000000	,-2.500000	,22.000000	,35.500000	,26.500000	,8.500000	,10.000000	,16.000000	,14.500000	,21.500000	,17.500000	,-12.000000	,-7.500000	,-4.500000	,-4.000000	,-9.500000	,26.000000	,35.000000	,55.000000	,-20.000000	,-99.000000	,-68.000000	,-16.000000	,-9.000000	,-2.500000	,-7.000000	,-1.500000	,0.000000	,-5.500000	,-17.000000	,-1.500000	,2.500000	,-13.000000	,-23.500000	,-2.500000	,5.000000	,-7.000000	,3.000000	,-1.500000	,-6.000000	,-2.500000	,-18.500000	,-15.500000	,-8.500000	,0.000000	,4.000000	,5.500000	,0.500000	,-3.000000	,-10.000000	,3.500000	,24.500000	,14.500000	,4.000000	,0.000000	,2.000000	,-11.500000	,-12.500000	,1.000000	,11.500000	,-2.000000	,-3.500000	,-3.000000	,2.500000	,11.500000	,1.000000	,4.000000	,9.000000	,2.000000	,5.000000	,5.000000	,2.500000	,12.000000	,14.500000	,0.000000	,-3.000000	,70.000000	,185.000000	,15.500000	,-30.000000	,-31.500000	,-11.000000	,-5.500000	,-4.500000	,-15.000000	,-12.500000	,5.500000	,-2.000000	,-34.000000	,-219.000000	,-314.500000	,-273.500000	,-225.000000	,-232.000000	,-154.500000	,0.500000	,17.500000	,-1.000000	,-16.000000	,-5.000000	,4.500000	,20.500000	,-13.000000	,-25.500000	,15.500000	,38.500000	,6.000000	,-10.500000	,22.500000	,36.500000	,-8.500000	,-31.500000	,-5.000000	,-3.500000	,-13.000000	,-14.500000	,-5.500000	,-17.000000	,6.500000	,0.500000	,-32.000000	,3.000000	,7.000000	,-8.000000	,30.000000	,42.000000	,18.500000	,-2.500000	,-14.000000	,18.000000	,18.000000	,-24.500000	,-13.000000	,-27.000000	,1.500000	,22.500000	,25.000000	,6.500000	,-7.500000	,-8.000000	,1.500000	,21.000000	,14.000000	,-21.000000	,-29.500000	,-17.000000	,-2.500000	,-13.500000	,26.500000	,29.500000	,-1.000000	,0.000000	,-37.500000	,-37.500000	,-20.500000	,-25.000000	,15.500000	,41.500000	,100.000000	,27.000000	,-54.500000	,22.000000	,9.000000	,-1.500000	,-1.000000	,-13.000000	,-28.000000	,14.500000	,189.000000	,
-197.000000	,-11.500000	,-5.000000	,1.500000	,9.000000	,-3.000000	,4.000000	,-1.500000	,40.500000	,72.500000	,42.500000	,-15.000000	,-24.000000	,-35.000000	,-5.500000	,-7.500000	,-11.500000	,12.000000	,12.000000	,11.500000	,-8.500000	,6.500000	,9.000000	,-3.000000	,1.500000	,5.000000	,-9.500000	,-20.000000	,5.500000	,22.500000	,18.500000	,-17.500000	,-16.500000	,16.500000	,-4.000000	,-34.000000	,-38.500000	,11.500000	,10.000000	,-9.000000	,4.500000	,25.000000	,10.000000	,-21.500000	,-15.000000	,19.000000	,38.000000	,14.500000	,15.000000	,23.000000	,-3.000000	,-23.000000	,1.500000	,0.500000	,2.500000	,-13.500000	,10.500000	,-124.500000	,-169.500000	,-165.000000	,-164.500000	,-113.000000	,-59.500000	,-17.500000	,-4.000000	,1.500000	,-9.000000	,24.000000	,-13.500000	,1.500000	,27.500000	,15.500000	,-27.500000	,-32.000000	,7.500000	,-11.000000	,-34.000000	,-3.500000	,14.000000	,15.000000	,7.000000	,10.500000	,4.000000	,-0.500000	,3.000000	,-13.500000	,3.000000	,54.500000	,101.500000	,80.000000	,9.000000	,-81.500000	,-111.000000	,-57.500000	,-9.500000	,2.000000	,-2.000000	,0.000000	,9.000000	,5.000000	,-5.500000	,6.000000	,17.500000	,10.500000	,-4.000000	,5.500000	,2.500000	,-12.500000	,-5.000000	,-4.000000	,5.000000	,4.500000	,-9.000000	,-6.500000	,-4.500000	,11.000000	,22.000000	,7.500000	,6.000000	,6.500000	,-3.500000	,5.000000	,3.500000	,0.500000	,-3.000000	,-2.000000	,7.000000	,-21.000000	,-14.500000	,-0.500000	,-5.000000	,-6.500000	,-13.000000	,0.000000	,-2.000000	,4.000000	,2.500000	,2.000000	,-9.500000	,-9.500000	,3.000000	,-2.500000	,-9.000000	,-9.500000	,-18.000000	,-36.500000	,-45.000000	,56.500000	,63.000000	,33.500000	,8.000000	,2.000000	,-6.000000	,17.000000	,31.500000	,5.000000	,-13.500000	,-8.000000	,10.000000	,18.500000	,-76.000000	,-162.000000	,-172.500000	,-181.500000	,-273.000000	,-273.500000	,-180.500000	,-103.000000	,-37.500000	,5.000000	,-1.500000	,-0.500000	,-5.000000	,0.500000	,-37.500000	,-8.000000	,32.000000	,8.000000	,12.000000	,0.500000	,21.000000	,17.000000	,-24.500000	,-11.500000	,10.000000	,9.000000	,-6.500000	,-6.000000	,-8.500000	,3.000000	,0.500000	,-20.000000	,15.000000	,-1.500000	,-9.000000	,-6.500000	,4.500000	,18.000000	,-3.000000	,-37.500000	,-10.500000	,18.000000	,1.500000	,4.500000	,-8.000000	,-26.000000	,21.500000	,38.500000	,21.500000	,10.000000	,10.500000	,-1.000000	,3.500000	,9.000000	,2.000000	,4.000000	,-1.000000	,-7.500000	,-22.500000	,6.000000	,25.500000	,23.000000	,6.500000	,-14.500000	,-25.500000	,-2.500000	,3.000000	,18.000000	,-14.500000	,2.500000	,-55.000000	,-59.500000	,12.500000	,9.000000	,14.000000	,19.000000	,3.500000	,-22.500000	,18.000000	,195.500000	,
-181.500000	,1.000000	,2.500000	,-1.000000	,-0.500000	,-3.000000	,-6.500000	,-5.500000	,19.500000	,84.500000	,60.000000	,-5.500000	,22.000000	,-1.500000	,3.000000	,9.500000	,1.500000	,9.000000	,28.000000	,-8.000000	,-22.000000	,1.000000	,19.500000	,2.500000	,27.500000	,31.500000	,1.500000	,-25.000000	,-10.500000	,24.000000	,58.500000	,40.000000	,14.500000	,37.500000	,56.500000	,27.500000	,-9.500000	,15.500000	,5.500000	,-19.000000	,-25.500000	,-12.500000	,-25.500000	,-34.000000	,-5.000000	,-23.000000	,-22.000000	,-12.500000	,-9.500000	,6.500000	,12.000000	,8.000000	,-27.000000	,-59.500000	,-112.000000	,-206.500000	,-86.500000	,-130.000000	,-102.000000	,11.000000	,12.000000	,14.000000	,28.500000	,0.500000	,-4.000000	,8.500000	,-13.500000	,12.000000	,-17.500000	,-11.500000	,-2.000000	,15.000000	,-42.500000	,-44.000000	,-11.000000	,7.000000	,-9.000000	,-25.000000	,11.500000	,12.500000	,20.000000	,4.000000	,-16.500000	,-2.000000	,7.000000	,0.000000	,76.000000	,72.000000	,12.500000	,11.500000	,8.000000	,-38.500000	,-105.000000	,-80.000000	,-20.000000	,3.500000	,1.000000	,1.000000	,16.000000	,7.500000	,0.000000	,8.500000	,11.000000	,19.500000	,9.500000	,0.500000	,-8.000000	,-10.500000	,-6.500000	,-18.500000	,1.500000	,14.500000	,15.000000	,9.500000	,0.500000	,6.000000	,6.000000	,2.500000	,0.000000	,0.500000	,2.000000	,-3.000000	,-4.500000	,-2.000000	,-1.000000	,11.500000	,15.500000	,-17.500000	,-18.500000	,6.500000	,2.500000	,-4.000000	,-12.000000	,1.000000	,2.000000	,12.500000	,10.500000	,7.000000	,-5.500000	,-1.500000	,0.000000	,-9.000000	,5.000000	,17.000000	,1.500000	,9.000000	,86.500000	,152.500000	,13.500000	,5.000000	,25.500000	,19.000000	,-5.500000	,10.500000	,52.500000	,17.000000	,-11.000000	,-13.500000	,12.500000	,18.500000	,3.500000	,-10.500000	,6.500000	,8.000000	,-178.000000	,-275.500000	,-300.500000	,-283.000000	,-178.500000	,-49.500000	,-13.000000	,11.000000	,0.500000	,0.500000	,-24.500000	,-3.500000	,7.500000	,-4.000000	,12.500000	,7.500000	,13.500000	,2.000000	,-13.500000	,-18.500000	,22.500000	,47.500000	,9.000000	,-9.000000	,1.000000	,3.000000	,-12.000000	,-9.000000	,8.000000	,-0.500000	,4.000000	,0.000000	,-25.000000	,0.500000	,11.500000	,9.000000	,12.500000	,-10.500000	,-3.000000	,46.500000	,36.000000	,-21.500000	,13.000000	,23.500000	,4.500000	,20.500000	,-3.500000	,-25.500000	,-5.500000	,-9.000000	,33.000000	,26.500000	,12.000000	,-7.500000	,-41.000000	,-12.500000	,4.000000	,3.000000	,15.000000	,23.000000	,21.000000	,8.500000	,11.000000	,12.000000	,-20.500000	,-10.500000	,-72.000000	,-61.500000	,8.000000	,16.000000	,12.500000	,30.000000	,9.500000	,-4.500000	,12.000000	,191.000000	,
-182.000000	,-13.500000	,-14.500000	,-5.000000	,7.000000	,6.000000	,-1.500000	,-16.500000	,19.500000	,93.500000	,84.500000	,7.000000	,8.000000	,12.500000	,-9.000000	,1.500000	,-6.000000	,-6.000000	,15.000000	,9.000000	,1.500000	,6.000000	,22.000000	,18.500000	,55.000000	,33.500000	,9.500000	,-4.500000	,-9.000000	,8.500000	,45.000000	,29.500000	,15.000000	,-7.000000	,21.500000	,11.500000	,-20.000000	,-18.000000	,2.000000	,16.000000	,-6.000000	,-1.500000	,-6.000000	,1.500000	,-1.500000	,-1.000000	,2.500000	,10.500000	,18.000000	,-5.500000	,-96.500000	,-168.000000	,-149.500000	,-152.500000	,-211.500000	,-163.000000	,-6.000000	,10.000000	,16.500000	,30.500000	,19.000000	,7.500000	,25.000000	,10.500000	,13.500000	,-7.500000	,14.000000	,19.500000	,-3.000000	,-19.000000	,14.000000	,53.500000	,11.000000	,-21.500000	,-2.500000	,5.500000	,4.000000	,-27.000000	,-3.000000	,3.500000	,20.500000	,19.000000	,-11.500000	,1.000000	,30.500000	,89.500000	,92.500000	,-6.500000	,-3.500000	,-6.000000	,17.500000	,2.000000	,-58.500000	,-97.500000	,-86.500000	,-50.000000	,-1.500000	,-7.000000	,-11.000000	,-8.000000	,-15.500000	,-22.000000	,-25.500000	,-6.000000	,-7.000000	,8.000000	,0.000000	,2.500000	,10.000000	,-9.500000	,-15.000000	,-3.500000	,3.000000	,-3.500000	,-10.000000	,0.000000	,3.000000	,-7.000000	,-11.500000	,-0.500000	,-1.000000	,-3.000000	,-15.000000	,-1.000000	,-9.500000	,14.500000	,29.500000	,3.500000	,2.500000	,2.000000	,13.500000	,0.500000	,-11.000000	,2.500000	,0.000000	,1.000000	,11.500000	,4.500000	,-13.500000	,-3.500000	,9.000000	,0.000000	,16.500000	,39.000000	,47.000000	,65.500000	,239.000000	,294.000000	,191.000000	,79.000000	,-0.500000	,-7.000000	,-43.500000	,-11.500000	,12.000000	,9.500000	,12.500000	,7.500000	,9.000000	,9.500000	,-6.000000	,-19.000000	,-20.000000	,-6.500000	,-24.000000	,-85.500000	,-125.500000	,-248.000000	,-301.000000	,-263.000000	,-205.000000	,-155.500000	,-71.500000	,20.000000	,4.000000	,15.500000	,-7.000000	,-25.000000	,-10.500000	,-13.500000	,27.500000	,29.500000	,-11.500000	,-29.500000	,-8.500000	,6.000000	,2.500000	,-0.500000	,1.000000	,32.000000	,1.500000	,-1.000000	,-3.500000	,-13.000000	,1.000000	,11.000000	,-16.000000	,-12.500000	,4.000000	,-5.000000	,23.500000	,7.000000	,-23.000000	,20.500000	,4.500000	,-33.500000	,-14.000000	,7.500000	,-18.000000	,-18.000000	,-20.500000	,-12.000000	,-12.500000	,-35.500000	,1.000000	,-5.000000	,14.000000	,3.500000	,-4.500000	,-13.000000	,-20.500000	,-14.500000	,20.000000	,24.000000	,1.500000	,6.500000	,21.000000	,6.000000	,11.000000	,-20.500000	,-76.500000	,-44.000000	,-15.500000	,-7.000000	,-8.000000	,19.000000	,7.000000	,-5.500000	,-3.500000	,181.000000	,
-183.500000	,-2.500000	,-6.500000	,0.500000	,5.500000	,9.000000	,2.000000	,-1.500000	,3.000000	,77.000000	,73.500000	,-11.000000	,8.500000	,2.000000	,-2.500000	,-6.500000	,-15.000000	,17.000000	,30.500000	,26.500000	,-8.500000	,9.500000	,7.000000	,-31.500000	,25.000000	,20.500000	,-2.500000	,-5.500000	,-25.000000	,-16.000000	,3.500000	,-21.500000	,0.000000	,-30.500000	,-9.500000	,10.000000	,-24.500000	,-17.000000	,7.500000	,22.500000	,12.000000	,4.500000	,6.500000	,2.500000	,9.000000	,6.000000	,13.000000	,-26.500000	,-49.000000	,-114.500000	,-212.500000	,-179.500000	,-135.500000	,-15.500000	,-25.500000	,-14.500000	,20.500000	,-8.000000	,4.000000	,17.500000	,-1.000000	,-22.500000	,20.500000	,11.500000	,5.500000	,-10.000000	,15.000000	,8.000000	,28.500000	,-9.000000	,17.000000	,17.000000	,26.000000	,26.000000	,-6.500000	,16.000000	,-10.000000	,-12.500000	,-4.000000	,-8.500000	,12.500000	,20.500000	,9.000000	,54.500000	,96.500000	,31.500000	,3.000000	,5.500000	,24.000000	,11.500000	,20.000000	,20.500000	,-46.500000	,-73.500000	,-102.500000	,-113.500000	,-51.500000	,-41.000000	,0.000000	,-1.000000	,-2.000000	,-3.500000	,-7.000000	,1.000000	,3.500000	,16.500000	,2.500000	,5.500000	,25.500000	,15.000000	,-4.500000	,-11.500000	,-13.000000	,0.000000	,-9.000000	,-3.500000	,8.500000	,-11.500000	,-26.000000	,0.000000	,3.500000	,5.000000	,-1.000000	,0.500000	,-4.500000	,2.000000	,19.500000	,8.500000	,2.500000	,-1.000000	,12.500000	,4.000000	,-6.000000	,-3.500000	,-5.000000	,-1.000000	,4.500000	,6.000000	,-4.500000	,3.500000	,-2.000000	,-4.500000	,-9.000000	,-7.000000	,38.500000	,-23.500000	,92.000000	,229.000000	,306.500000	,228.500000	,69.000000	,-4.000000	,-25.000000	,3.000000	,19.500000	,2.500000	,16.000000	,-17.000000	,-5.000000	,12.500000	,-0.500000	,6.000000	,-8.000000	,15.000000	,20.000000	,15.000000	,6.500000	,-127.500000	,-226.500000	,-242.500000	,-257.500000	,-272.500000	,-193.500000	,-94.000000	,-51.000000	,-3.500000	,18.000000	,-9.000000	,-39.000000	,-16.000000	,37.000000	,20.500000	,-2.500000	,-5.000000	,-1.000000	,6.000000	,13.500000	,2.500000	,-7.500000	,20.000000	,-2.000000	,6.500000	,-9.500000	,-5.000000	,-3.000000	,19.500000	,23.000000	,7.000000	,-17.000000	,-15.500000	,5.000000	,-8.000000	,-31.500000	,-23.500000	,-12.000000	,-9.500000	,8.500000	,14.500000	,11.000000	,28.000000	,-18.500000	,4.000000	,-15.000000	,-5.500000	,17.500000	,2.000000	,-2.500000	,-5.000000	,3.500000	,-8.500000	,-8.500000	,-17.500000	,-13.000000	,10.500000	,0.500000	,-11.500000	,7.000000	,15.000000	,7.500000	,-15.000000	,-48.000000	,-8.000000	,-4.500000	,-2.500000	,-12.000000	,6.000000	,2.500000	,-1.000000	,1.500000	,188.000000	,
-169.000000	,13.000000	,-0.500000	,0.000000	,0.000000	,18.500000	,12.000000	,8.000000	,2.500000	,73.500000	,84.000000	,22.000000	,-14.500000	,6.500000	,-8.000000	,-16.500000	,-14.500000	,11.500000	,10.000000	,20.000000	,3.500000	,0.000000	,-40.000000	,-37.000000	,8.500000	,8.000000	,-10.500000	,-15.000000	,-33.000000	,13.000000	,18.000000	,1.000000	,24.000000	,15.500000	,23.500000	,17.000000	,-7.500000	,-7.500000	,-28.500000	,8.500000	,9.500000	,-17.500000	,-9.500000	,2.500000	,-28.500000	,-135.500000	,-155.000000	,-205.500000	,-145.000000	,-29.000000	,-86.500000	,-56.000000	,-18.000000	,31.500000	,4.000000	,5.000000	,-14.500000	,-27.000000	,-12.000000	,20.000000	,-13.000000	,-5.000000	,19.500000	,20.500000	,-4.500000	,-16.500000	,-16.500000	,-8.000000	,-9.500000	,-17.000000	,-12.500000	,0.000000	,-9.500000	,8.500000	,12.000000	,15.000000	,-16.000000	,-9.500000	,-14.000000	,-19.500000	,13.000000	,56.000000	,72.000000	,79.500000	,28.000000	,-9.500000	,9.500000	,5.500000	,13.000000	,-7.500000	,6.000000	,21.500000	,-27.500000	,9.000000	,-48.500000	,-89.500000	,-81.500000	,-104.500000	,-85.500000	,12.000000	,26.500000	,13.000000	,6.000000	,-1.000000	,6.000000	,11.500000	,1.500000	,-10.500000	,6.000000	,9.000000	,4.500000	,0.000000	,1.000000	,9.000000	,0.000000	,5.000000	,22.500000	,-7.500000	,-5.500000	,1.000000	,9.000000	,4.500000	,1.000000	,1.500000	,-5.500000	,2.000000	,-5.500000	,-13.500000	,-2.500000	,1.500000	,11.000000	,4.000000	,2.000000	,-4.000000	,-2.500000	,-2.000000	,6.000000	,8.500000	,1.500000	,-7.500000	,-7.500000	,10.500000	,-3.500000	,20.500000	,45.000000	,10.000000	,13.000000	,37.500000	,234.000000	,314.000000	,212.000000	,42.500000	,16.000000	,25.000000	,24.000000	,-16.500000	,-28.500000	,-24.000000	,5.500000	,-20.500000	,-18.000000	,5.000000	,-14.500000	,-1.000000	,4.500000	,-10.500000	,26.500000	,25.500000	,0.500000	,-6.000000	,-94.500000	,-239.500000	,-291.000000	,-294.500000	,-298.500000	,-197.000000	,-3.000000	,43.000000	,-9.000000	,-16.500000	,6.000000	,7.000000	,-1.500000	,23.000000	,17.500000	,-12.500000	,15.500000	,-1.500000	,-12.500000	,-8.000000	,2.500000	,8.500000	,4.500000	,4.000000	,4.000000	,13.000000	,3.000000	,12.000000	,-3.000000	,-0.500000	,4.500000	,7.000000	,18.500000	,-2.500000	,16.000000	,-7.000000	,-8.000000	,-12.500000	,26.000000	,25.500000	,10.500000	,9.000000	,-21.000000	,-1.000000	,-7.500000	,-19.000000	,-8.000000	,-17.500000	,-2.000000	,7.000000	,-9.000000	,7.500000	,28.500000	,17.500000	,-3.500000	,-11.500000	,1.500000	,11.000000	,-1.500000	,-53.000000	,-55.000000	,-9.500000	,17.500000	,9.000000	,1.500000	,15.000000	,5.500000	,-8.500000	,4.000000	,187.500000	,
-184.000000	,8.000000	,3.000000	,9.000000	,2.000000	,-7.000000	,1.000000	,-2.000000	,-5.000000	,64.500000	,102.000000	,55.500000	,-18.000000	,14.000000	,-5.500000	,-30.000000	,-24.000000	,6.000000	,-5.500000	,-21.500000	,-7.000000	,16.000000	,-15.000000	,-10.500000	,-3.000000	,-9.000000	,29.000000	,-7.500000	,-33.000000	,29.500000	,19.500000	,10.500000	,12.000000	,8.500000	,28.500000	,22.000000	,8.500000	,21.000000	,16.000000	,23.500000	,3.000000	,1.500000	,-37.500000	,4.000000	,-130.000000	,-191.500000	,-147.500000	,-142.000000	,-59.500000	,-32.500000	,-14.000000	,-8.000000	,-29.000000	,-24.000000	,-20.500000	,1.500000	,2.000000	,-6.000000	,11.000000	,20.000000	,-16.500000	,-32.000000	,-19.000000	,7.000000	,-16.000000	,6.000000	,-3.500000	,-6.000000	,-13.000000	,1.000000	,22.500000	,-7.000000	,7.000000	,1.500000	,9.000000	,5.500000	,17.000000	,0.000000	,-18.000000	,-3.500000	,41.500000	,101.500000	,57.500000	,42.500000	,9.000000	,-17.500000	,-21.500000	,-36.000000	,-45.000000	,-62.000000	,13.500000	,22.000000	,-23.500000	,45.000000	,16.500000	,-37.500000	,-92.000000	,-297.000000	,-281.000000	,-51.000000	,-16.000000	,1.000000	,-12.000000	,-16.000000	,-3.000000	,-3.000000	,3.000000	,-6.000000	,-1.000000	,0.000000	,5.500000	,-14.500000	,-11.000000	,8.000000	,4.000000	,-3.000000	,8.000000	,7.000000	,3.000000	,0.000000	,-7.500000	,-21.500000	,-19.000000	,-11.500000	,-6.500000	,7.000000	,-10.000000	,-31.000000	,-8.000000	,-8.000000	,-1.500000	,-3.500000	,5.500000	,1.500000	,-2.000000	,1.000000	,0.000000	,-0.500000	,-6.500000	,-10.500000	,0.500000	,11.000000	,-25.000000	,24.500000	,43.000000	,29.000000	,20.500000	,-18.000000	,91.000000	,260.500000	,272.500000	,229.000000	,98.000000	,-28.000000	,-10.000000	,-1.000000	,-23.000000	,-28.500000	,-24.000000	,-22.000000	,5.500000	,17.000000	,4.000000	,-2.500000	,-25.500000	,-4.000000	,29.500000	,37.500000	,22.000000	,23.000000	,-28.500000	,-107.500000	,-136.500000	,-186.500000	,-295.500000	,-324.500000	,-225.000000	,-151.000000	,-135.000000	,-71.500000	,-6.500000	,-7.000000	,-3.000000	,11.000000	,6.000000	,-25.000000	,10.500000	,-13.500000	,1.500000	,-22.000000	,-9.500000	,-13.500000	,-13.000000	,-31.500000	,-6.500000	,-23.500000	,-14.500000	,-19.000000	,4.500000	,5.500000	,-2.000000	,40.000000	,43.500000	,10.000000	,10.000000	,-1.000000	,-25.000000	,-52.000000	,-9.000000	,21.000000	,-1.000000	,-18.500000	,-34.500000	,8.500000	,-14.000000	,-13.500000	,10.000000	,-11.000000	,-7.500000	,-6.000000	,-25.000000	,-6.000000	,6.000000	,7.500000	,10.000000	,-2.500000	,-1.000000	,-15.000000	,-16.000000	,-67.000000	,-53.500000	,-2.000000	,-9.500000	,-25.000000	,0.000000	,9.000000	,1.000000	,-19.500000	,-15.500000	,188.500000	,
-188.000000	,2.500000	,1.000000	,3.000000	,0.000000	,-8.000000	,-5.000000	,-5.000000	,-14.000000	,15.000000	,103.500000	,61.500000	,-3.000000	,42.500000	,12.000000	,-26.500000	,-26.000000	,23.000000	,4.500000	,-28.500000	,17.000000	,20.000000	,12.000000	,31.000000	,-3.500000	,-15.500000	,23.000000	,-7.500000	,-16.000000	,-7.500000	,1.500000	,1.000000	,-25.500000	,-20.500000	,7.000000	,4.000000	,14.500000	,18.000000	,5.000000	,-48.500000	,-103.000000	,-126.500000	,-224.000000	,-89.500000	,-99.000000	,-58.500000	,23.500000	,22.500000	,23.000000	,-7.000000	,8.500000	,26.000000	,-2.000000	,-5.000000	,22.000000	,-1.000000	,-17.000000	,-17.500000	,9.500000	,38.000000	,14.500000	,-13.000000	,-12.000000	,1.500000	,-19.000000	,-20.000000	,-4.000000	,22.000000	,6.500000	,5.500000	,21.000000	,13.000000	,22.000000	,29.500000	,17.000000	,-10.500000	,-6.500000	,4.000000	,6.500000	,65.500000	,67.500000	,-6.000000	,3.500000	,37.000000	,7.000000	,-8.500000	,25.000000	,27.500000	,-17.000000	,-35.000000	,33.000000	,-11.000000	,-26.500000	,38.500000	,27.500000	,9.500000	,8.500000	,-313.500000	,-393.500000	,-321.000000	,-160.500000	,5.000000	,-16.500000	,-14.000000	,-4.000000	,-3.500000	,12.000000	,1.000000	,3.000000	,11.500000	,-6.000000	,-28.000000	,-12.000000	,-16.500000	,-5.000000	,-2.000000	,-3.000000	,-1.000000	,2.000000	,2.500000	,2.000000	,-5.000000	,-1.000000	,-7.000000	,-1.500000	,24.500000	,13.500000	,-10.500000	,-4.500000	,-6.000000	,2.000000	,1.000000	,-1.500000	,-2.500000	,-3.500000	,-5.000000	,1.500000	,9.500000	,-2.000000	,-14.500000	,-19.500000	,-33.000000	,-41.500000	,7.500000	,-6.500000	,18.000000	,-9.500000	,-20.000000	,19.000000	,123.000000	,196.000000	,306.500000	,272.500000	,133.500000	,58.000000	,19.500000	,-9.500000	,-14.000000	,5.500000	,17.000000	,35.000000	,11.000000	,-7.000000	,20.500000	,1.000000	,-26.000000	,-47.000000	,-44.500000	,-21.500000	,26.500000	,7.000000	,22.000000	,46.500000	,32.000000	,-105.500000	,-228.000000	,-274.500000	,-277.500000	,-272.500000	,-204.000000	,-45.000000	,-9.000000	,-13.000000	,32.000000	,12.000000	,-17.000000	,-12.000000	,-18.000000	,-12.000000	,-1.000000	,-12.500000	,10.500000	,4.000000	,-19.000000	,19.500000	,24.500000	,8.500000	,-12.500000	,-2.500000	,-2.500000	,-19.000000	,27.500000	,17.500000	,12.500000	,6.500000	,33.000000	,7.000000	,-26.000000	,-6.000000	,3.500000	,0.000000	,0.000000	,-6.000000	,13.500000	,-5.000000	,-1.000000	,28.000000	,-6.500000	,4.500000	,-10.500000	,-52.000000	,-34.500000	,8.000000	,10.000000	,-8.500000	,-0.500000	,16.000000	,-12.000000	,-7.000000	,-44.000000	,-40.000000	,14.000000	,-1.000000	,-17.500000	,-1.000000	,11.000000	,2.500000	,3.500000	,-8.500000	,190.500000	,
-195.000000	,-5.000000	,0.500000	,7.000000	,8.000000	,0.000000	,2.000000	,-5.000000	,-17.000000	,-27.500000	,75.500000	,70.000000	,13.000000	,38.000000	,-4.500000	,-11.500000	,-12.500000	,23.000000	,4.500000	,1.000000	,-1.500000	,-35.000000	,-19.500000	,13.500000	,-17.000000	,-14.500000	,25.000000	,-21.500000	,-19.000000	,-23.500000	,-8.000000	,5.000000	,0.000000	,-23.500000	,-20.000000	,6.000000	,-40.500000	,-131.000000	,-160.500000	,-173.000000	,-178.500000	,-169.500000	,-121.500000	,-4.500000	,-3.500000	,1.000000	,21.000000	,51.000000	,43.500000	,4.000000	,5.500000	,0.500000	,-11.500000	,5.500000	,20.000000	,-4.500000	,-6.000000	,-5.000000	,-14.000000	,16.000000	,36.000000	,25.000000	,14.500000	,12.000000	,19.500000	,-15.500000	,-18.000000	,5.500000	,-12.000000	,21.500000	,7.500000	,-22.000000	,10.500000	,41.000000	,25.000000	,-4.500000	,-6.000000	,43.000000	,110.000000	,54.500000	,-32.500000	,-53.000000	,-24.500000	,2.500000	,8.500000	,18.000000	,55.500000	,69.500000	,10.000000	,-8.000000	,39.500000	,-20.000000	,-57.000000	,31.500000	,6.500000	,59.000000	,62.000000	,-146.500000	,-271.500000	,-409.000000	,-361.000000	,-235.500000	,-105.000000	,-3.500000	,3.000000	,-1.500000	,-1.000000	,-8.500000	,-4.000000	,22.000000	,6.000000	,-7.000000	,-9.000000	,-2.000000	,15.500000	,-2.500000	,-8.000000	,2.000000	,4.000000	,10.000000	,1.500000	,11.500000	,-5.000000	,-7.500000	,2.000000	,28.500000	,9.500000	,6.500000	,-12.000000	,-24.000000	,-5.500000	,0.500000	,4.500000	,2.000000	,1.000000	,-6.500000	,1.000000	,18.000000	,-6.000000	,-119.000000	,-191.000000	,-36.500000	,-13.500000	,-1.000000	,-31.500000	,-7.500000	,-16.000000	,-23.500000	,18.500000	,17.000000	,28.000000	,198.500000	,305.500000	,303.500000	,177.500000	,35.500000	,5.000000	,-6.500000	,-28.500000	,-5.000000	,32.000000	,-16.000000	,-13.000000	,6.500000	,12.000000	,13.000000	,-29.500000	,-69.000000	,-55.500000	,6.500000	,-10.000000	,5.500000	,3.000000	,-5.500000	,12.500000	,-27.500000	,-91.500000	,-129.500000	,-245.500000	,-308.500000	,-270.500000	,-229.500000	,-125.500000	,48.500000	,19.000000	,24.500000	,17.000000	,17.500000	,15.500000	,25.000000	,6.000000	,6.000000	,0.000000	,-1.500000	,8.000000	,31.500000	,1.000000	,-8.000000	,-1.500000	,-18.000000	,-18.500000	,4.500000	,21.000000	,-15.000000	,4.000000	,38.000000	,41.500000	,-15.500000	,-17.000000	,3.500000	,9.000000	,4.500000	,24.500000	,17.500000	,-1.500000	,10.000000	,28.500000	,26.500000	,41.000000	,9.000000	,-7.500000	,-2.000000	,12.500000	,0.000000	,-13.000000	,27.000000	,31.500000	,4.000000	,-11.500000	,-39.500000	,-19.000000	,18.000000	,-11.500000	,-26.000000	,4.000000	,5.000000	,15.000000	,12.000000	,-9.000000	,175.000000	,
-197.000000	,-13.000000	,-7.000000	,-21.500000	,-6.000000	,8.000000	,10.000000	,9.500000	,7.000000	,-8.000000	,70.000000	,52.500000	,19.500000	,24.500000	,-7.500000	,-15.500000	,-1.000000	,1.000000	,-15.000000	,6.000000	,4.500000	,-20.000000	,-9.500000	,9.000000	,-20.000000	,-1.000000	,26.500000	,26.500000	,16.500000	,-10.500000	,-14.000000	,-1.000000	,45.500000	,21.500000	,-68.500000	,-63.500000	,-108.000000	,-207.000000	,-123.500000	,-89.500000	,-10.000000	,22.000000	,26.500000	,29.000000	,8.500000	,-11.000000	,-36.500000	,-7.000000	,4.500000	,-14.000000	,12.500000	,23.500000	,-21.500000	,-17.000000	,2.500000	,-18.500000	,0.500000	,-1.500000	,-22.000000	,-24.500000	,-1.000000	,14.500000	,12.500000	,16.000000	,32.000000	,-13.000000	,-33.500000	,-20.000000	,-15.500000	,29.500000	,16.000000	,-12.500000	,2.500000	,-4.500000	,16.000000	,14.000000	,35.500000	,109.500000	,53.000000	,11.000000	,21.000000	,22.500000	,2.500000	,13.000000	,-14.000000	,-35.500000	,-4.500000	,27.000000	,1.000000	,-6.000000	,43.500000	,-14.000000	,-37.500000	,-11.000000	,-102.000000	,4.000000	,-3.000000	,9.000000	,-53.500000	,-231.500000	,-330.000000	,-376.000000	,-283.000000	,-143.000000	,-85.500000	,-4.500000	,4.500000	,-3.500000	,4.000000	,22.000000	,9.500000	,8.000000	,-1.000000	,17.000000	,12.000000	,0.000000	,-2.500000	,5.500000	,13.500000	,-4.500000	,-5.000000	,2.500000	,-1.500000	,-1.500000	,4.000000	,5.000000	,3.500000	,13.500000	,-0.500000	,-7.500000	,-1.500000	,7.000000	,4.500000	,8.000000	,4.000000	,-10.000000	,1.500000	,-24.000000	,-92.000000	,-275.500000	,-299.000000	,-149.000000	,3.500000	,-14.000000	,1.500000	,4.500000	,-1.500000	,-5.000000	,-6.000000	,-20.500000	,-1.500000	,26.500000	,117.500000	,280.500000	,284.000000	,151.000000	,48.500000	,-23.500000	,-50.500000	,-44.000000	,3.000000	,-1.000000	,-3.000000	,12.500000	,16.000000	,40.000000	,25.500000	,-40.000000	,-32.500000	,-2.500000	,-8.500000	,6.500000	,-7.000000	,-12.000000	,1.500000	,-4.500000	,-5.500000	,0.000000	,-106.000000	,-203.000000	,-236.500000	,-320.500000	,-283.000000	,-133.500000	,-78.000000	,-39.000000	,9.000000	,4.500000	,-1.000000	,0.500000	,15.500000	,-8.000000	,-35.500000	,-36.000000	,-28.000000	,-13.500000	,3.500000	,16.500000	,10.500000	,-25.500000	,-22.500000	,-4.000000	,7.000000	,-10.000000	,-0.500000	,18.000000	,27.500000	,9.500000	,-14.500000	,-2.500000	,-17.500000	,-7.500000	,12.000000	,16.000000	,-24.500000	,-7.500000	,-21.500000	,-28.500000	,29.000000	,7.500000	,-9.500000	,-13.500000	,-10.000000	,-4.500000	,-3.000000	,15.500000	,2.000000	,-15.500000	,-31.500000	,-4.000000	,1.000000	,10.000000	,-1.000000	,-16.500000	,-3.000000	,2.000000	,2.500000	,9.500000	,-6.500000	,171.500000	,
-203.000000	,-26.000000	,7.500000	,-7.500000	,-8.500000	,1.000000	,-12.500000	,8.500000	,-10.000000	,-18.500000	,54.000000	,67.000000	,66.000000	,23.500000	,-5.500000	,-25.000000	,-18.000000	,-0.500000	,-16.500000	,13.000000	,16.000000	,13.500000	,17.500000	,10.000000	,-29.000000	,-15.000000	,9.500000	,31.500000	,31.000000	,8.500000	,-32.500000	,-91.500000	,-142.000000	,-161.500000	,-214.500000	,-126.000000	,-23.500000	,-37.500000	,-3.000000	,21.000000	,17.500000	,-11.500000	,-12.000000	,14.000000	,2.500000	,-11.000000	,-33.000000	,22.500000	,18.500000	,-12.000000	,8.000000	,1.000000	,-10.000000	,5.500000	,-2.500000	,-7.500000	,2.500000	,-7.000000	,-19.500000	,-36.500000	,-20.000000	,-15.000000	,-36.500000	,-18.000000	,7.000000	,4.000000	,-11.000000	,-45.500000	,-46.000000	,-3.500000	,-4.500000	,-17.000000	,-7.000000	,4.000000	,47.500000	,98.500000	,32.000000	,22.500000	,31.000000	,21.500000	,24.500000	,14.000000	,11.500000	,25.000000	,-15.500000	,-11.000000	,3.500000	,10.500000	,8.000000	,-10.500000	,23.000000	,-9.000000	,32.000000	,41.000000	,-22.000000	,6.500000	,0.500000	,9.500000	,5.500000	,-6.500000	,-122.500000	,-290.000000	,-356.500000	,-381.500000	,-302.500000	,-59.000000	,7.500000	,-0.500000	,2.500000	,-1.000000	,14.500000	,8.500000	,-3.000000	,0.000000	,4.500000	,-10.000000	,-19.000000	,-8.500000	,7.500000	,-11.000000	,8.500000	,8.000000	,1.500000	,-6.000000	,2.000000	,3.500000	,5.500000	,20.000000	,12.500000	,1.500000	,-6.000000	,-10.000000	,-1.000000	,-5.000000	,-25.500000	,-122.500000	,-188.000000	,-80.500000	,-35.000000	,-170.500000	,-291.500000	,-278.000000	,-122.500000	,13.000000	,14.000000	,9.000000	,-5.000000	,-13.500000	,-4.500000	,-41.000000	,-7.500000	,0.000000	,17.000000	,160.000000	,294.000000	,315.000000	,225.500000	,56.000000	,9.000000	,-36.000000	,-10.000000	,1.500000	,7.500000	,33.000000	,14.500000	,31.000000	,53.500000	,-3.000000	,2.000000	,16.000000	,14.500000	,33.500000	,10.500000	,4.000000	,20.000000	,25.000000	,9.500000	,-14.000000	,14.000000	,18.500000	,-56.500000	,-233.000000	,-300.000000	,-281.000000	,-287.500000	,-235.000000	,-113.000000	,0.000000	,0.500000	,7.500000	,25.000000	,-14.500000	,-19.000000	,6.500000	,8.000000	,-12.000000	,-9.000000	,30.500000	,15.000000	,7.500000	,-0.500000	,26.500000	,-4.000000	,-12.500000	,-25.500000	,-26.000000	,11.500000	,18.000000	,10.500000	,29.000000	,15.500000	,-7.500000	,-5.000000	,11.000000	,-24.500000	,-4.500000	,-41.000000	,-35.000000	,6.500000	,-1.500000	,2.500000	,-3.500000	,-4.500000	,-50.000000	,-13.000000	,17.000000	,0.500000	,-11.500000	,-79.500000	,6.000000	,13.000000	,25.000000	,8.500000	,-23.000000	,-7.500000	,-10.000000	,-13.000000	,23.500000	,2.500000	,170.500000	,
-187.500000	,-8.000000	,1.000000	,-14.500000	,-6.500000	,3.000000	,2.000000	,9.000000	,-18.000000	,-36.000000	,17.500000	,63.500000	,56.000000	,8.500000	,13.000000	,11.000000	,4.500000	,30.000000	,7.500000	,-9.000000	,-9.500000	,-14.000000	,9.500000	,7.000000	,15.000000	,-28.500000	,-16.000000	,4.500000	,-20.500000	,-120.000000	,-181.500000	,-215.500000	,-185.000000	,-153.000000	,-116.500000	,-27.500000	,-2.000000	,-5.500000	,-21.000000	,-1.000000	,11.500000	,-7.500000	,-27.000000	,-6.000000	,40.500000	,18.000000	,-3.000000	,13.000000	,13.500000	,-7.000000	,-5.000000	,-16.500000	,-3.500000	,18.500000	,19.500000	,5.500000	,9.500000	,21.500000	,-10.500000	,-21.000000	,-12.500000	,-21.000000	,-32.500000	,12.000000	,37.000000	,39.000000	,20.000000	,2.000000	,-16.000000	,-13.500000	,-21.000000	,-23.500000	,-5.500000	,57.500000	,118.000000	,37.500000	,-19.500000	,-0.500000	,-6.500000	,-33.000000	,-7.500000	,-6.500000	,-11.000000	,37.000000	,-8.500000	,2.000000	,-13.000000	,12.000000	,-2.000000	,1.000000	,14.500000	,11.500000	,111.000000	,38.000000	,5.500000	,0.000000	,12.500000	,11.500000	,16.000000	,-1.500000	,-43.000000	,-92.000000	,-151.000000	,-348.000000	,-351.000000	,-124.000000	,-62.500000	,-33.500000	,-8.000000	,-5.000000	,-2.500000	,-13.500000	,-1.000000	,-0.500000	,-0.500000	,3.000000	,-5.000000	,6.500000	,-11.000000	,-1.000000	,3.500000	,2.000000	,2.000000	,-6.000000	,-10.000000	,2.500000	,3.500000	,-7.500000	,-16.000000	,-1.000000	,-8.000000	,-28.500000	,-103.500000	,-212.500000	,-238.500000	,-242.000000	,-173.500000	,26.000000	,7.500000	,-42.500000	,-183.000000	,-287.000000	,-219.500000	,-43.000000	,-1.000000	,14.000000	,-1.000000	,22.000000	,19.500000	,6.000000	,-6.500000	,-3.000000	,-26.000000	,31.000000	,97.500000	,277.500000	,320.000000	,283.000000	,195.500000	,-11.000000	,-9.000000	,-36.000000	,-23.500000	,19.000000	,-1.500000	,18.000000	,34.000000	,9.500000	,5.500000	,-18.500000	,-10.500000	,4.500000	,19.000000	,2.000000	,-4.500000	,-1.000000	,-16.500000	,-24.500000	,-2.500000	,-13.500000	,-17.500000	,-37.500000	,-102.000000	,-128.000000	,-206.000000	,-289.000000	,-279.000000	,-207.500000	,-160.000000	,-107.000000	,9.000000	,-1.500000	,-3.500000	,16.500000	,26.000000	,2.000000	,-34.000000	,-18.000000	,-6.000000	,-6.000000	,12.000000	,16.000000	,-16.000000	,-5.500000	,-8.500000	,-23.500000	,-27.000000	,-16.000000	,-11.000000	,3.000000	,25.500000	,5.000000	,19.500000	,26.000000	,24.500000	,35.500000	,4.500000	,14.500000	,-4.500000	,-3.500000	,24.000000	,17.000000	,27.500000	,-41.500000	,-21.000000	,-25.000000	,4.000000	,-56.000000	,-89.000000	,-2.000000	,3.000000	,5.500000	,-2.000000	,-2.000000	,2.500000	,-9.500000	,-15.500000	,3.000000	,9.500000	,186.000000	,
-173.000000	,0.500000	,-4.000000	,-7.000000	,8.000000	,5.500000	,22.000000	,42.000000	,23.000000	,-1.500000	,-11.500000	,44.000000	,77.500000	,10.500000	,5.000000	,-4.000000	,-0.500000	,22.500000	,5.500000	,17.000000	,-5.000000	,-8.000000	,-15.500000	,-17.000000	,1.500000	,-29.500000	,-96.000000	,-146.500000	,-76.000000	,-173.500000	,-114.500000	,-57.500000	,3.000000	,22.000000	,35.000000	,5.500000	,-16.500000	,-10.000000	,-20.500000	,-8.500000	,30.500000	,-4.500000	,-31.500000	,-5.500000	,12.500000	,-12.500000	,-11.500000	,-6.500000	,-3.500000	,26.500000	,35.000000	,-7.000000	,-9.000000	,1.000000	,-12.500000	,-3.000000	,4.500000	,22.000000	,13.500000	,12.000000	,37.000000	,6.500000	,-7.500000	,27.000000	,18.500000	,1.000000	,7.000000	,-2.500000	,0.500000	,5.500000	,15.000000	,2.000000	,71.500000	,70.000000	,13.000000	,-16.000000	,-15.500000	,10.500000	,-4.500000	,-33.500000	,2.500000	,-30.500000	,-8.500000	,14.000000	,-33.500000	,-13.000000	,-10.000000	,-7.000000	,-29.000000	,-23.500000	,-11.000000	,65.500000	,59.000000	,-31.500000	,9.000000	,-9.500000	,-22.500000	,-18.500000	,47.500000	,27.000000	,-20.500000	,17.500000	,36.000000	,-161.500000	,-205.500000	,-83.000000	,-74.500000	,-63.500000	,-43.500000	,-13.000000	,-6.500000	,-10.000000	,3.000000	,4.000000	,5.000000	,21.500000	,19.500000	,16.000000	,-3.500000	,-0.500000	,-0.500000	,1.000000	,6.000000	,1.500000	,-11.000000	,-8.000000	,10.500000	,2.000000	,-5.000000	,-0.500000	,-14.000000	,-40.000000	,-150.000000	,-259.500000	,-167.000000	,-89.000000	,-12.000000	,34.000000	,-10.500000	,-16.500000	,-38.000000	,-212.500000	,-293.000000	,-193.500000	,-33.500000	,30.500000	,14.000000	,20.500000	,3.500000	,4.000000	,7.500000	,4.500000	,8.500000	,-6.500000	,-42.000000	,97.000000	,201.000000	,300.500000	,302.000000	,170.500000	,79.500000	,-42.000000	,-32.000000	,9.500000	,-20.000000	,-21.500000	,-7.000000	,0.500000	,-11.500000	,-32.000000	,-26.000000	,3.000000	,42.000000	,-17.000000	,-29.500000	,-3.500000	,12.500000	,2.000000	,35.000000	,29.000000	,18.500000	,-2.000000	,22.500000	,25.000000	,-43.000000	,-174.500000	,-254.500000	,-262.000000	,-286.000000	,-225.000000	,-60.500000	,-23.000000	,-10.500000	,-8.500000	,10.000000	,-3.500000	,-15.500000	,-29.500000	,5.000000	,-2.500000	,5.000000	,-1.000000	,-11.500000	,-8.500000	,27.000000	,12.500000	,-19.000000	,-20.000000	,-12.500000	,-12.500000	,-24.500000	,-10.000000	,13.500000	,0.000000	,6.500000	,9.000000	,-4.000000	,25.500000	,-16.500000	,-7.000000	,-0.500000	,15.500000	,48.000000	,-14.500000	,4.500000	,-31.000000	,4.500000	,-50.500000	,-80.500000	,-19.000000	,8.500000	,25.000000	,1.000000	,4.500000	,13.000000	,5.500000	,-10.000000	,3.500000	,13.000000	,195.500000	,
-182.000000	,6.000000	,19.000000	,9.000000	,-1.000000	,-4.500000	,0.500000	,16.000000	,22.500000	,22.500000	,13.000000	,53.500000	,87.000000	,24.500000	,-4.000000	,-43.500000	,-46.000000	,-18.000000	,4.500000	,25.500000	,9.000000	,18.000000	,-76.000000	,-118.500000	,-157.000000	,-180.000000	,-198.000000	,-136.500000	,-10.500000	,19.500000	,23.000000	,11.500000	,7.500000	,5.500000	,36.000000	,18.500000	,19.500000	,20.000000	,5.500000	,13.000000	,25.500000	,15.000000	,-32.000000	,-16.500000	,-13.500000	,-1.500000	,7.000000	,-2.500000	,-6.000000	,8.000000	,4.000000	,3.500000	,-24.500000	,-33.000000	,-3.500000	,6.500000	,3.000000	,13.500000	,13.500000	,11.500000	,31.500000	,-2.500000	,-30.500000	,9.000000	,-11.500000	,-12.500000	,-21.500000	,-23.500000	,-21.000000	,6.000000	,57.500000	,84.000000	,46.500000	,37.000000	,26.000000	,-9.000000	,-19.500000	,26.500000	,21.500000	,-15.000000	,-9.500000	,-33.500000	,4.500000	,3.500000	,-18.000000	,-24.000000	,4.000000	,4.000000	,-21.000000	,-24.000000	,-72.500000	,49.000000	,42.000000	,-4.500000	,12.000000	,-2.000000	,-0.500000	,-25.500000	,37.000000	,19.000000	,-10.000000	,18.000000	,4.000000	,-68.500000	,-5.500000	,-35.500000	,-68.000000	,-78.000000	,-93.000000	,-60.000000	,-78.500000	,-70.000000	,-50.500000	,-28.000000	,-73.500000	,-133.000000	,-31.000000	,-1.000000	,-18.500000	,0.500000	,2.000000	,-13.000000	,-18.500000	,7.500000	,-20.000000	,-45.000000	,-4.000000	,-14.500000	,-41.500000	,-41.500000	,40.000000	,142.000000	,114.000000	,-16.000000	,-41.500000	,-34.500000	,-15.000000	,23.000000	,29.000000	,13.000000	,18.500000	,-96.000000	,-261.000000	,-299.000000	,-122.500000	,-23.000000	,-13.000000	,-9.000000	,2.000000	,-16.500000	,7.000000	,3.000000	,24.500000	,25.000000	,-2.000000	,-7.500000	,18.000000	,166.500000	,259.500000	,314.500000	,207.500000	,12.500000	,-12.500000	,25.000000	,4.000000	,-22.000000	,-15.000000	,16.000000	,-14.000000	,-16.500000	,-28.000000	,0.500000	,38.000000	,7.000000	,16.500000	,0.000000	,-3.000000	,13.500000	,19.000000	,17.000000	,-12.500000	,-11.500000	,-5.000000	,8.500000	,12.000000	,-6.500000	,-50.500000	,-70.000000	,-205.000000	,-286.000000	,-261.500000	,-237.500000	,-218.000000	,-152.000000	,5.500000	,22.000000	,7.500000	,-26.500000	,14.500000	,36.500000	,6.000000	,-1.000000	,0.000000	,-24.000000	,21.500000	,31.500000	,22.000000	,21.000000	,12.000000	,16.500000	,-3.000000	,-19.500000	,-20.000000	,-6.500000	,-16.500000	,-36.000000	,-13.000000	,22.000000	,15.000000	,23.500000	,-5.000000	,-1.500000	,17.000000	,28.500000	,6.500000	,-7.500000	,-17.500000	,-54.500000	,-57.000000	,-7.500000	,20.000000	,8.500000	,-0.500000	,7.500000	,5.500000	,15.000000	,3.000000	,-0.500000	,-8.500000	,175.000000	,
-186.500000	,-13.000000	,-11.000000	,7.000000	,2.500000	,-3.000000	,-7.000000	,-16.000000	,-7.500000	,10.500000	,-5.000000	,41.000000	,75.500000	,61.500000	,43.500000	,-1.000000	,-12.500000	,-32.500000	,-17.500000	,-11.500000	,1.000000	,-103.500000	,-167.000000	,-201.500000	,-180.500000	,-87.000000	,-78.500000	,-27.500000	,5.500000	,3.000000	,16.000000	,-11.000000	,-27.500000	,-13.000000	,2.000000	,-16.500000	,-3.500000	,-16.500000	,-9.000000	,8.500000	,13.000000	,8.500000	,9.000000	,9.000000	,5.000000	,10.000000	,10.000000	,-6.000000	,-18.000000	,-2.500000	,11.000000	,15.500000	,0.500000	,-25.500000	,4.000000	,9.500000	,15.000000	,-2.500000	,-13.500000	,-10.500000	,-9.500000	,-26.500000	,-7.000000	,37.000000	,9.500000	,1.000000	,0.000000	,0.000000	,-22.500000	,57.500000	,106.500000	,20.000000	,-5.000000	,5.500000	,3.000000	,0.500000	,-25.500000	,6.500000	,-1.500000	,11.000000	,5.500000	,-29.000000	,33.500000	,27.500000	,-7.500000	,-6.500000	,4.500000	,23.500000	,67.000000	,68.500000	,-51.500000	,-7.500000	,-0.500000	,-10.000000	,14.500000	,23.000000	,-0.500000	,-31.000000	,-6.500000	,2.500000	,-3.500000	,-34.000000	,-149.500000	,-122.500000	,32.000000	,-14.000000	,-20.500000	,-47.500000	,-53.500000	,-54.500000	,-79.500000	,-90.000000	,-69.500000	,-46.000000	,-174.500000	,-381.500000	,-342.000000	,-301.000000	,-278.500000	,-191.000000	,-134.000000	,-200.500000	,-328.000000	,-186.000000	,-64.500000	,-97.000000	,-66.000000	,-73.500000	,-65.000000	,-42.000000	,117.000000	,305.500000	,273.500000	,62.000000	,16.000000	,-7.000000	,-5.500000	,-2.000000	,-4.500000	,-10.000000	,7.500000	,34.000000	,-121.000000	,-298.000000	,-237.000000	,-64.000000	,-10.000000	,5.500000	,7.500000	,25.500000	,2.500000	,-18.000000	,0.000000	,13.000000	,2.000000	,13.000000	,40.000000	,30.000000	,79.000000	,259.000000	,290.500000	,128.000000	,8.500000	,39.500000	,13.000000	,-13.000000	,3.000000	,19.000000	,17.000000	,2.500000	,-32.500000	,2.000000	,49.500000	,20.000000	,-7.500000	,-30.000000	,-21.500000	,-22.500000	,-21.000000	,18.500000	,-5.000000	,-23.000000	,-22.000000	,22.000000	,17.000000	,3.000000	,5.000000	,-4.500000	,-97.500000	,-159.500000	,-195.000000	,-219.000000	,-306.500000	,-263.500000	,-148.000000	,-80.000000	,-67.500000	,-51.000000	,-19.000000	,27.000000	,2.000000	,3.000000	,7.500000	,-6.000000	,-6.500000	,-11.000000	,-25.000000	,-19.000000	,-2.500000	,29.500000	,11.000000	,-14.500000	,-12.500000	,13.000000	,-3.000000	,-19.000000	,-22.500000	,-33.000000	,0.500000	,8.000000	,1.000000	,-2.000000	,16.000000	,12.500000	,2.000000	,-15.000000	,-41.500000	,-55.500000	,-23.000000	,0.000000	,6.000000	,-8.500000	,-29.500000	,-15.000000	,3.000000	,-7.500000	,-12.500000	,-15.000000	,-31.000000	,176.000000	,
-179.500000	,-3.000000	,-15.000000	,-14.500000	,-11.000000	,2.500000	,-8.500000	,-11.500000	,6.000000	,1.000000	,-8.000000	,44.500000	,67.000000	,74.000000	,30.500000	,46.500000	,-20.500000	,-72.500000	,-104.000000	,-217.000000	,-145.500000	,-121.000000	,-80.000000	,-38.500000	,-10.500000	,11.500000	,7.500000	,-11.000000	,-28.500000	,-24.000000	,-17.000000	,-5.500000	,-9.500000	,11.500000	,-4.000000	,-31.500000	,-22.500000	,-33.000000	,-14.500000	,0.500000	,-9.500000	,-22.000000	,-1.000000	,11.000000	,4.000000	,-2.000000	,0.000000	,-6.000000	,-8.500000	,-5.500000	,1.500000	,25.500000	,-3.000000	,-8.500000	,2.500000	,-10.000000	,11.500000	,-17.000000	,4.500000	,2.500000	,13.500000	,-34.000000	,9.000000	,11.000000	,4.500000	,-17.000000	,-10.500000	,47.000000	,81.500000	,49.000000	,12.000000	,-29.500000	,-0.500000	,0.000000	,15.000000	,0.500000	,9.500000	,0.000000	,-1.500000	,39.000000	,11.000000	,-34.000000	,14.000000	,36.500000	,11.000000	,12.000000	,19.000000	,0.500000	,59.000000	,47.500000	,-5.000000	,-6.000000	,16.500000	,6.000000	,-17.500000	,-5.000000	,-20.500000	,-28.000000	,-4.500000	,12.000000	,-3.000000	,-75.000000	,-262.500000	,-119.000000	,38.500000	,1.000000	,-8.500000	,-11.000000	,11.000000	,16.500000	,12.000000	,-32.000000	,-10.000000	,94.500000	,-41.000000	,-264.500000	,-282.500000	,-342.000000	,-369.000000	,-329.500000	,-232.500000	,-250.500000	,-361.500000	,-219.500000	,-29.000000	,-63.500000	,-38.500000	,-24.000000	,-24.500000	,-24.000000	,48.000000	,233.000000	,299.500000	,171.500000	,33.500000	,16.500000	,-15.500000	,-24.000000	,-30.000000	,-6.500000	,-1.000000	,19.500000	,-49.500000	,-224.500000	,-300.000000	,-167.000000	,1.000000	,-16.500000	,-9.500000	,38.500000	,21.500000	,-13.500000	,-26.500000	,-4.500000	,5.000000	,-10.000000	,-10.000000	,-24.500000	,-3.000000	,126.500000	,298.000000	,313.000000	,188.500000	,48.000000	,-8.000000	,-10.500000	,-17.500000	,-4.000000	,11.000000	,10.000000	,-43.000000	,-5.500000	,4.500000	,-4.500000	,-7.000000	,-3.500000	,20.000000	,-22.000000	,-5.500000	,1.500000	,10.500000	,-32.000000	,-52.000000	,-13.500000	,-8.500000	,-1.500000	,12.500000	,-21.500000	,-0.500000	,12.000000	,23.500000	,-2.000000	,-178.500000	,-265.000000	,-256.000000	,-255.500000	,-166.500000	,-39.500000	,-0.500000	,36.000000	,41.000000	,-4.500000	,-5.000000	,11.000000	,-4.500000	,-12.000000	,4.000000	,-3.000000	,-37.500000	,-17.500000	,18.500000	,9.500000	,-2.000000	,28.000000	,32.500000	,36.000000	,20.000000	,-34.000000	,-19.500000	,5.500000	,21.000000	,-4.500000	,-1.500000	,-2.000000	,7.500000	,13.000000	,-41.500000	,-63.500000	,-6.000000	,-4.500000	,-1.500000	,-0.500000	,-7.500000	,-0.500000	,5.000000	,0.000000	,3.500000	,-2.000000	,-4.500000	,179.500000	,
-179.000000	,4.000000	,-6.000000	,-6.500000	,-3.000000	,16.000000	,9.000000	,-2.000000	,5.500000	,2.000000	,3.500000	,18.000000	,57.000000	,67.500000	,-30.000000	,-115.500000	,-171.000000	,-190.500000	,-176.000000	,-137.000000	,-56.500000	,-19.000000	,9.000000	,15.500000	,1.500000	,14.500000	,-4.000000	,-0.500000	,-3.500000	,8.000000	,4.000000	,6.000000	,-2.500000	,11.000000	,25.500000	,33.000000	,17.000000	,-5.000000	,-3.500000	,32.000000	,14.000000	,-24.000000	,-2.000000	,0.500000	,2.000000	,26.000000	,18.000000	,10.500000	,-5.000000	,-6.000000	,12.500000	,23.500000	,-25.000000	,-11.500000	,-7.500000	,-6.500000	,13.500000	,4.500000	,26.500000	,23.500000	,12.000000	,-18.500000	,-18.500000	,5.000000	,10.000000	,15.000000	,68.500000	,111.000000	,28.500000	,4.500000	,-5.500000	,-7.000000	,14.000000	,23.000000	,15.000000	,-13.000000	,12.000000	,13.500000	,-13.000000	,0.000000	,-25.500000	,-21.500000	,-3.500000	,-26.000000	,-23.500000	,-13.500000	,-10.500000	,20.000000	,64.000000	,24.000000	,18.500000	,20.500000	,28.500000	,-3.500000	,-5.000000	,6.000000	,-7.500000	,-20.500000	,1.500000	,23.000000	,23.500000	,-47.500000	,-114.500000	,-39.000000	,14.500000	,-1.500000	,-3.500000	,-8.000000	,-19.500000	,26.000000	,9.000000	,3.000000	,83.000000	,226.000000	,108.000000	,6.000000	,15.000000	,-77.500000	,-153.000000	,-149.500000	,-27.500000	,-26.500000	,-192.500000	,-112.500000	,27.000000	,27.500000	,25.000000	,14.500000	,-2.500000	,1.000000	,-20.500000	,83.500000	,245.500000	,189.500000	,-20.000000	,-20.500000	,18.500000	,-2.500000	,-1.500000	,7.500000	,-1.000000	,-20.000000	,-11.000000	,-93.000000	,-274.000000	,-307.500000	,-94.500000	,18.000000	,-12.500000	,4.500000	,42.000000	,9.000000	,-35.500000	,-19.000000	,-24.500000	,-26.000000	,-32.500000	,-18.500000	,1.500000	,23.500000	,145.500000	,256.500000	,290.000000	,251.000000	,151.500000	,17.000000	,-29.500000	,-12.000000	,19.000000	,12.000000	,-30.500000	,-31.000000	,-6.500000	,29.000000	,15.500000	,12.000000	,22.000000	,18.000000	,0.500000	,-2.500000	,40.000000	,25.500000	,-4.500000	,-6.000000	,-11.500000	,-1.500000	,16.000000	,-11.000000	,-14.000000	,-20.000000	,-4.500000	,5.500000	,-41.000000	,-110.000000	,-146.000000	,-256.000000	,-284.500000	,-242.500000	,-229.000000	,-160.000000	,-44.500000	,-4.500000	,-18.000000	,-20.500000	,-22.500000	,-11.500000	,12.500000	,6.500000	,-14.500000	,-14.500000	,10.000000	,3.500000	,5.500000	,-4.000000	,-29.000000	,12.500000	,34.500000	,-1.500000	,-12.500000	,4.000000	,1.000000	,21.000000	,3.000000	,-10.500000	,11.500000	,26.000000	,-26.000000	,-20.000000	,4.500000	,-2.000000	,6.500000	,22.500000	,7.500000	,8.000000	,13.000000	,14.500000	,16.000000	,-10.500000	,2.500000	,194.500000	,
-183.000000	,13.500000	,2.500000	,-20.500000	,3.000000	,6.500000	,5.500000	,2.500000	,-0.500000	,-2.500000	,6.000000	,6.500000	,63.000000	,107.000000	,-43.500000	,-165.500000	,-149.500000	,-65.500000	,9.000000	,29.000000	,17.500000	,-13.500000	,5.000000	,11.000000	,2.500000	,-26.500000	,-21.000000	,-11.500000	,-13.000000	,3.000000	,2.000000	,10.000000	,-2.000000	,-9.500000	,16.500000	,0.500000	,-2.000000	,-15.500000	,-17.500000	,7.000000	,15.000000	,7.000000	,-8.500000	,-23.500000	,-2.500000	,17.000000	,7.500000	,1.500000	,-1.000000	,-21.500000	,0.000000	,11.000000	,-19.500000	,-9.000000	,-10.000000	,13.000000	,5.000000	,2.000000	,-10.500000	,-19.000000	,-24.500000	,5.000000	,11.500000	,9.000000	,50.000000	,85.500000	,70.000000	,12.500000	,-26.500000	,-5.500000	,28.000000	,2.000000	,-18.500000	,19.500000	,-2.500000	,-7.500000	,-17.500000	,-19.500000	,5.500000	,10.000000	,6.500000	,-0.500000	,6.500000	,-6.500000	,-7.000000	,-12.000000	,4.500000	,92.000000	,26.000000	,24.000000	,1.500000	,-7.000000	,34.500000	,12.000000	,20.000000	,36.000000	,29.500000	,8.500000	,-22.000000	,-9.000000	,-27.000000	,-84.000000	,-34.500000	,-4.000000	,37.500000	,24.500000	,-4.500000	,-15.000000	,-24.500000	,-4.000000	,-2.500000	,-40.500000	,129.500000	,228.500000	,15.000000	,-12.000000	,39.500000	,12.500000	,-5.000000	,36.500000	,36.000000	,-56.500000	,-254.000000	,-238.000000	,-40.000000	,37.000000	,38.000000	,11.500000	,1.000000	,29.500000	,30.500000	,19.500000	,236.000000	,278.000000	,96.000000	,1.500000	,8.500000	,-13.500000	,-19.500000	,-4.000000	,33.500000	,9.000000	,2.500000	,4.500000	,-177.000000	,-312.500000	,-261.000000	,-67.500000	,-10.000000	,-20.000000	,64.000000	,7.000000	,-17.000000	,-2.000000	,7.000000	,24.500000	,8.500000	,4.000000	,3.000000	,-13.500000	,-19.500000	,95.000000	,220.500000	,301.500000	,277.000000	,178.500000	,72.500000	,-22.500000	,20.500000	,23.000000	,32.000000	,2.500000	,-16.500000	,23.500000	,-2.500000	,3.500000	,-11.500000	,5.000000	,3.000000	,-5.500000	,8.000000	,53.500000	,28.500000	,11.000000	,6.000000	,40.000000	,14.000000	,-6.500000	,-9.000000	,2.000000	,-11.000000	,7.500000	,7.000000	,26.000000	,-6.500000	,-141.500000	,-236.500000	,-255.500000	,-312.000000	,-302.000000	,-165.500000	,-65.000000	,-14.000000	,24.500000	,-20.000000	,-32.500000	,-2.000000	,16.500000	,-6.000000	,-5.000000	,-11.500000	,-17.500000	,-25.000000	,-27.500000	,-55.500000	,-30.500000	,2.000000	,-23.000000	,-12.000000	,-20.000000	,5.000000	,18.000000	,16.500000	,-12.500000	,-22.500000	,-16.500000	,-47.500000	,-12.000000	,15.500000	,13.500000	,-10.000000	,-18.000000	,-13.500000	,-19.000000	,4.000000	,20.000000	,9.500000	,-7.500000	,-16.500000	,193.000000	,
-179.000000	,19.000000	,-1.000000	,-16.000000	,0.000000	,-5.000000	,-12.500000	,-15.500000	,-8.500000	,-24.000000	,-1.000000	,10.000000	,44.500000	,272.500000	,228.000000	,42.500000	,-7.500000	,0.000000	,-7.000000	,11.500000	,22.000000	,6.000000	,-17.500000	,-4.500000	,41.000000	,10.500000	,1.000000	,13.500000	,0.000000	,-18.500000	,-11.500000	,5.000000	,-21.500000	,-36.000000	,-26.000000	,-16.500000	,2.000000	,4.500000	,-15.000000	,-13.500000	,-25.000000	,10.500000	,5.000000	,-35.500000	,-34.500000	,2.000000	,-13.500000	,-4.000000	,-8.000000	,-23.500000	,-12.000000	,-0.500000	,-2.000000	,9.000000	,-8.500000	,5.500000	,-15.500000	,-8.000000	,3.500000	,-20.500000	,-14.000000	,-0.500000	,19.000000	,69.500000	,108.500000	,19.500000	,0.500000	,4.000000	,-32.000000	,-41.000000	,36.500000	,10.000000	,4.500000	,13.500000	,9.000000	,1.500000	,-31.500000	,-9.000000	,39.000000	,22.500000	,-12.500000	,7.000000	,31.500000	,23.500000	,-10.000000	,4.000000	,72.000000	,61.500000	,-48.000000	,11.500000	,-2.500000	,1.000000	,3.000000	,25.000000	,21.500000	,11.000000	,9.000000	,3.500000	,-6.500000	,-1.000000	,-167.000000	,-175.500000	,-31.500000	,-10.500000	,3.500000	,3.500000	,13.500000	,-7.000000	,-8.000000	,-4.000000	,6.500000	,-32.000000	,168.500000	,237.500000	,30.000000	,14.000000	,37.500000	,19.500000	,-14.500000	,30.500000	,11.500000	,-73.000000	,-237.500000	,-271.000000	,-55.000000	,24.000000	,21.000000	,8.500000	,-32.000000	,0.000000	,26.000000	,30.500000	,204.500000	,266.500000	,91.500000	,-16.500000	,-19.500000	,-1.500000	,-28.000000	,-16.500000	,20.000000	,8.000000	,-3.000000	,6.500000	,-17.000000	,-216.500000	,-341.500000	,-201.500000	,-33.000000	,3.500000	,36.500000	,-7.500000	,0.500000	,21.500000	,22.000000	,20.000000	,18.000000	,6.000000	,-4.500000	,3.500000	,24.500000	,-11.500000	,-9.000000	,161.000000	,264.500000	,301.500000	,199.500000	,23.500000	,-7.000000	,10.500000	,25.500000	,3.500000	,-31.500000	,-17.500000	,-3.000000	,-1.500000	,-22.500000	,-16.500000	,5.000000	,-12.000000	,-36.500000	,1.000000	,0.000000	,-3.000000	,3.000000	,1.000000	,0.500000	,6.000000	,17.000000	,-17.000000	,-41.500000	,-15.500000	,5.500000	,15.500000	,-8.000000	,-16.500000	,4.000000	,-34.000000	,-120.500000	,-256.000000	,-276.500000	,-259.500000	,-233.500000	,-155.000000	,-13.500000	,37.000000	,24.000000	,6.500000	,-10.500000	,0.000000	,24.500000	,28.000000	,20.500000	,6.000000	,-17.000000	,12.500000	,9.000000	,-22.500000	,-31.500000	,-27.500000	,-17.000000	,2.500000	,2.000000	,-6.000000	,-14.500000	,-59.000000	,-62.500000	,-24.000000	,13.000000	,11.000000	,-7.500000	,-4.000000	,-8.000000	,-24.500000	,-2.000000	,20.000000	,32.500000	,7.500000	,-18.000000	,170.000000	,
-192.000000	,29.000000	,16.500000	,4.000000	,2.500000	,-5.000000	,-22.000000	,0.500000	,2.000000	,-11.500000	,-4.000000	,4.000000	,67.500000	,320.500000	,422.000000	,226.500000	,-8.000000	,2.500000	,18.000000	,3.500000	,-12.000000	,-11.500000	,-37.500000	,-6.000000	,43.500000	,11.500000	,-1.500000	,8.500000	,17.500000	,-29.500000	,-9.500000	,13.000000	,-14.500000	,-10.000000	,3.000000	,8.000000	,8.000000	,18.000000	,9.500000	,-23.000000	,-16.500000	,33.500000	,16.000000	,-6.500000	,-15.500000	,20.500000	,10.000000	,26.500000	,13.000000	,8.000000	,25.000000	,0.500000	,-6.500000	,-8.000000	,-38.000000	,-23.000000	,-16.500000	,0.500000	,27.000000	,-8.500000	,-34.500000	,6.500000	,60.000000	,74.000000	,44.500000	,-4.000000	,5.000000	,38.500000	,-8.000000	,-47.500000	,-5.500000	,-21.000000	,-7.500000	,-2.000000	,23.500000	,24.500000	,-6.500000	,-18.000000	,-16.500000	,13.500000	,20.000000	,3.500000	,21.000000	,24.000000	,-33.500000	,-73.500000	,42.000000	,14.500000	,-40.000000	,3.000000	,18.000000	,-2.000000	,-24.000000	,-10.000000	,-6.000000	,-3.500000	,10.500000	,9.000000	,25.500000	,2.500000	,-211.000000	,-169.500000	,5.000000	,2.500000	,8.500000	,17.500000	,-29.000000	,-6.500000	,-3.500000	,8.000000	,-10.500000	,-26.500000	,174.500000	,191.000000	,8.000000	,-9.000000	,3.000000	,-23.000000	,-38.000000	,-8.000000	,-28.000000	,-5.500000	,-146.000000	,-220.000000	,3.000000	,10.000000	,4.000000	,1.500000	,-42.000000	,-36.000000	,-21.500000	,-2.000000	,115.000000	,252.500000	,193.000000	,29.500000	,-12.500000	,20.000000	,6.000000	,-9.500000	,7.500000	,-3.500000	,3.500000	,-11.000000	,3.000000	,-85.000000	,-263.500000	,-301.500000	,-183.500000	,20.500000	,46.000000	,-7.000000	,-17.500000	,-0.500000	,-1.500000	,-2.500000	,8.000000	,3.000000	,-30.500000	,-37.500000	,-1.000000	,-7.000000	,16.500000	,64.500000	,91.500000	,238.500000	,271.500000	,126.000000	,9.500000	,6.000000	,15.000000	,-12.000000	,-2.500000	,-1.000000	,11.000000	,19.000000	,24.000000	,-8.000000	,11.500000	,3.500000	,-8.000000	,-20.000000	,-13.000000	,-6.500000	,13.000000	,-7.000000	,-9.000000	,9.500000	,20.500000	,-9.500000	,-13.000000	,1.000000	,-12.500000	,5.000000	,-5.000000	,11.500000	,20.000000	,9.500000	,-37.000000	,-120.500000	,-169.000000	,-214.500000	,-296.000000	,-334.000000	,-246.500000	,-135.000000	,-68.500000	,10.000000	,9.500000	,-1.500000	,3.500000	,26.000000	,17.000000	,-8.500000	,10.000000	,21.000000	,-2.000000	,-5.500000	,-28.000000	,-25.500000	,3.500000	,23.500000	,22.000000	,28.000000	,0.500000	,-45.000000	,-53.000000	,-11.000000	,-3.500000	,4.000000	,8.000000	,23.500000	,12.500000	,-8.000000	,-10.000000	,-10.000000	,15.000000	,11.500000	,5.000000	,183.500000	,
-196.000000	,-10.500000	,-15.000000	,-7.000000	,-5.500000	,20.500000	,2.000000	,24.000000	,9.000000	,-6.500000	,-6.000000	,-4.000000	,11.500000	,142.000000	,382.000000	,315.000000	,6.000000	,-21.000000	,15.500000	,4.500000	,-1.500000	,13.000000	,-31.000000	,-20.000000	,5.000000	,5.000000	,-38.000000	,-4.500000	,2.000000	,-11.000000	,25.000000	,19.000000	,15.500000	,-4.000000	,8.500000	,6.000000	,11.500000	,-5.000000	,9.500000	,-1.500000	,-14.500000	,-7.000000	,22.500000	,7.000000	,-9.500000	,-1.000000	,-3.000000	,41.000000	,20.000000	,15.500000	,20.000000	,-8.500000	,-0.500000	,-6.500000	,3.500000	,5.500000	,-15.000000	,2.000000	,-5.500000	,19.500000	,33.500000	,84.500000	,29.500000	,-20.500000	,-1.000000	,5.500000	,0.500000	,33.500000	,10.500000	,-24.500000	,-14.000000	,0.500000	,-1.500000	,4.500000	,18.500000	,20.500000	,-7.500000	,-25.000000	,-13.500000	,11.000000	,8.000000	,-19.500000	,-4.500000	,48.500000	,33.500000	,-59.500000	,-5.500000	,-14.000000	,-21.500000	,-25.000000	,29.500000	,-3.500000	,-21.500000	,-20.000000	,-9.500000	,9.500000	,13.500000	,-14.500000	,2.000000	,17.500000	,-94.000000	,-61.500000	,15.000000	,-3.500000	,10.500000	,13.000000	,-24.000000	,-16.000000	,4.000000	,-17.000000	,-17.500000	,0.000000	,169.000000	,121.500000	,-6.000000	,11.500000	,28.500000	,-14.500000	,-41.000000	,18.000000	,-2.500000	,-6.500000	,-190.500000	,-220.500000	,16.500000	,-8.500000	,36.000000	,29.500000	,11.500000	,-2.500000	,-2.000000	,8.000000	,124.000000	,268.500000	,232.500000	,15.500000	,-16.500000	,19.000000	,14.000000	,2.500000	,-2.000000	,16.000000	,-5.500000	,-3.500000	,3.000000	,-3.000000	,-118.500000	,-314.000000	,-318.000000	,-94.000000	,24.000000	,7.500000	,-13.000000	,-8.000000	,-5.500000	,-8.000000	,-5.500000	,21.000000	,3.000000	,-24.500000	,21.000000	,21.000000	,-6.500000	,8.500000	,16.000000	,121.500000	,264.500000	,279.000000	,218.000000	,71.000000	,-24.500000	,-17.000000	,6.000000	,-7.000000	,-12.000000	,-11.000000	,-3.500000	,-4.500000	,15.000000	,26.500000	,31.500000	,5.500000	,-8.000000	,-16.500000	,7.500000	,-5.000000	,-38.000000	,-15.000000	,29.000000	,18.500000	,8.000000	,17.500000	,16.500000	,29.000000	,3.000000	,20.000000	,30.000000	,32.500000	,15.000000	,-11.000000	,7.000000	,39.500000	,-91.500000	,-263.000000	,-314.500000	,-316.000000	,-229.000000	,-60.500000	,-29.500000	,-36.500000	,-34.500000	,-6.500000	,12.500000	,-17.000000	,-1.500000	,9.000000	,15.000000	,14.500000	,23.500000	,-13.000000	,-9.500000	,16.500000	,10.500000	,9.500000	,-3.000000	,-36.500000	,-23.500000	,-4.000000	,6.000000	,-1.500000	,3.000000	,9.500000	,10.000000	,2.000000	,-13.000000	,-1.000000	,-2.000000	,12.000000	,10.000000	,186.000000	,
-183.000000	,-3.000000	,1.500000	,8.000000	,12.500000	,8.500000	,0.000000	,3.500000	,3.500000	,2.000000	,-2.500000	,-1.500000	,-4.000000	,8.000000	,283.000000	,351.000000	,86.500000	,-38.500000	,6.500000	,3.500000	,12.000000	,11.500000	,-4.000000	,-17.000000	,15.500000	,8.500000	,-19.000000	,8.500000	,1.000000	,6.500000	,4.000000	,-14.500000	,-8.500000	,-19.500000	,0.500000	,2.000000	,16.000000	,-3.500000	,18.500000	,11.000000	,-12.500000	,-23.500000	,0.000000	,-17.000000	,-29.000000	,-31.500000	,-23.000000	,2.000000	,-0.500000	,-3.500000	,9.500000	,6.000000	,33.500000	,20.000000	,13.500000	,5.500000	,-8.000000	,1.500000	,19.500000	,88.500000	,58.500000	,21.000000	,1.500000	,-24.500000	,5.000000	,-8.000000	,-7.000000	,18.500000	,19.000000	,-17.000000	,0.500000	,11.000000	,-7.000000	,9.000000	,9.500000	,9.500000	,7.000000	,-12.000000	,-43.500000	,-17.000000	,-16.500000	,-43.000000	,-30.500000	,60.500000	,49.500000	,14.500000	,29.000000	,-5.500000	,-52.500000	,-10.000000	,5.000000	,-4.500000	,5.500000	,11.500000	,-7.000000	,-16.500000	,-3.500000	,-16.000000	,-37.000000	,-50.500000	,-56.000000	,-31.000000	,2.500000	,-11.000000	,26.500000	,20.000000	,-12.500000	,9.000000	,25.000000	,4.000000	,17.000000	,67.500000	,202.500000	,97.500000	,-14.000000	,18.500000	,19.500000	,3.000000	,-10.000000	,14.000000	,-6.500000	,-7.000000	,-239.500000	,-266.500000	,-70.000000	,26.000000	,48.500000	,19.500000	,4.000000	,-7.000000	,-25.000000	,-13.500000	,14.000000	,212.000000	,285.500000	,95.500000	,-57.000000	,-7.500000	,-7.500000	,3.500000	,15.500000	,-6.000000	,-14.000000	,10.500000	,28.000000	,-10.500000	,-16.000000	,-175.000000	,-334.000000	,-235.500000	,-28.500000	,22.500000	,10.000000	,-6.000000	,-0.500000	,-14.000000	,0.000000	,38.500000	,42.500000	,-12.000000	,5.500000	,-2.000000	,-25.000000	,4.000000	,14.500000	,18.000000	,129.500000	,231.500000	,285.000000	,253.500000	,135.000000	,6.000000	,-23.500000	,4.500000	,-34.500000	,-16.000000	,-9.000000	,-14.500000	,-12.500000	,7.500000	,33.500000	,7.000000	,-2.000000	,-12.500000	,-1.500000	,14.500000	,-5.000000	,-23.500000	,-3.000000	,-33.000000	,-15.500000	,0.500000	,1.500000	,4.000000	,11.500000	,3.000000	,12.500000	,53.000000	,37.500000	,-17.000000	,-14.500000	,2.500000	,8.500000	,-35.000000	,-82.500000	,-244.000000	,-301.000000	,-267.000000	,-225.000000	,-213.500000	,-129.500000	,14.500000	,-7.000000	,-26.500000	,3.500000	,27.000000	,8.000000	,0.000000	,24.500000	,-7.500000	,-31.000000	,-25.000000	,-8.000000	,6.000000	,2.500000	,-5.000000	,-8.000000	,1.000000	,-12.000000	,-9.000000	,-19.000000	,-16.000000	,4.500000	,4.500000	,-8.500000	,10.000000	,1.000000	,-4.000000	,-1.500000	,185.000000	,
-172.500000	,1.000000	,14.000000	,11.500000	,-4.500000	,-10.000000	,-2.000000	,7.000000	,6.000000	,-4.500000	,1.500000	,2.000000	,2.500000	,0.500000	,229.500000	,410.500000	,278.000000	,49.000000	,6.500000	,6.000000	,11.500000	,5.500000	,-1.000000	,-20.500000	,34.000000	,25.000000	,-10.500000	,-29.000000	,-12.000000	,3.500000	,0.000000	,-12.500000	,-27.500000	,-18.500000	,-13.000000	,-3.500000	,19.500000	,-2.500000	,4.500000	,38.000000	,17.500000	,-14.500000	,4.500000	,-11.000000	,0.000000	,-10.000000	,2.500000	,-4.000000	,-16.000000	,-17.000000	,-9.500000	,-5.500000	,-5.000000	,-14.000000	,7.000000	,11.500000	,28.000000	,63.500000	,94.500000	,79.500000	,-0.500000	,12.000000	,15.000000	,-13.000000	,4.000000	,-5.000000	,7.000000	,25.500000	,1.000000	,-35.000000	,-15.000000	,9.500000	,7.500000	,19.500000	,25.500000	,1.500000	,12.000000	,1.500000	,-20.000000	,3.500000	,34.500000	,6.000000	,41.500000	,118.000000	,-10.000000	,-8.500000	,12.500000	,4.000000	,-37.000000	,-12.500000	,29.500000	,16.500000	,-11.500000	,12.000000	,9.000000	,-10.000000	,-11.000000	,3.000000	,-127.000000	,-182.500000	,-43.000000	,-15.500000	,-11.000000	,9.500000	,-2.000000	,-4.000000	,-4.000000	,24.000000	,0.000000	,4.000000	,34.000000	,116.500000	,214.000000	,63.500000	,-37.500000	,-14.000000	,14.500000	,15.500000	,-2.000000	,-0.500000	,-10.500000	,-25.000000	,-223.500000	,-281.500000	,-132.000000	,4.000000	,8.000000	,0.000000	,-16.500000	,-9.000000	,-4.000000	,1.000000	,11.500000	,171.000000	,320.500000	,238.500000	,53.000000	,5.000000	,7.500000	,-22.000000	,-25.000000	,-11.000000	,-11.500000	,2.000000	,1.000000	,-40.000000	,-23.000000	,-47.000000	,-228.500000	,-330.500000	,-174.000000	,30.000000	,11.000000	,-12.500000	,-1.000000	,-2.000000	,-17.500000	,-9.000000	,13.500000	,-33.500000	,-14.500000	,-7.000000	,-26.500000	,-7.500000	,4.000000	,-18.500000	,-19.500000	,74.500000	,207.500000	,317.500000	,282.000000	,133.500000	,54.500000	,20.000000	,8.500000	,3.500000	,-17.500000	,-18.500000	,-25.500000	,0.500000	,9.500000	,-6.500000	,3.000000	,-12.000000	,-11.000000	,23.000000	,15.000000	,1.000000	,-5.000000	,-43.500000	,-32.000000	,-9.500000	,-28.000000	,-26.500000	,9.500000	,-27.500000	,-24.000000	,24.000000	,28.000000	,-6.500000	,4.000000	,11.000000	,-6.000000	,-1.500000	,20.000000	,-68.500000	,-161.000000	,-189.500000	,-211.000000	,-284.500000	,-258.000000	,-116.500000	,-81.000000	,-52.500000	,-15.500000	,24.000000	,21.500000	,-5.500000	,7.000000	,1.000000	,-8.500000	,-15.000000	,-21.500000	,-20.000000	,-40.500000	,5.500000	,10.500000	,4.000000	,-2.000000	,8.000000	,-5.500000	,-13.000000	,15.000000	,-0.500000	,-9.500000	,7.000000	,-0.500000	,1.500000	,-6.000000	,168.500000	,
-193.000000	,-10.500000	,-2.500000	,4.500000	,-3.000000	,-11.500000	,-6.000000	,-6.500000	,-4.500000	,-18.000000	,1.000000	,-3.000000	,-4.000000	,4.500000	,90.000000	,308.000000	,345.000000	,180.000000	,-12.000000	,18.500000	,5.500000	,4.500000	,-0.500000	,-35.000000	,8.000000	,46.500000	,4.000000	,-28.500000	,0.000000	,12.500000	,26.500000	,24.500000	,-9.000000	,1.000000	,2.000000	,-8.000000	,-6.500000	,-20.500000	,-17.500000	,19.000000	,22.500000	,21.500000	,25.000000	,7.500000	,-15.500000	,-4.500000	,13.500000	,22.500000	,-0.500000	,-16.500000	,-10.000000	,-7.500000	,-12.000000	,-6.500000	,11.000000	,4.000000	,68.500000	,93.000000	,40.500000	,31.500000	,4.500000	,16.000000	,4.000000	,-8.500000	,-15.000000	,-5.000000	,-10.500000	,30.500000	,8.500000	,-25.000000	,8.500000	,-1.500000	,-22.000000	,-8.500000	,6.000000	,-24.500000	,-13.000000	,13.500000	,-0.500000	,29.000000	,48.500000	,-5.500000	,77.000000	,69.000000	,-14.500000	,-21.000000	,27.000000	,9.000000	,-26.000000	,-20.500000	,15.500000	,-10.000000	,-5.500000	,15.500000	,36.500000	,20.000000	,-4.000000	,6.000000	,-167.000000	,-202.000000	,12.000000	,0.500000	,-10.000000	,2.500000	,12.000000	,15.500000	,-9.500000	,7.500000	,-7.000000	,-15.000000	,8.500000	,131.500000	,203.500000	,30.500000	,-23.000000	,4.500000	,11.500000	,24.000000	,7.000000	,8.500000	,-7.500000	,4.500000	,-128.500000	,-261.500000	,-122.500000	,-13.000000	,17.000000	,-10.000000	,8.000000	,13.000000	,13.500000	,-10.000000	,-14.500000	,33.000000	,242.500000	,304.500000	,84.000000	,-25.500000	,4.500000	,2.000000	,-3.000000	,1.500000	,-11.000000	,5.000000	,40.500000	,7.500000	,-36.000000	,-12.500000	,-108.000000	,-286.000000	,-317.000000	,-112.000000	,-4.500000	,-7.500000	,5.500000	,12.500000	,-30.000000	,-25.000000	,-0.500000	,-6.500000	,4.000000	,19.000000	,23.500000	,35.500000	,14.000000	,1.500000	,27.500000	,33.000000	,27.500000	,184.500000	,320.000000	,295.000000	,210.500000	,43.500000	,9.500000	,7.000000	,0.000000	,12.500000	,-45.000000	,-17.000000	,13.500000	,-22.500000	,12.000000	,-13.500000	,-33.500000	,20.500000	,5.000000	,6.000000	,16.000000	,1.500000	,-5.500000	,11.000000	,-26.500000	,-25.000000	,17.000000	,-11.000000	,-41.000000	,-14.500000	,4.500000	,1.000000	,5.000000	,39.000000	,27.000000	,-16.500000	,-30.500000	,-5.000000	,5.000000	,16.000000	,4.000000	,-205.500000	,-276.500000	,-257.000000	,-279.500000	,-253.500000	,-145.000000	,18.000000	,15.000000	,13.000000	,-5.500000	,-4.500000	,-5.500000	,-11.000000	,-8.500000	,-45.500000	,-50.500000	,0.500000	,13.500000	,5.500000	,15.000000	,31.500000	,9.000000	,0.000000	,6.500000	,-13.500000	,-16.000000	,4.500000	,-5.000000	,10.500000	,3.500000	,182.000000	,
-183.500000	,-1.000000	,-1.500000	,7.000000	,4.500000	,2.500000	,-0.500000	,7.500000	,3.000000	,-12.500000	,5.000000	,-3.500000	,-20.500000	,-14.000000	,5.500000	,159.500000	,323.500000	,190.000000	,-20.000000	,11.500000	,-8.000000	,17.500000	,15.000000	,-52.000000	,-34.000000	,19.500000	,14.000000	,-16.500000	,-3.000000	,5.000000	,41.500000	,27.000000	,-6.500000	,-5.500000	,-1.500000	,-10.000000	,2.500000	,10.500000	,-26.500000	,5.000000	,1.000000	,19.000000	,10.000000	,2.500000	,-25.000000	,-19.000000	,16.500000	,28.000000	,42.500000	,26.000000	,17.000000	,14.000000	,3.500000	,-6.000000	,18.000000	,88.500000	,52.000000	,10.000000	,6.500000	,6.500000	,-1.500000	,12.500000	,40.500000	,5.500000	,-27.000000	,-36.000000	,-13.500000	,26.000000	,-4.000000	,-20.000000	,-11.000000	,-47.500000	,-43.000000	,-15.000000	,27.000000	,-1.500000	,-25.000000	,-7.500000	,-27.500000	,-21.000000	,24.000000	,48.500000	,57.000000	,-34.500000	,3.000000	,22.500000	,31.500000	,21.000000	,-14.000000	,-13.500000	,-4.000000	,-13.000000	,-9.500000	,-3.000000	,13.000000	,9.000000	,1.000000	,33.500000	,-110.500000	,-67.500000	,20.500000	,3.500000	,28.000000	,30.500000	,3.000000	,1.500000	,-7.500000	,7.000000	,-7.000000	,-30.500000	,0.000000	,169.500000	,200.500000	,-2.500000	,-4.500000	,4.500000	,-0.500000	,-3.500000	,-20.000000	,-0.500000	,6.000000	,36.500000	,-116.000000	,-204.500000	,-55.000000	,-3.000000	,38.000000	,16.500000	,-13.500000	,-7.500000	,-13.500000	,-13.000000	,16.500000	,-4.500000	,121.000000	,278.000000	,145.500000	,-3.000000	,43.000000	,36.000000	,10.000000	,-1.500000	,1.500000	,2.000000	,40.000000	,33.000000	,-1.000000	,-30.000000	,-2.500000	,-162.000000	,-324.000000	,-256.500000	,-63.500000	,27.000000	,8.000000	,27.000000	,6.000000	,1.500000	,-4.000000	,15.000000	,16.500000	,20.500000	,22.000000	,25.500000	,7.500000	,-27.500000	,-14.500000	,-24.500000	,-37.000000	,41.500000	,124.500000	,252.500000	,301.500000	,177.000000	,-5.000000	,-8.500000	,8.500000	,-8.000000	,-30.000000	,0.000000	,13.500000	,-8.500000	,29.000000	,5.500000	,-16.000000	,-1.000000	,-22.500000	,2.500000	,41.500000	,13.000000	,-24.500000	,7.500000	,-17.500000	,-4.500000	,26.500000	,11.500000	,7.500000	,-10.000000	,-13.500000	,3.500000	,-25.500000	,36.500000	,48.000000	,10.000000	,-17.500000	,-22.000000	,-33.500000	,-22.000000	,10.500000	,-64.500000	,-84.500000	,-122.000000	,-205.500000	,-307.000000	,-300.500000	,-212.000000	,-157.500000	,-86.000000	,-1.000000	,11.000000	,-1.500000	,-13.000000	,-5.500000	,-40.000000	,-34.000000	,0.500000	,-7.000000	,-3.000000	,3.000000	,2.000000	,-6.500000	,6.500000	,9.000000	,-7.500000	,-8.500000	,-7.000000	,-1.500000	,19.500000	,13.000000	,194.000000	,
-190.000000	,-1.500000	,1.000000	,3.000000	,-2.500000	,7.000000	,3.000000	,9.500000	,11.500000	,-0.500000	,15.500000	,13.500000	,0.500000	,1.500000	,14.000000	,86.500000	,330.500000	,283.500000	,65.500000	,6.000000	,-2.500000	,3.000000	,5.500000	,-17.000000	,-16.000000	,-9.500000	,10.500000	,2.000000	,8.500000	,-6.000000	,0.000000	,6.500000	,1.000000	,-4.500000	,14.000000	,-11.000000	,2.000000	,9.500000	,-8.500000	,-16.000000	,-15.000000	,-14.000000	,16.500000	,20.500000	,-6.000000	,-8.000000	,4.000000	,-21.000000	,-13.500000	,5.500000	,9.500000	,8.500000	,14.000000	,59.500000	,115.500000	,64.500000	,-7.500000	,8.000000	,9.000000	,-0.500000	,4.500000	,4.000000	,26.000000	,6.500000	,-13.500000	,-7.000000	,4.500000	,36.500000	,0.000000	,23.500000	,28.000000	,13.000000	,2.500000	,-6.000000	,26.500000	,24.500000	,4.500000	,-21.500000	,-36.500000	,-31.000000	,-26.500000	,75.000000	,48.500000	,-11.000000	,-6.500000	,-2.000000	,23.500000	,32.500000	,-3.000000	,4.000000	,8.000000	,-1.000000	,4.500000	,-11.500000	,18.000000	,25.000000	,-27.500000	,-65.000000	,-91.000000	,8.000000	,-9.000000	,-35.000000	,-19.500000	,-14.000000	,-35.500000	,-23.000000	,-27.000000	,-0.500000	,7.500000	,-3.000000	,-3.000000	,209.500000	,203.000000	,-17.500000	,12.500000	,12.000000	,22.500000	,-9.000000	,-6.000000	,-26.000000	,-7.000000	,18.500000	,-167.500000	,-239.500000	,-152.500000	,-10.000000	,32.000000	,5.000000	,-13.000000	,14.000000	,-8.500000	,3.500000	,-3.500000	,-19.500000	,94.500000	,300.500000	,232.500000	,28.000000	,6.000000	,-0.500000	,-1.000000	,3.500000	,10.000000	,-11.500000	,-5.500000	,38.500000	,44.500000	,-20.500000	,-9.000000	,-8.500000	,-180.500000	,-290.000000	,-203.500000	,-39.000000	,12.000000	,12.500000	,21.000000	,7.500000	,-16.000000	,-17.500000	,-29.000000	,-33.500000	,-3.000000	,-2.500000	,-0.500000	,-20.000000	,-4.500000	,-15.000000	,-52.000000	,-24.000000	,-13.500000	,85.000000	,264.000000	,302.500000	,194.000000	,74.500000	,16.000000	,20.000000	,-5.500000	,25.000000	,30.500000	,2.000000	,32.000000	,31.500000	,7.000000	,17.000000	,-11.000000	,-17.000000	,1.000000	,-2.500000	,1.500000	,10.000000	,-13.000000	,-32.000000	,10.500000	,24.000000	,15.500000	,-29.000000	,-14.000000	,-10.000000	,-49.000000	,-13.000000	,19.000000	,40.500000	,15.500000	,7.000000	,-14.500000	,3.000000	,-4.000000	,-3.500000	,46.500000	,40.000000	,-35.000000	,-169.000000	,-235.000000	,-267.000000	,-272.500000	,-260.000000	,-95.500000	,8.000000	,-9.000000	,-21.500000	,-7.000000	,-22.000000	,-12.500000	,0.000000	,-9.000000	,-5.000000	,-2.000000	,-15.000000	,-4.000000	,12.000000	,16.500000	,7.000000	,3.000000	,-6.000000	,-7.500000	,0.000000	,-0.500000	,192.000000	,
-192.000000	,-5.000000	,-13.000000	,-3.000000	,-1.500000	,3.000000	,0.500000	,1.500000	,2.000000	,-7.000000	,-11.500000	,8.000000	,22.500000	,8.500000	,-5.500000	,76.500000	,298.500000	,393.000000	,269.000000	,58.000000	,-5.000000	,6.500000	,-12.000000	,21.000000	,3.500000	,0.500000	,-10.500000	,4.000000	,10.500000	,-6.500000	,6.000000	,14.500000	,-2.500000	,-18.500000	,23.500000	,-13.000000	,-12.000000	,11.000000	,16.500000	,31.500000	,2.500000	,-2.500000	,-1.500000	,11.000000	,-25.000000	,-20.000000	,8.500000	,-28.000000	,-17.000000	,1.000000	,3.000000	,22.000000	,70.500000	,49.000000	,17.000000	,-5.500000	,-41.500000	,-11.000000	,-9.500000	,-27.000000	,-25.500000	,-16.500000	,6.500000	,20.500000	,12.000000	,11.500000	,-1.500000	,11.500000	,-14.500000	,31.000000	,39.500000	,4.500000	,-26.000000	,-13.000000	,19.500000	,14.000000	,23.500000	,-3.000000	,4.000000	,-6.000000	,-92.000000	,19.500000	,21.000000	,18.500000	,-14.000000	,-13.500000	,-10.000000	,4.000000	,-9.000000	,-9.000000	,6.500000	,-12.000000	,-1.500000	,7.500000	,28.000000	,12.500000	,-35.500000	,-172.500000	,-106.500000	,21.000000	,24.500000	,-23.500000	,-9.500000	,26.000000	,7.000000	,-2.000000	,-14.500000	,-22.000000	,6.000000	,-3.000000	,15.000000	,218.500000	,157.500000	,-35.000000	,-28.500000	,-10.500000	,25.000000	,-0.500000	,-8.000000	,-8.000000	,-6.000000	,-10.000000	,-158.500000	,-267.000000	,-199.500000	,-14.500000	,11.500000	,-6.500000	,21.500000	,6.000000	,-9.000000	,16.500000	,6.000000	,1.000000	,49.000000	,220.000000	,255.000000	,81.500000	,-1.000000	,-1.000000	,-9.500000	,-18.500000	,15.500000	,5.000000	,-26.500000	,3.500000	,30.500000	,-4.000000	,-29.500000	,-5.500000	,-58.500000	,-254.000000	,-306.000000	,-148.500000	,-0.500000	,-2.500000	,13.500000	,19.500000	,-6.500000	,0.000000	,1.000000	,7.500000	,-4.500000	,-9.500000	,11.500000	,9.500000	,22.000000	,7.000000	,-5.000000	,5.500000	,13.500000	,-20.500000	,143.500000	,253.500000	,292.500000	,252.500000	,142.500000	,44.000000	,-14.500000	,-8.000000	,3.500000	,-8.000000	,7.500000	,18.000000	,31.000000	,18.500000	,-26.000000	,10.000000	,10.000000	,28.500000	,5.500000	,12.500000	,-7.000000	,-19.500000	,-27.000000	,1.000000	,16.500000	,-27.500000	,-6.500000	,-17.500000	,-27.500000	,-8.500000	,5.500000	,17.000000	,7.500000	,-6.500000	,7.500000	,8.500000	,-23.500000	,-24.500000	,25.000000	,5.000000	,-9.500000	,8.000000	,-30.000000	,-79.500000	,-195.500000	,-316.000000	,-295.000000	,-249.000000	,-170.000000	,-39.500000	,-15.000000	,-2.500000	,6.000000	,4.000000	,-13.500000	,-22.000000	,-3.000000	,-4.500000	,-6.500000	,0.000000	,5.500000	,12.000000	,5.000000	,-5.000000	,-3.000000	,-8.500000	,-18.000000	,189.500000	,
-182.000000	,-10.500000	,-33.000000	,0.500000	,2.000000	,6.500000	,-2.500000	,-14.000000	,1.000000	,-3.000000	,-16.000000	,-5.500000	,5.000000	,0.500000	,-4.500000	,-6.000000	,110.500000	,339.500000	,293.000000	,37.500000	,5.000000	,-11.500000	,-14.000000	,-2.000000	,9.500000	,12.500000	,-15.000000	,-37.500000	,-15.500000	,10.500000	,-4.500000	,36.500000	,23.000000	,-23.000000	,1.500000	,5.000000	,-8.000000	,-1.000000	,9.500000	,34.000000	,-6.000000	,-11.500000	,-5.500000	,20.500000	,-4.000000	,9.000000	,31.500000	,25.000000	,18.500000	,0.000000	,47.000000	,68.500000	,18.500000	,-19.500000	,7.500000	,6.500000	,-6.000000	,-2.000000	,-8.500000	,-5.500000	,2.000000	,-27.500000	,-19.000000	,-35.000000	,-17.000000	,-16.500000	,-3.500000	,-28.000000	,-40.000000	,-29.500000	,-1.000000	,-8.000000	,-33.500000	,-33.500000	,-7.500000	,-7.500000	,5.500000	,-26.000000	,32.000000	,41.500000	,-12.500000	,-1.500000	,-12.500000	,0.500000	,8.500000	,-1.500000	,-29.000000	,12.500000	,-7.500000	,-18.000000	,-17.000000	,-9.500000	,-15.500000	,-33.000000	,-14.500000	,-16.000000	,-38.500000	,-38.500000	,-31.500000	,-3.500000	,17.500000	,13.500000	,13.000000	,27.500000	,45.000000	,22.500000	,-12.500000	,-33.500000	,6.500000	,-16.500000	,35.000000	,212.500000	,114.000000	,-31.000000	,-40.000000	,-15.500000	,0.000000	,13.000000	,6.000000	,22.500000	,9.500000	,-6.500000	,-46.000000	,-207.500000	,-162.000000	,8.500000	,-6.000000	,0.000000	,36.500000	,5.000000	,0.500000	,2.000000	,-19.500000	,13.000000	,35.500000	,180.000000	,283.500000	,210.000000	,12.500000	,-21.500000	,-25.500000	,-26.000000	,12.000000	,19.000000	,-8.500000	,-8.000000	,21.500000	,-19.500000	,-24.000000	,-21.500000	,-11.500000	,-124.500000	,-293.000000	,-248.000000	,-76.500000	,-3.000000	,-1.000000	,-1.000000	,4.000000	,7.000000	,-9.500000	,17.000000	,13.000000	,8.000000	,-1.000000	,15.500000	,31.500000	,26.000000	,13.500000	,14.500000	,8.500000	,16.000000	,11.500000	,49.000000	,188.500000	,285.000000	,291.000000	,144.500000	,3.500000	,-7.000000	,-5.500000	,-9.500000	,-12.000000	,-19.500000	,10.000000	,8.500000	,14.000000	,39.500000	,6.000000	,10.000000	,10.000000	,-2.000000	,-4.500000	,-27.500000	,-31.000000	,6.000000	,29.000000	,17.000000	,12.000000	,-7.000000	,-15.000000	,-23.000000	,-3.500000	,19.500000	,13.000000	,-21.000000	,25.500000	,21.500000	,-21.500000	,-6.500000	,21.500000	,-3.000000	,-14.000000	,1.000000	,-6.500000	,-2.500000	,-47.500000	,-152.500000	,-226.500000	,-306.000000	,-312.500000	,-260.000000	,-174.000000	,1.500000	,8.000000	,17.500000	,6.000000	,3.500000	,2.500000	,1.000000	,-7.500000	,-10.500000	,-9.000000	,-3.500000	,-9.000000	,1.500000	,8.000000	,-2.000000	,-6.500000	,185.000000	,
-164.500000	,11.000000	,-15.500000	,-11.500000	,-1.000000	,7.000000	,3.000000	,-3.000000	,17.000000	,17.500000	,2.000000	,4.000000	,3.500000	,3.000000	,6.000000	,-10.000000	,-4.000000	,235.000000	,347.000000	,178.500000	,11.500000	,10.500000	,-8.500000	,-5.500000	,18.500000	,6.500000	,1.500000	,2.000000	,-2.000000	,2.500000	,-23.500000	,6.500000	,-2.000000	,-28.000000	,-4.000000	,14.500000	,-13.000000	,-34.500000	,-4.500000	,10.000000	,-13.000000	,-21.000000	,11.000000	,41.500000	,0.000000	,7.500000	,-5.500000	,-6.500000	,9.000000	,84.000000	,117.000000	,37.000000	,-3.000000	,-14.000000	,10.500000	,20.000000	,16.000000	,-9.500000	,-19.000000	,2.500000	,0.500000	,-20.500000	,-10.500000	,-9.500000	,4.500000	,-4.000000	,16.500000	,12.500000	,-23.500000	,-24.000000	,19.500000	,44.500000	,-1.500000	,-12.000000	,3.500000	,-8.000000	,12.500000	,29.500000	,101.000000	,11.500000	,10.500000	,-19.500000	,-25.000000	,-24.500000	,-4.000000	,12.500000	,-11.500000	,27.500000	,9.500000	,-3.500000	,7.500000	,-8.500000	,-3.500000	,8.000000	,-3.000000	,-110.500000	,-129.000000	,0.000000	,-14.500000	,-32.000000	,-15.000000	,2.000000	,-27.500000	,-9.000000	,-3.500000	,25.500000	,25.000000	,-9.500000	,-9.500000	,-20.500000	,109.500000	,214.000000	,81.500000	,25.000000	,19.500000	,-0.500000	,16.500000	,-16.000000	,-6.500000	,31.000000	,16.500000	,9.000000	,-38.500000	,-222.000000	,-195.000000	,-23.000000	,-35.000000	,-37.500000	,9.000000	,2.000000	,0.500000	,3.000000	,-36.000000	,-14.500000	,-5.500000	,86.500000	,250.000000	,313.000000	,109.000000	,-26.500000	,-2.000000	,-15.500000	,-31.000000	,9.500000	,-0.500000	,8.500000	,43.500000	,8.500000	,-3.500000	,0.500000	,7.500000	,-24.000000	,-190.000000	,-307.000000	,-207.500000	,-46.500000	,-26.500000	,-15.000000	,-10.000000	,-13.000000	,-7.500000	,25.000000	,18.500000	,0.500000	,0.000000	,13.000000	,8.000000	,9.000000	,-1.500000	,23.000000	,19.000000	,22.500000	,35.000000	,5.000000	,35.000000	,143.000000	,304.500000	,270.000000	,70.500000	,9.000000	,-11.000000	,-6.500000	,7.500000	,-10.000000	,48.000000	,-11.000000	,-5.000000	,12.500000	,8.000000	,7.500000	,22.000000	,-11.000000	,2.000000	,5.000000	,-5.000000	,12.500000	,35.500000	,25.500000	,9.500000	,-11.000000	,-24.500000	,-21.500000	,-13.500000	,21.500000	,5.000000	,-9.500000	,2.000000	,-3.000000	,-33.000000	,4.500000	,-4.000000	,-36.500000	,-4.000000	,22.000000	,11.500000	,2.500000	,25.500000	,69.000000	,29.000000	,-129.000000	,-240.000000	,-285.000000	,-154.000000	,-15.000000	,-2.000000	,10.500000	,13.500000	,7.000000	,7.500000	,9.500000	,5.500000	,-5.000000	,1.500000	,2.000000	,-12.000000	,1.000000	,17.000000	,2.500000	,5.000000	,191.500000	,
-165.000000	,13.500000	,-8.500000	,-8.000000	,-6.500000	,12.000000	,8.000000	,4.000000	,10.500000	,2.000000	,-5.000000	,7.500000	,6.000000	,21.000000	,11.500000	,-10.500000	,-2.500000	,188.500000	,384.000000	,339.000000	,107.000000	,14.500000	,10.500000	,15.500000	,2.000000	,-7.000000	,16.500000	,19.000000	,2.500000	,1.000000	,2.000000	,-5.500000	,6.500000	,-20.500000	,-13.500000	,23.000000	,15.500000	,-15.500000	,-3.500000	,28.000000	,6.500000	,-13.500000	,-8.000000	,2.500000	,2.000000	,-11.500000	,-36.000000	,18.500000	,88.000000	,68.500000	,34.000000	,20.000000	,18.500000	,-1.000000	,-5.500000	,-10.000000	,10.000000	,-4.000000	,-33.000000	,-6.500000	,8.500000	,30.500000	,24.000000	,21.500000	,15.000000	,24.500000	,17.500000	,30.000000	,33.500000	,8.500000	,7.500000	,29.000000	,6.500000	,-2.500000	,10.500000	,-3.000000	,-11.500000	,60.000000	,62.500000	,-9.000000	,5.000000	,7.000000	,8.000000	,1.500000	,13.500000	,-1.500000	,-1.000000	,10.500000	,14.000000	,14.000000	,1.500000	,-3.000000	,9.500000	,19.500000	,31.500000	,-175.500000	,-204.500000	,34.000000	,18.500000	,-6.000000	,4.000000	,15.000000	,-28.000000	,-2.000000	,14.000000	,31.000000	,25.500000	,-5.500000	,-5.500000	,-9.000000	,143.000000	,199.500000	,32.000000	,1.500000	,13.000000	,8.000000	,4.500000	,-34.000000	,-21.000000	,4.500000	,13.000000	,11.000000	,-42.500000	,-244.500000	,-262.500000	,-56.500000	,-21.000000	,-48.000000	,-3.000000	,-17.000000	,28.000000	,4.000000	,-20.500000	,-33.000000	,-24.500000	,-16.500000	,141.000000	,304.000000	,159.000000	,-2.500000	,25.000000	,10.500000	,-29.000000	,-16.000000	,-27.500000	,-6.000000	,34.000000	,-2.500000	,-19.000000	,-8.500000	,1.500000	,-6.000000	,-75.000000	,-243.500000	,-299.000000	,-137.000000	,-14.500000	,-21.500000	,1.000000	,4.500000	,-10.000000	,-18.000000	,-10.000000	,-28.500000	,-18.500000	,-21.000000	,-12.500000	,1.000000	,9.000000	,20.500000	,16.500000	,35.000000	,15.500000	,11.000000	,-13.000000	,7.500000	,202.000000	,306.000000	,255.500000	,162.000000	,4.000000	,2.000000	,-10.500000	,-14.000000	,11.000000	,-16.000000	,-23.500000	,23.000000	,-9.500000	,-11.500000	,10.500000	,14.000000	,9.500000	,14.000000	,7.000000	,-1.500000	,6.500000	,22.000000	,11.500000	,-0.500000	,-3.500000	,11.000000	,23.500000	,11.500000	,-23.000000	,-27.500000	,1.500000	,-23.000000	,-19.500000	,19.500000	,12.000000	,2.500000	,-1.000000	,23.500000	,26.000000	,-24.500000	,-14.500000	,6.500000	,10.500000	,-13.000000	,-101.500000	,-158.500000	,-38.000000	,-14.000000	,-5.500000	,-16.500000	,-17.500000	,-16.000000	,5.000000	,3.000000	,2.000000	,-15.000000	,10.500000	,-0.500000	,-11.000000	,-2.500000	,-8.500000	,-11.000000	,1.500000	,199.000000	,
-186.000000	,8.000000	,4.000000	,-1.000000	,-6.000000	,0.000000	,-15.500000	,-32.500000	,-11.500000	,-13.000000	,-1.500000	,0.000000	,1.500000	,8.000000	,-9.000000	,3.000000	,5.000000	,31.000000	,279.500000	,389.000000	,261.000000	,28.000000	,-14.500000	,-1.000000	,12.000000	,-6.500000	,-1.500000	,13.500000	,-12.000000	,16.500000	,35.500000	,16.500000	,20.500000	,-13.000000	,0.000000	,13.000000	,11.500000	,10.000000	,-5.000000	,-8.500000	,-12.000000	,-14.000000	,-20.500000	,-18.500000	,3.000000	,25.000000	,45.000000	,82.000000	,2.000000	,-37.500000	,-21.000000	,13.000000	,34.000000	,1.000000	,-1.500000	,8.500000	,23.000000	,20.000000	,21.000000	,16.000000	,-6.500000	,-10.500000	,-16.500000	,-33.500000	,-12.000000	,-3.500000	,4.000000	,16.000000	,6.500000	,-15.500000	,-16.000000	,-4.000000	,1.000000	,-7.500000	,-1.500000	,34.500000	,41.000000	,31.000000	,-4.500000	,-14.000000	,9.500000	,13.000000	,6.000000	,-0.500000	,-1.500000	,-18.000000	,-14.000000	,7.500000	,-4.000000	,-6.500000	,4.500000	,-2.000000	,-20.500000	,-31.000000	,-1.500000	,-153.500000	,-127.000000	,31.000000	,2.500000	,-14.500000	,34.000000	,25.500000	,-20.500000	,19.000000	,-13.000000	,2.500000	,2.000000	,-6.000000	,-13.000000	,-14.500000	,200.500000	,195.500000	,-6.000000	,4.000000	,-18.500000	,-5.500000	,30.000000	,3.000000	,-17.000000	,-3.000000	,-19.500000	,-16.000000	,-6.500000	,-187.500000	,-249.000000	,-4.000000	,-4.000000	,-19.000000	,7.000000	,-14.500000	,-13.000000	,-14.000000	,27.500000	,-24.500000	,-20.500000	,-23.500000	,65.000000	,293.000000	,235.500000	,38.500000	,35.000000	,25.500000	,9.500000	,29.000000	,-24.000000	,-23.500000	,15.000000	,-7.000000	,-15.000000	,9.500000	,6.000000	,-1.500000	,3.500000	,-126.500000	,-293.000000	,-259.500000	,-87.500000	,0.500000	,-14.500000	,-32.000000	,-22.500000	,9.500000	,-8.500000	,-20.500000	,2.000000	,-13.500000	,-1.000000	,1.500000	,-17.500000	,-27.000000	,-29.000000	,9.000000	,-23.000000	,-22.500000	,3.000000	,-20.500000	,73.500000	,186.500000	,284.000000	,299.500000	,186.500000	,118.500000	,-37.000000	,-27.500000	,9.000000	,-16.500000	,-35.500000	,-2.000000	,-5.000000	,0.500000	,-6.500000	,9.000000	,8.000000	,-5.000000	,-5.000000	,6.000000	,-17.000000	,-0.500000	,33.500000	,27.000000	,7.000000	,-15.500000	,2.500000	,19.000000	,-4.000000	,-1.000000	,25.500000	,8.000000	,7.500000	,5.500000	,12.000000	,-4.000000	,-24.500000	,-6.500000	,-15.500000	,-51.500000	,-17.000000	,-29.500000	,8.000000	,-23.500000	,-212.000000	,-166.000000	,2.000000	,-4.500000	,11.000000	,6.000000	,-2.500000	,-12.000000	,-6.000000	,13.000000	,2.500000	,-8.500000	,5.000000	,-2.500000	,1.500000	,4.000000	,6.500000	,-2.500000	,0.000000	,195.000000	,
-182.000000	,4.000000	,7.500000	,3.000000	,-9.500000	,-6.000000	,-3.500000	,-17.500000	,-19.500000	,-6.500000	,-5.000000	,-14.500000	,-13.000000	,5.500000	,-6.500000	,26.000000	,7.000000	,8.500000	,106.500000	,330.000000	,321.500000	,73.000000	,-14.000000	,-0.500000	,-5.000000	,-7.000000	,-9.500000	,-5.000000	,-28.500000	,-9.000000	,-15.500000	,11.500000	,29.000000	,-6.500000	,-20.000000	,-19.000000	,14.000000	,10.500000	,-4.000000	,-7.500000	,-27.000000	,-3.500000	,-10.000000	,-18.500000	,58.500000	,123.500000	,78.500000	,6.500000	,-39.500000	,-17.500000	,-25.000000	,-24.000000	,1.500000	,1.000000	,2.500000	,12.000000	,0.500000	,8.000000	,11.000000	,2.000000	,-20.000000	,4.500000	,5.500000	,-22.000000	,2.000000	,-16.000000	,-29.000000	,-17.000000	,-4.500000	,0.500000	,12.500000	,15.000000	,24.000000	,-6.000000	,-12.000000	,41.500000	,57.000000	,20.500000	,-1.000000	,-3.500000	,-0.500000	,0.000000	,-8.500000	,17.000000	,-6.000000	,-17.500000	,-15.000000	,1.000000	,0.000000	,-7.500000	,0.500000	,21.500000	,-3.000000	,-68.500000	,-60.500000	,-100.500000	,-44.000000	,-12.000000	,-17.500000	,-25.500000	,8.500000	,-7.500000	,-18.000000	,19.500000	,-4.000000	,26.500000	,31.000000	,-9.500000	,4.500000	,28.500000	,222.500000	,168.000000	,-8.500000	,24.000000	,1.500000	,-22.500000	,-7.000000	,-2.500000	,-11.500000	,2.500000	,-23.500000	,-11.000000	,32.500000	,-161.500000	,-194.500000	,41.500000	,-5.500000	,2.500000	,-8.000000	,6.000000	,-10.000000	,4.000000	,23.000000	,8.500000	,8.000000	,-13.500000	,52.000000	,235.500000	,235.000000	,30.500000	,6.500000	,-4.500000	,12.000000	,23.500000	,-14.000000	,-18.000000	,3.000000	,-6.000000	,-1.500000	,-4.000000	,5.500000	,16.500000	,9.500000	,-14.500000	,-182.000000	,-315.000000	,-232.500000	,-30.000000	,-10.000000	,-9.000000	,18.500000	,32.000000	,-4.000000	,-6.500000	,-6.500000	,9.000000	,-9.500000	,-14.000000	,-8.000000	,-47.000000	,-5.500000	,16.000000	,-25.500000	,-28.000000	,-6.000000	,-21.000000	,-23.500000	,-7.000000	,141.500000	,231.500000	,299.500000	,241.000000	,91.000000	,35.500000	,2.500000	,-14.500000	,-18.500000	,0.000000	,9.000000	,15.500000	,3.500000	,8.500000	,-3.000000	,-18.500000	,-7.500000	,15.500000	,-21.500000	,-20.500000	,-7.500000	,5.500000	,-6.500000	,-21.000000	,-13.500000	,16.500000	,-12.000000	,3.500000	,12.000000	,10.500000	,12.500000	,-25.000000	,-11.500000	,-12.000000	,-19.000000	,15.000000	,17.000000	,8.000000	,23.000000	,-7.000000	,10.500000	,-14.000000	,-98.500000	,-61.500000	,5.500000	,9.500000	,11.500000	,14.000000	,0.000000	,-6.000000	,0.000000	,19.500000	,15.000000	,8.500000	,10.500000	,2.500000	,11.000000	,11.500000	,14.000000	,4.000000	,0.000000	,189.500000	,
-191.000000	,0.000000	,3.000000	,10.500000	,6.000000	,20.000000	,27.500000	,13.000000	,-8.500000	,3.000000	,9.000000	,-2.000000	,11.000000	,7.000000	,2.000000	,6.500000	,2.000000	,3.000000	,11.000000	,222.500000	,339.000000	,155.000000	,4.000000	,-3.500000	,-8.000000	,-10.000000	,-8.500000	,-22.000000	,-19.000000	,-8.500000	,-23.500000	,-9.000000	,19.500000	,-14.500000	,-9.000000	,-15.500000	,12.500000	,10.000000	,-1.500000	,-2.500000	,-19.000000	,0.500000	,5.000000	,30.500000	,74.000000	,44.500000	,31.500000	,6.000000	,2.500000	,-14.500000	,-36.000000	,-26.000000	,8.500000	,9.000000	,-5.000000	,-6.000000	,-29.000000	,-17.500000	,-23.500000	,6.000000	,14.000000	,30.500000	,24.000000	,-1.000000	,24.000000	,-9.000000	,4.000000	,-13.500000	,-3.500000	,20.000000	,-0.500000	,-21.500000	,8.500000	,-0.500000	,-30.500000	,-70.500000	,15.500000	,1.000000	,-1.000000	,-12.000000	,5.000000	,12.000000	,5.500000	,14.500000	,11.500000	,-1.000000	,-11.000000	,5.500000	,-3.000000	,-7.500000	,-8.000000	,24.000000	,49.000000	,-37.000000	,-145.500000	,-65.000000	,2.500000	,-4.500000	,-4.000000	,-22.000000	,16.000000	,0.500000	,-11.000000	,-18.000000	,-17.000000	,23.000000	,16.500000	,-11.500000	,-5.000000	,45.000000	,223.000000	,125.500000	,-35.500000	,19.000000	,25.500000	,-15.500000	,-32.000000	,-18.000000	,-0.500000	,-6.000000	,-7.000000	,11.000000	,27.500000	,-218.000000	,-227.500000	,-29.000000	,-23.500000	,-6.500000	,6.000000	,26.000000	,8.500000	,34.000000	,20.500000	,6.000000	,14.500000	,-25.500000	,-48.500000	,145.000000	,253.000000	,172.500000	,31.000000	,-16.000000	,3.000000	,10.000000	,-2.000000	,18.000000	,5.000000	,-30.500000	,0.500000	,11.500000	,18.000000	,40.000000	,3.000000	,21.000000	,-24.000000	,-235.500000	,-322.500000	,-161.500000	,-3.000000	,-2.000000	,10.000000	,16.500000	,5.500000	,9.000000	,7.500000	,-6.500000	,-4.000000	,28.500000	,60.500000	,-2.000000	,8.000000	,14.000000	,-17.000000	,-25.500000	,4.500000	,-11.500000	,-14.000000	,-4.000000	,30.500000	,49.500000	,222.000000	,304.500000	,286.500000	,160.500000	,5.000000	,-2.000000	,-3.000000	,-3.000000	,-5.000000	,10.500000	,-11.000000	,-18.000000	,4.500000	,-6.000000	,12.500000	,36.500000	,6.000000	,-24.000000	,-39.000000	,1.000000	,38.000000	,22.000000	,4.000000	,15.000000	,0.000000	,-3.500000	,-20.000000	,4.500000	,14.000000	,9.500000	,7.500000	,-4.500000	,-3.500000	,40.000000	,10.000000	,-7.500000	,-3.000000	,14.000000	,-67.500000	,-102.500000	,-8.500000	,-7.500000	,1.000000	,-13.000000	,-7.500000	,2.500000	,2.500000	,-8.000000	,-24.000000	,-9.000000	,1.500000	,3.000000	,1.500000	,0.000000	,-2.500000	,-1.000000	,2.000000	,-4.000000	,-5.500000	,190.500000	,
-195.500000	,-7.000000	,0.000000	,6.500000	,-6.000000	,4.000000	,24.500000	,1.000000	,-18.500000	,4.000000	,17.000000	,9.500000	,13.000000	,7.000000	,0.000000	,-0.500000	,1.000000	,0.500000	,20.000000	,173.500000	,360.000000	,276.500000	,61.000000	,-20.500000	,-11.000000	,11.500000	,29.000000	,10.000000	,10.000000	,14.000000	,-25.000000	,-23.000000	,4.000000	,-1.500000	,-1.500000	,0.500000	,11.000000	,-2.000000	,16.500000	,11.500000	,0.500000	,5.500000	,85.500000	,76.500000	,15.500000	,22.500000	,7.500000	,16.000000	,11.000000	,-21.000000	,-7.500000	,-13.000000	,18.000000	,5.000000	,34.500000	,15.500000	,12.000000	,-2.500000	,-7.500000	,6.500000	,-24.500000	,-15.500000	,-16.000000	,-2.000000	,27.000000	,24.000000	,24.500000	,-21.000000	,-51.000000	,-22.500000	,-18.500000	,9.500000	,5.000000	,56.000000	,63.000000	,-40.000000	,-12.500000	,-7.500000	,-6.500000	,-6.500000	,1.000000	,-16.000000	,-6.500000	,8.500000	,10.500000	,25.500000	,18.000000	,28.000000	,5.500000	,-11.000000	,-10.500000	,4.500000	,22.000000	,-118.500000	,-220.500000	,-45.000000	,3.500000	,19.500000	,12.500000	,-1.000000	,14.000000	,-1.500000	,-8.000000	,3.000000	,-24.500000	,-7.500000	,-11.500000	,-17.500000	,-1.500000	,92.000000	,249.500000	,104.000000	,-38.000000	,-15.000000	,15.000000	,6.000000	,-33.000000	,-10.500000	,-1.000000	,-11.500000	,-15.500000	,-13.000000	,-3.000000	,-223.000000	,-264.500000	,-115.000000	,27.000000	,2.000000	,4.500000	,9.500000	,20.500000	,20.500000	,-22.000000	,18.500000	,33.000000	,14.000000	,8.000000	,151.000000	,251.500000	,176.000000	,-26.500000	,11.000000	,2.500000	,-9.500000	,4.000000	,28.000000	,7.500000	,-10.500000	,9.500000	,-14.500000	,-0.500000	,16.000000	,2.000000	,22.000000	,33.000000	,-104.500000	,-277.000000	,-278.000000	,-121.000000	,-0.500000	,6.500000	,1.000000	,23.500000	,3.500000	,-3.500000	,-22.500000	,-38.500000	,5.000000	,21.000000	,-0.500000	,14.000000	,23.000000	,-13.000000	,12.000000	,23.000000	,2.500000	,-24.000000	,-8.000000	,-2.500000	,2.500000	,82.000000	,151.000000	,311.500000	,284.000000	,89.500000	,-12.500000	,-9.000000	,8.500000	,9.000000	,10.500000	,-8.500000	,-23.500000	,4.500000	,-1.000000	,-7.500000	,-0.500000	,15.500000	,-15.000000	,-11.000000	,-10.500000	,5.500000	,37.500000	,31.500000	,-7.500000	,-18.500000	,1.500000	,-21.500000	,-19.000000	,-4.000000	,10.500000	,5.500000	,0.500000	,4.500000	,12.000000	,-16.000000	,-19.000000	,9.000000	,28.500000	,-199.000000	,-246.000000	,-13.000000	,-12.000000	,6.000000	,-3.500000	,-2.500000	,-2.000000	,6.000000	,-3.000000	,-9.000000	,-12.000000	,-12.000000	,-1.000000	,-5.000000	,-13.500000	,-31.000000	,-25.500000	,2.000000	,0.000000	,2.500000	,194.500000	,
-192.000000	,-3.500000	,6.500000	,-12.500000	,-16.500000	,-2.500000	,11.500000	,4.500000	,-7.000000	,-1.000000	,-5.500000	,-6.000000	,0.000000	,0.500000	,-0.500000	,-0.500000	,-4.000000	,-6.000000	,1.500000	,85.500000	,304.500000	,390.000000	,234.500000	,-3.000000	,-2.500000	,1.500000	,18.000000	,15.500000	,-16.500000	,6.500000	,0.500000	,15.000000	,5.000000	,-13.500000	,-20.500000	,-16.000000	,-2.500000	,13.000000	,11.500000	,20.000000	,51.500000	,110.500000	,87.000000	,6.500000	,1.500000	,41.000000	,-5.500000	,3.500000	,17.000000	,2.000000	,-24.000000	,-39.500000	,-33.500000	,-1.000000	,19.000000	,24.500000	,20.000000	,-19.000000	,-20.500000	,-5.500000	,-36.500000	,-23.000000	,-23.000000	,-4.500000	,-26.500000	,-11.000000	,32.000000	,8.500000	,-33.000000	,-7.500000	,2.500000	,36.500000	,14.500000	,87.500000	,31.500000	,9.000000	,6.000000	,0.000000	,4.000000	,2.500000	,6.500000	,-8.000000	,-5.500000	,-13.500000	,-5.000000	,-8.500000	,-12.500000	,8.500000	,24.000000	,45.000000	,21.500000	,2.000000	,-7.000000	,-110.500000	,-70.000000	,-5.500000	,-29.000000	,19.500000	,6.500000	,-24.000000	,-17.000000	,12.000000	,44.000000	,23.000000	,2.500000	,12.000000	,8.000000	,-35.000000	,-49.000000	,83.000000	,219.000000	,74.000000	,-5.500000	,0.500000	,28.000000	,25.500000	,-21.500000	,-8.000000	,12.000000	,-12.500000	,-10.000000	,10.500000	,5.500000	,-144.500000	,-258.000000	,-130.000000	,19.000000	,22.000000	,-18.500000	,-27.500000	,3.500000	,-7.500000	,-19.000000	,14.000000	,13.000000	,-10.500000	,11.000000	,23.500000	,196.000000	,240.500000	,72.000000	,7.000000	,12.500000	,-15.000000	,12.500000	,18.000000	,4.500000	,-3.000000	,-14.500000	,-18.000000	,-3.500000	,-19.500000	,0.000000	,-2.500000	,6.500000	,-2.500000	,-149.500000	,-303.000000	,-242.000000	,-59.500000	,-13.000000	,-23.500000	,-30.000000	,-5.000000	,-1.000000	,-23.500000	,-40.500000	,-27.500000	,-11.500000	,-2.500000	,9.000000	,19.500000	,6.000000	,10.000000	,14.500000	,11.500000	,-20.000000	,-5.000000	,-18.000000	,-20.000000	,-32.000000	,-19.500000	,208.000000	,319.000000	,303.000000	,182.000000	,24.000000	,-37.500000	,10.500000	,32.000000	,19.000000	,-13.000000	,1.000000	,4.000000	,-9.500000	,5.500000	,1.500000	,-6.000000	,-9.000000	,-24.000000	,-16.500000	,-9.000000	,6.000000	,-15.500000	,1.500000	,30.500000	,7.000000	,-19.500000	,-2.000000	,0.000000	,-8.500000	,-6.000000	,8.000000	,12.500000	,-3.000000	,-3.000000	,-4.000000	,28.000000	,-139.500000	,-73.500000	,-3.500000	,-1.500000	,8.000000	,9.000000	,1.500000	,-6.500000	,6.500000	,16.500000	,12.000000	,0.000000	,-6.500000	,-7.500000	,-7.500000	,9.500000	,-16.000000	,-31.000000	,-1.500000	,-6.500000	,-12.500000	,184.500000	,
-190.500000	,1.000000	,20.000000	,-13.000000	,-17.000000	,-1.500000	,13.500000	,11.500000	,6.000000	,5.500000	,-5.500000	,-14.000000	,0.500000	,-7.500000	,-23.500000	,-18.500000	,-9.500000	,-0.500000	,8.000000	,14.500000	,141.500000	,368.000000	,384.000000	,148.500000	,-19.000000	,0.000000	,-5.500000	,-1.000000	,-19.000000	,-27.000000	,-12.500000	,1.000000	,13.500000	,22.500000	,7.500000	,-4.000000	,-6.500000	,-5.500000	,7.000000	,74.500000	,75.500000	,19.000000	,-12.000000	,-8.500000	,1.000000	,22.000000	,-14.000000	,-2.000000	,14.000000	,7.500000	,-15.500000	,-26.000000	,-19.500000	,-13.000000	,-28.000000	,17.000000	,9.000000	,-13.000000	,4.500000	,35.000000	,17.500000	,-12.500000	,-8.500000	,0.500000	,-16.000000	,-27.000000	,27.500000	,36.500000	,13.500000	,-5.000000	,-24.500000	,15.500000	,46.000000	,45.500000	,-8.000000	,7.000000	,19.000000	,-4.500000	,-17.500000	,4.500000	,18.000000	,-1.000000	,15.500000	,-32.500000	,-27.000000	,-0.500000	,-19.500000	,-3.000000	,-9.000000	,-8.500000	,1.500000	,2.500000	,-39.000000	,-77.500000	,33.000000	,-4.500000	,-30.500000	,-8.000000	,-2.500000	,15.000000	,-5.500000	,-16.500000	,-12.500000	,13.000000	,18.500000	,26.000000	,30.000000	,-19.500000	,-37.500000	,159.500000	,226.000000	,16.500000	,3.000000	,17.000000	,31.500000	,54.500000	,23.500000	,13.000000	,16.000000	,-3.000000	,4.000000	,3.500000	,25.500000	,-67.500000	,-226.500000	,-111.500000	,4.000000	,6.000000	,-1.500000	,-3.000000	,-7.000000	,-40.500000	,-22.500000	,-9.500000	,-14.500000	,-41.500000	,-14.000000	,41.000000	,226.000000	,317.000000	,208.000000	,64.000000	,9.500000	,-3.000000	,17.000000	,9.500000	,-3.500000	,11.500000	,-7.000000	,18.000000	,4.500000	,-23.500000	,-9.000000	,7.000000	,2.500000	,-25.000000	,-50.500000	,-220.500000	,-321.000000	,-175.500000	,-4.500000	,9.500000	,-4.500000	,0.500000	,29.500000	,7.000000	,-3.000000	,8.000000	,15.500000	,-6.000000	,-8.500000	,-18.000000	,-4.000000	,-4.500000	,8.000000	,2.500000	,6.500000	,7.000000	,-32.000000	,-18.500000	,1.500000	,-28.500000	,37.000000	,180.500000	,297.500000	,322.000000	,206.000000	,76.500000	,3.500000	,22.000000	,13.000000	,-14.500000	,-9.000000	,-11.500000	,8.000000	,20.000000	,2.000000	,7.500000	,9.000000	,11.000000	,8.500000	,-1.500000	,3.500000	,-33.000000	,-26.000000	,19.000000	,16.500000	,-8.000000	,-4.500000	,-5.500000	,-12.000000	,-27.500000	,2.500000	,16.500000	,1.000000	,1.500000	,-13.000000	,-77.500000	,-113.000000	,5.500000	,2.000000	,1.000000	,-3.000000	,0.000000	,-12.000000	,-3.000000	,-19.500000	,-17.500000	,7.000000	,7.500000	,8.000000	,-2.500000	,3.000000	,35.000000	,-5.000000	,-34.500000	,-6.500000	,-5.000000	,-19.500000	,183.500000	,
-192.000000	,13.500000	,18.500000	,-3.000000	,-2.000000	,2.500000	,-1.500000	,-2.500000	,-5.000000	,10.000000	,0.000000	,-5.500000	,8.500000	,-1.500000	,-23.000000	,-2.000000	,-7.000000	,-6.000000	,2.500000	,-3.500000	,-12.500000	,220.500000	,393.500000	,302.500000	,91.500000	,14.000000	,5.000000	,0.000000	,19.500000	,17.000000	,9.500000	,-5.000000	,0.500000	,49.500000	,44.000000	,17.500000	,20.000000	,39.500000	,84.500000	,31.000000	,-20.500000	,-23.000000	,-13.000000	,-16.000000	,6.000000	,25.500000	,9.500000	,-10.000000	,20.000000	,35.500000	,27.500000	,-19.500000	,-4.000000	,0.000000	,-2.500000	,20.000000	,17.000000	,14.500000	,6.500000	,9.000000	,8.000000	,6.000000	,19.500000	,40.000000	,14.500000	,-15.500000	,21.500000	,24.500000	,14.000000	,-7.500000	,-18.500000	,-64.500000	,11.000000	,25.500000	,-19.500000	,-9.500000	,21.000000	,2.500000	,4.500000	,10.000000	,14.500000	,8.000000	,19.000000	,-4.500000	,-14.000000	,1.500000	,3.500000	,-5.000000	,-35.500000	,2.500000	,3.500000	,-7.500000	,-194.500000	,-153.000000	,24.500000	,-5.500000	,-2.500000	,-20.500000	,-10.000000	,9.500000	,-20.000000	,-22.000000	,-23.000000	,-15.000000	,-39.000000	,-13.500000	,20.500000	,14.500000	,7.000000	,191.000000	,207.500000	,-4.500000	,-2.000000	,-4.000000	,-23.500000	,20.500000	,13.500000	,18.000000	,-8.500000	,-35.000000	,-33.500000	,-21.500000	,23.500000	,-109.000000	,-224.500000	,-110.500000	,-12.500000	,0.500000	,14.000000	,15.500000	,13.500000	,-9.500000	,-23.500000	,-10.500000	,3.500000	,-18.000000	,7.500000	,2.500000	,45.000000	,232.500000	,255.000000	,58.000000	,-11.500000	,-17.500000	,-5.000000	,-18.500000	,-3.500000	,-12.000000	,-11.000000	,11.000000	,-4.000000	,-6.500000	,-4.000000	,5.000000	,16.500000	,2.500000	,5.000000	,-79.500000	,-267.500000	,-273.000000	,-93.500000	,31.500000	,-2.000000	,8.500000	,17.000000	,23.500000	,0.500000	,6.500000	,13.000000	,28.500000	,29.000000	,3.000000	,-4.500000	,4.500000	,1.500000	,10.500000	,29.000000	,36.000000	,18.000000	,13.500000	,6.000000	,-4.500000	,-32.000000	,-4.500000	,85.000000	,252.500000	,310.000000	,237.000000	,74.000000	,26.500000	,-1.000000	,5.500000	,-18.000000	,-44.000000	,-4.500000	,0.500000	,-5.000000	,-3.000000	,-32.500000	,-6.500000	,11.500000	,39.000000	,33.500000	,10.000000	,-32.000000	,3.000000	,13.000000	,14.000000	,-2.500000	,-7.500000	,-16.500000	,-15.000000	,-13.000000	,-20.500000	,-1.000000	,2.000000	,-58.500000	,-229.000000	,-148.000000	,-17.500000	,-9.500000	,-2.500000	,-9.000000	,-4.500000	,6.000000	,9.500000	,-6.500000	,-15.000000	,-10.500000	,-9.500000	,20.500000	,4.000000	,-4.500000	,21.000000	,15.000000	,-9.000000	,-2.000000	,-7.000000	,-5.500000	,192.000000	,
-190.000000	,6.000000	,6.500000	,-7.000000	,-4.000000	,1.000000	,0.500000	,-8.500000	,-14.000000	,5.500000	,-8.000000	,-2.000000	,25.500000	,21.500000	,1.000000	,10.000000	,-0.500000	,-3.500000	,4.500000	,-26.000000	,-14.500000	,53.500000	,285.500000	,314.000000	,107.000000	,9.000000	,-7.000000	,-24.500000	,-5.500000	,11.000000	,7.500000	,5.500000	,-3.500000	,-3.500000	,-19.000000	,9.000000	,71.500000	,89.000000	,49.500000	,8.000000	,0.500000	,4.000000	,-25.500000	,-31.000000	,8.000000	,23.000000	,11.000000	,-1.000000	,-2.500000	,21.000000	,13.500000	,-17.000000	,4.500000	,-3.500000	,21.000000	,-1.500000	,-12.500000	,-10.500000	,-1.500000	,18.500000	,1.000000	,-0.500000	,-3.000000	,19.500000	,-17.000000	,-16.000000	,15.000000	,8.500000	,4.000000	,39.000000	,74.000000	,-57.000000	,-3.000000	,21.000000	,-15.000000	,-21.000000	,-10.000000	,-13.000000	,-9.500000	,25.500000	,17.000000	,4.500000	,22.500000	,7.000000	,8.000000	,-11.000000	,12.500000	,16.500000	,3.500000	,28.000000	,29.500000	,-69.000000	,-254.500000	,-118.500000	,6.500000	,7.000000	,18.500000	,-15.500000	,-7.500000	,-10.000000	,14.500000	,6.500000	,-7.000000	,-25.000000	,-14.500000	,3.500000	,7.000000	,-6.000000	,-2.500000	,202.000000	,178.500000	,-29.000000	,-4.000000	,-6.000000	,-23.500000	,-18.000000	,14.500000	,21.000000	,-8.500000	,-2.500000	,-13.500000	,6.000000	,28.000000	,-135.000000	,-298.000000	,-184.500000	,6.000000	,-15.000000	,6.500000	,-4.000000	,15.500000	,17.500000	,-3.000000	,-13.500000	,22.500000	,-4.500000	,-22.500000	,-12.000000	,-11.500000	,157.500000	,249.500000	,106.000000	,-4.000000	,-6.000000	,-24.000000	,-21.500000	,-23.500000	,-22.000000	,-7.500000	,0.500000	,28.000000	,16.500000	,11.000000	,16.000000	,29.000000	,1.000000	,25.500000	,16.500000	,-174.000000	,-314.000000	,-266.500000	,-46.500000	,15.000000	,-12.500000	,-2.000000	,4.500000	,-7.000000	,-18.000000	,-15.000000	,9.000000	,29.000000	,0.500000	,-6.000000	,10.500000	,-31.500000	,-17.500000	,14.000000	,26.500000	,27.500000	,5.500000	,26.000000	,6.000000	,6.000000	,29.500000	,7.500000	,29.000000	,185.000000	,291.000000	,263.500000	,156.000000	,8.000000	,23.000000	,-1.000000	,-17.500000	,-14.000000	,-12.500000	,-7.500000	,-10.000000	,-20.000000	,-5.500000	,10.000000	,23.500000	,24.000000	,37.000000	,3.000000	,-9.500000	,-13.000000	,26.500000	,10.000000	,3.000000	,-3.000000	,7.500000	,-22.000000	,-20.500000	,-2.500000	,-14.500000	,-72.500000	,-72.500000	,-40.500000	,-10.500000	,-4.500000	,2.500000	,9.500000	,12.500000	,12.500000	,17.000000	,-1.000000	,5.000000	,-2.500000	,-4.500000	,8.500000	,8.000000	,7.000000	,22.500000	,22.000000	,13.500000	,12.000000	,-6.500000	,-1.000000	,189.000000	,
-187.000000	,6.000000	,-1.500000	,-8.500000	,-8.000000	,-1.000000	,7.000000	,1.500000	,2.000000	,2.500000	,-5.500000	,-1.000000	,24.000000	,10.500000	,-3.500000	,10.500000	,4.500000	,12.500000	,26.000000	,-1.500000	,8.500000	,15.500000	,170.000000	,347.000000	,226.000000	,12.000000	,14.000000	,-16.500000	,5.500000	,-25.500000	,-35.500000	,-19.500000	,-9.000000	,-10.000000	,4.500000	,107.000000	,90.000000	,22.500000	,35.500000	,20.500000	,-12.500000	,30.500000	,19.500000	,-15.000000	,-8.500000	,-15.000000	,2.000000	,11.500000	,-13.000000	,13.500000	,2.500000	,-4.500000	,-9.500000	,-5.000000	,2.500000	,2.500000	,-5.500000	,-19.000000	,9.000000	,3.000000	,1.500000	,22.500000	,3.500000	,14.500000	,-23.000000	,-13.000000	,-24.500000	,-6.500000	,-26.000000	,67.500000	,67.000000	,7.500000	,17.500000	,2.500000	,-8.500000	,-4.000000	,-0.500000	,-24.000000	,-15.500000	,-5.000000	,10.000000	,-4.500000	,-0.500000	,12.500000	,11.000000	,-6.500000	,17.000000	,-34.000000	,-6.000000	,18.000000	,11.500000	,-46.000000	,-81.000000	,-35.000000	,1.000000	,-11.500000	,10.500000	,24.500000	,9.500000	,3.500000	,5.000000	,4.000000	,-1.500000	,-3.000000	,6.500000	,16.000000	,17.500000	,14.000000	,44.500000	,220.000000	,117.500000	,-34.500000	,-5.500000	,31.000000	,3.500000	,-11.500000	,21.500000	,8.000000	,10.500000	,22.500000	,-5.000000	,-8.500000	,3.000000	,-61.500000	,-254.500000	,-196.000000	,15.000000	,20.500000	,0.000000	,-13.500000	,2.500000	,42.000000	,41.000000	,15.000000	,8.500000	,-2.000000	,-16.000000	,-5.000000	,4.500000	,151.500000	,275.000000	,209.000000	,17.500000	,31.000000	,-0.500000	,17.000000	,10.000000	,14.000000	,2.500000	,-13.500000	,-7.000000	,16.500000	,6.000000	,-21.000000	,-33.500000	,-26.000000	,13.500000	,22.500000	,-26.000000	,-224.500000	,-321.000000	,-203.000000	,4.000000	,13.500000	,0.500000	,18.000000	,26.000000	,3.500000	,-42.500000	,-34.500000	,7.500000	,-2.500000	,12.500000	,12.500000	,-21.500000	,-16.500000	,-29.500000	,-37.500000	,-8.500000	,-2.500000	,-1.000000	,-32.000000	,-5.500000	,34.500000	,43.500000	,-1.500000	,63.500000	,180.500000	,290.500000	,276.500000	,127.500000	,7.500000	,9.000000	,-2.000000	,-1.000000	,-13.000000	,6.500000	,-6.000000	,-8.000000	,-32.500000	,-4.500000	,0.000000	,19.000000	,26.000000	,9.000000	,-12.000000	,-24.500000	,-6.000000	,25.000000	,-10.000000	,-21.000000	,8.500000	,16.500000	,4.500000	,24.500000	,-51.000000	,-55.000000	,33.000000	,24.000000	,4.000000	,12.000000	,16.500000	,-1.000000	,-11.500000	,-5.500000	,-6.000000	,-1.500000	,9.500000	,-1.000000	,5.000000	,-9.500000	,-10.500000	,-4.500000	,-21.000000	,3.000000	,23.500000	,18.000000	,-1.500000	,-3.500000	,186.500000	,
-182.000000	,17.000000	,15.500000	,2.000000	,-4.500000	,-7.000000	,-7.500000	,-18.000000	,-4.000000	,7.500000	,-1.000000	,-11.000000	,-9.000000	,-8.500000	,-21.000000	,-0.500000	,-4.000000	,2.000000	,13.000000	,9.000000	,3.000000	,4.500000	,120.500000	,368.000000	,382.500000	,148.500000	,-7.000000	,13.500000	,16.000000	,-21.000000	,-14.500000	,-23.000000	,0.000000	,50.000000	,87.500000	,55.000000	,1.000000	,-11.500000	,-3.000000	,39.000000	,11.500000	,42.000000	,20.000000	,21.000000	,19.000000	,-28.000000	,-42.000000	,-11.500000	,-6.500000	,11.500000	,-30.500000	,-26.000000	,-19.000000	,-5.000000	,0.500000	,13.000000	,30.500000	,-24.000000	,-17.500000	,-20.500000	,-1.000000	,6.500000	,7.000000	,22.000000	,-2.500000	,15.500000	,7.500000	,-0.500000	,24.000000	,91.500000	,-15.000000	,-23.500000	,-7.000000	,7.500000	,13.500000	,15.500000	,15.500000	,0.500000	,-20.500000	,-6.000000	,-3.500000	,-13.000000	,-7.000000	,-2.500000	,-24.500000	,-8.500000	,5.500000	,-13.000000	,-15.000000	,30.000000	,-33.000000	,-91.500000	,3.500000	,3.000000	,6.500000	,-23.000000	,-10.000000	,43.500000	,17.500000	,-3.500000	,-5.500000	,13.500000	,-14.500000	,0.500000	,-3.500000	,-18.500000	,2.000000	,-10.000000	,84.000000	,234.000000	,114.000000	,5.000000	,-23.500000	,-5.500000	,-13.500000	,0.500000	,22.000000	,-2.000000	,-16.500000	,-8.500000	,-20.000000	,-21.500000	,0.000000	,-14.500000	,-218.000000	,-160.000000	,22.500000	,24.500000	,12.500000	,-4.000000	,-8.500000	,9.000000	,3.500000	,-2.500000	,3.500000	,10.500000	,-2.000000	,-15.500000	,39.500000	,68.000000	,238.000000	,218.500000	,40.500000	,10.500000	,5.000000	,10.000000	,7.000000	,24.500000	,2.500000	,-13.500000	,-17.000000	,-19.000000	,1.500000	,2.000000	,-12.000000	,-27.500000	,-2.000000	,-1.000000	,25.500000	,-64.000000	,-256.000000	,-315.000000	,-180.500000	,-7.000000	,1.000000	,11.500000	,21.000000	,-5.500000	,-10.000000	,-1.500000	,4.500000	,3.000000	,4.500000	,20.000000	,-2.000000	,8.000000	,-8.500000	,-32.000000	,-33.000000	,1.000000	,-7.500000	,-16.500000	,-21.000000	,5.500000	,38.000000	,-10.000000	,-20.500000	,-5.000000	,137.500000	,281.000000	,286.500000	,190.500000	,77.500000	,12.500000	,21.000000	,-11.500000	,5.000000	,1.000000	,-17.000000	,-35.500000	,5.000000	,-23.500000	,17.500000	,6.000000	,28.000000	,20.000000	,-13.500000	,-22.500000	,9.000000	,5.000000	,-9.500000	,-16.500000	,2.500000	,7.000000	,-3.500000	,-122.500000	,-31.000000	,-5.000000	,-11.500000	,-10.500000	,-14.000000	,-9.500000	,-6.500000	,3.000000	,11.500000	,0.500000	,0.500000	,-12.000000	,1.000000	,12.500000	,0.500000	,-2.500000	,0.000000	,-25.000000	,-26.500000	,-7.000000	,2.000000	,-2.000000	,14.000000	,198.000000	,
-197.000000	,-14.500000	,-4.000000	,1.500000	,8.000000	,8.500000	,2.000000	,-11.000000	,-14.500000	,-2.000000	,7.000000	,-1.000000	,-3.000000	,-11.000000	,-9.500000	,5.500000	,7.000000	,-6.500000	,-10.000000	,-7.000000	,-23.000000	,-16.500000	,-10.000000	,233.000000	,395.000000	,300.500000	,43.500000	,-8.000000	,-0.500000	,-2.000000	,3.000000	,20.000000	,75.500000	,34.500000	,-2.500000	,-9.500000	,6.500000	,-18.000000	,-2.500000	,12.000000	,-13.500000	,-6.500000	,2.500000	,14.000000	,34.500000	,3.000000	,-1.000000	,-17.000000	,12.000000	,32.500000	,4.000000	,-4.500000	,-4.000000	,10.000000	,2.500000	,-2.000000	,10.000000	,-4.500000	,-3.500000	,-40.000000	,-22.500000	,8.500000	,13.500000	,-2.500000	,-3.000000	,-1.000000	,-1.000000	,-5.500000	,46.000000	,26.500000	,-6.000000	,8.000000	,-1.000000	,1.500000	,-7.500000	,-13.000000	,-22.000000	,-1.000000	,-9.000000	,-11.000000	,-10.500000	,-11.000000	,5.500000	,17.500000	,-13.000000	,-2.500000	,19.500000	,-3.000000	,2.500000	,25.000000	,-158.000000	,-150.500000	,29.000000	,31.000000	,33.500000	,-14.500000	,-17.000000	,1.500000	,18.000000	,-9.000000	,21.000000	,20.500000	,2.000000	,11.000000	,9.000000	,-25.000000	,-16.000000	,-32.000000	,120.500000	,216.000000	,46.000000	,-13.500000	,-13.000000	,-16.000000	,-16.000000	,-5.500000	,-2.500000	,6.500000	,-20.000000	,-3.500000	,13.500000	,4.500000	,1.000000	,-77.500000	,-253.500000	,-152.000000	,1.500000	,5.000000	,3.000000	,-7.000000	,-20.500000	,-21.000000	,-7.000000	,2.500000	,13.500000	,21.000000	,-29.000000	,-37.000000	,15.000000	,2.000000	,194.500000	,282.500000	,123.000000	,-7.000000	,-20.000000	,-28.500000	,-5.500000	,-9.000000	,-6.500000	,17.000000	,4.500000	,-7.500000	,5.000000	,26.500000	,30.500000	,5.000000	,-12.500000	,-5.000000	,10.000000	,9.500000	,-115.500000	,-295.500000	,-296.000000	,-122.000000	,-19.500000	,-11.000000	,15.000000	,5.500000	,25.000000	,21.000000	,-4.500000	,-12.500000	,3.500000	,-16.500000	,-10.500000	,10.500000	,2.500000	,-8.500000	,16.000000	,34.000000	,8.500000	,-21.500000	,-34.500000	,-20.500000	,0.000000	,-4.500000	,-3.500000	,28.000000	,57.500000	,189.000000	,275.500000	,300.000000	,168.500000	,66.000000	,12.500000	,-16.500000	,-31.000000	,14.500000	,0.500000	,4.000000	,-7.000000	,-41.500000	,-14.000000	,-4.000000	,2.000000	,27.000000	,-3.500000	,-20.000000	,4.500000	,22.500000	,-1.500000	,-13.000000	,6.500000	,-3.500000	,-176.000000	,-213.000000	,4.500000	,5.500000	,2.500000	,-0.500000	,-7.500000	,-11.500000	,-27.500000	,14.500000	,1.500000	,-3.500000	,10.000000	,-1.500000	,-5.500000	,9.000000	,11.500000	,16.000000	,11.000000	,2.000000	,-8.000000	,0.000000	,0.500000	,-16.500000	,-11.000000	,188.000000	,
-194.500000	,-17.500000	,-7.500000	,-8.000000	,13.000000	,12.500000	,1.500000	,0.500000	,-10.000000	,-15.000000	,12.000000	,7.000000	,3.000000	,2.000000	,-7.000000	,-10.000000	,12.500000	,6.000000	,-2.000000	,-10.000000	,0.000000	,-1.000000	,2.000000	,56.000000	,302.000000	,409.500000	,248.500000	,18.500000	,-13.500000	,-10.000000	,31.000000	,114.500000	,64.000000	,-1.000000	,1.000000	,4.500000	,22.000000	,-14.500000	,-22.000000	,-24.000000	,2.500000	,-9.500000	,-22.500000	,-23.000000	,23.000000	,19.000000	,-1.500000	,-11.500000	,10.000000	,21.500000	,12.500000	,-15.500000	,-45.500000	,-3.500000	,4.000000	,-22.000000	,-7.000000	,0.500000	,-11.000000	,-10.500000	,-27.500000	,-4.000000	,23.000000	,7.000000	,5.500000	,-14.000000	,55.000000	,75.500000	,35.000000	,-15.000000	,15.000000	,-12.000000	,-5.500000	,-28.500000	,-11.000000	,-10.000000	,-12.500000	,17.500000	,33.000000	,2.500000	,-10.000000	,-17.000000	,2.000000	,22.500000	,14.000000	,-23.500000	,-7.000000	,3.500000	,8.000000	,6.000000	,-102.500000	,-35.000000	,16.500000	,-7.000000	,10.500000	,-6.500000	,-14.000000	,8.500000	,30.000000	,3.000000	,4.500000	,-8.000000	,-28.000000	,-29.500000	,9.000000	,15.500000	,3.500000	,-38.500000	,152.500000	,198.000000	,0.500000	,7.000000	,16.500000	,-4.500000	,14.000000	,4.500000	,-22.500000	,3.500000	,-10.000000	,-1.000000	,-14.500000	,4.000000	,2.500000	,-90.000000	,-307.000000	,-256.000000	,-36.000000	,17.500000	,-2.000000	,-30.000000	,1.000000	,4.500000	,1.500000	,18.000000	,11.500000	,2.500000	,-44.000000	,-27.500000	,4.500000	,13.500000	,132.500000	,262.000000	,152.000000	,4.000000	,-20.500000	,-18.500000	,4.000000	,-13.500000	,-25.500000	,30.500000	,11.500000	,8.000000	,-8.500000	,-7.500000	,-10.000000	,19.500000	,12.500000	,-5.500000	,-6.500000	,-23.500000	,4.500000	,-154.000000	,-306.000000	,-241.500000	,-71.000000	,26.000000	,-0.500000	,-16.500000	,9.000000	,9.500000	,5.000000	,-11.500000	,-4.500000	,-24.000000	,-9.500000	,-13.500000	,-2.500000	,1.000000	,0.000000	,3.000000	,-12.000000	,-18.500000	,-13.500000	,1.000000	,18.500000	,15.000000	,4.000000	,20.500000	,23.500000	,1.500000	,104.500000	,254.500000	,277.500000	,232.500000	,95.000000	,5.500000	,-17.500000	,-7.000000	,-60.500000	,-10.500000	,12.000000	,-3.000000	,-14.000000	,-1.000000	,14.500000	,34.500000	,31.500000	,-1.500000	,-0.500000	,12.500000	,3.500000	,-4.500000	,-7.500000	,-15.000000	,-161.000000	,-117.000000	,4.500000	,14.500000	,14.500000	,9.000000	,24.000000	,-2.000000	,-18.000000	,3.500000	,-3.500000	,0.000000	,4.500000	,5.500000	,-4.000000	,-11.500000	,9.000000	,8.000000	,18.500000	,17.500000	,8.500000	,-0.500000	,-16.500000	,-5.500000	,-7.500000	,185.500000	,
-178.000000	,6.500000	,-2.000000	,-15.000000	,6.000000	,-4.500000	,-23.500000	,2.000000	,-9.000000	,-7.500000	,6.000000	,14.000000	,-2.000000	,6.000000	,3.000000	,-8.000000	,1.000000	,11.000000	,18.000000	,15.000000	,16.000000	,5.000000	,12.000000	,4.500000	,116.000000	,354.000000	,382.000000	,136.500000	,-5.000000	,44.500000	,64.000000	,45.000000	,29.500000	,-19.000000	,-53.500000	,-26.500000	,-20.000000	,-3.000000	,-4.500000	,6.500000	,10.500000	,-10.500000	,-26.000000	,-4.000000	,3.500000	,-0.500000	,-29.000000	,-5.500000	,-11.000000	,-2.500000	,18.500000	,-8.000000	,-28.500000	,-7.000000	,14.000000	,6.000000	,9.000000	,-12.500000	,7.500000	,18.500000	,-58.000000	,-55.000000	,-6.000000	,-3.000000	,-5.000000	,-7.500000	,9.000000	,44.500000	,20.500000	,9.000000	,13.000000	,-7.500000	,14.000000	,14.000000	,10.500000	,8.500000	,-7.000000	,10.500000	,16.500000	,-1.000000	,3.500000	,-1.000000	,-21.500000	,12.000000	,12.500000	,-8.000000	,-21.500000	,-3.000000	,-11.500000	,-90.500000	,-87.500000	,5.500000	,9.000000	,-29.000000	,-31.500000	,-17.500000	,-9.000000	,13.500000	,4.000000	,21.000000	,-1.500000	,-15.500000	,-18.000000	,-18.000000	,2.000000	,21.500000	,29.500000	,1.500000	,201.000000	,187.000000	,-11.500000	,-5.500000	,10.000000	,-15.500000	,18.500000	,8.500000	,-11.500000	,0.500000	,0.000000	,-23.500000	,-2.500000	,15.500000	,10.000000	,-28.500000	,-225.000000	,-246.500000	,-8.500000	,17.000000	,8.000000	,-2.500000	,2.500000	,-4.000000	,-5.000000	,10.500000	,30.000000	,7.000000	,-2.000000	,-19.000000	,5.000000	,-17.000000	,51.500000	,247.500000	,254.000000	,71.000000	,-26.500000	,-11.500000	,31.500000	,-1.500000	,-13.000000	,4.500000	,-1.500000	,-1.000000	,-11.000000	,-0.500000	,-32.000000	,-1.000000	,4.000000	,-22.500000	,-9.500000	,2.500000	,10.500000	,-45.500000	,-217.000000	,-299.000000	,-183.000000	,5.000000	,-1.000000	,-30.500000	,-30.500000	,-5.500000	,-1.000000	,9.000000	,15.500000	,1.000000	,9.500000	,11.500000	,-9.500000	,-40.000000	,-16.500000	,7.000000	,26.000000	,0.500000	,-4.500000	,-27.500000	,13.000000	,12.500000	,-15.000000	,-30.500000	,-6.000000	,-6.500000	,50.500000	,120.500000	,240.000000	,318.500000	,241.500000	,30.500000	,11.500000	,18.000000	,-6.000000	,-16.500000	,0.500000	,9.000000	,-1.500000	,-14.000000	,-4.500000	,23.000000	,9.000000	,-1.000000	,-6.000000	,1.000000	,-4.000000	,1.000000	,-5.000000	,-50.000000	,-40.000000	,-13.000000	,-14.000000	,-4.000000	,8.000000	,-7.000000	,3.000000	,-4.500000	,-12.500000	,9.500000	,-1.000000	,-7.000000	,-8.000000	,6.000000	,-12.500000	,-9.000000	,1.000000	,-1.000000	,-10.000000	,0.000000	,10.000000	,1.500000	,-1.000000	,14.000000	,6.000000	,185.000000	,
-189.500000	,6.500000	,8.000000	,-3.500000	,27.000000	,19.500000	,-1.500000	,5.500000	,1.000000	,2.000000	,7.500000	,-15.000000	,-18.500000	,15.000000	,13.500000	,1.500000	,-3.000000	,13.500000	,3.500000	,-11.000000	,-1.000000	,-7.500000	,-12.000000	,0.000000	,5.000000	,213.000000	,402.000000	,362.000000	,181.000000	,41.000000	,-12.000000	,-21.500000	,9.000000	,3.500000	,-25.500000	,-25.500000	,-1.500000	,6.000000	,-8.500000	,-14.000000	,5.500000	,-8.500000	,1.000000	,-4.000000	,33.000000	,36.000000	,-7.000000	,-9.000000	,-15.500000	,9.000000	,32.000000	,6.500000	,-27.000000	,2.500000	,3.000000	,-8.000000	,2.500000	,-16.000000	,-9.000000	,33.000000	,-15.000000	,-43.000000	,2.500000	,7.500000	,24.500000	,21.500000	,-58.500000	,-24.500000	,-15.000000	,36.000000	,20.500000	,0.000000	,12.500000	,-7.500000	,1.500000	,0.500000	,-9.000000	,17.000000	,5.000000	,-24.500000	,-14.500000	,7.000000	,-10.500000	,17.000000	,14.500000	,-6.500000	,-19.500000	,17.000000	,-82.500000	,-210.500000	,-82.500000	,29.000000	,6.500000	,-12.000000	,-32.000000	,-40.500000	,-34.000000	,-8.500000	,-21.000000	,19.000000	,29.500000	,30.500000	,13.500000	,11.000000	,-6.000000	,3.000000	,8.500000	,30.000000	,214.500000	,153.000000	,-26.000000	,-6.500000	,-3.500000	,-3.000000	,1.500000	,6.500000	,4.500000	,-2.500000	,10.500000	,-31.500000	,-7.000000	,-1.500000	,-7.000000	,45.000000	,-140.000000	,-203.000000	,-9.000000	,14.500000	,15.000000	,16.000000	,13.000000	,-23.000000	,-28.500000	,11.000000	,7.500000	,11.000000	,23.500000	,0.000000	,7.000000	,-5.000000	,43.000000	,219.000000	,319.500000	,199.500000	,-11.000000	,-23.500000	,9.000000	,-9.000000	,3.500000	,-3.500000	,-16.000000	,-26.000000	,13.000000	,15.500000	,-30.000000	,-25.000000	,10.500000	,19.000000	,-10.500000	,0.500000	,25.500000	,13.500000	,-96.500000	,-300.500000	,-285.500000	,-95.000000	,-6.000000	,-13.000000	,-24.000000	,-12.500000	,-1.000000	,20.000000	,27.500000	,27.500000	,15.500000	,22.500000	,29.000000	,21.500000	,-8.500000	,9.500000	,23.000000	,14.000000	,-19.000000	,-36.500000	,-11.000000	,16.000000	,8.000000	,6.000000	,19.000000	,-5.500000	,3.000000	,-2.500000	,55.500000	,242.000000	,323.000000	,219.500000	,131.500000	,-2.000000	,-1.000000	,7.500000	,-1.000000	,8.000000	,-10.000000	,-19.000000	,-14.500000	,1.500000	,19.000000	,22.500000	,9.500000	,-6.500000	,-16.500000	,25.000000	,-13.500000	,-22.000000	,-25.000000	,7.000000	,-16.500000	,-32.000000	,-0.500000	,12.500000	,-1.000000	,-15.500000	,-38.000000	,-20.000000	,0.500000	,-10.500000	,-14.500000	,-15.000000	,-10.000000	,0.500000	,-1.000000	,-2.500000	,-17.500000	,-16.500000	,30.000000	,14.000000	,-4.500000	,-0.500000	,-1.500000	,185.000000	,
-197.500000	,-10.500000	,1.500000	,-11.000000	,0.000000	,13.500000	,14.500000	,-0.500000	,-5.000000	,3.500000	,-3.500000	,-15.000000	,-11.000000	,-5.000000	,-5.500000	,1.500000	,0.000000	,2.000000	,-1.500000	,-4.500000	,7.500000	,-3.000000	,-19.500000	,0.000000	,9.000000	,61.000000	,241.500000	,278.000000	,120.500000	,2.000000	,-27.000000	,-32.000000	,10.000000	,23.500000	,21.500000	,23.500000	,22.000000	,2.000000	,-24.000000	,41.500000	,46.000000	,-5.000000	,-11.000000	,-7.500000	,30.500000	,19.000000	,6.000000	,2.000000	,-13.500000	,19.500000	,34.500000	,-2.500000	,-29.000000	,-10.500000	,-1.500000	,-6.500000	,-2.500000	,-11.500000	,-15.000000	,58.500000	,32.500000	,-2.000000	,28.000000	,18.000000	,51.500000	,77.500000	,30.000000	,-3.000000	,-19.000000	,21.000000	,-13.000000	,-12.000000	,13.000000	,-7.500000	,-8.000000	,-10.500000	,-1.500000	,37.000000	,19.500000	,-17.500000	,-10.500000	,-12.000000	,-13.000000	,7.500000	,-3.000000	,-5.500000	,-23.500000	,1.500000	,-105.500000	,-164.000000	,-40.500000	,23.000000	,14.500000	,35.500000	,5.000000	,-42.000000	,-26.500000	,-12.000000	,-23.500000	,-6.000000	,28.000000	,10.500000	,-15.000000	,-17.000000	,-8.000000	,-13.500000	,-12.500000	,56.500000	,225.000000	,129.500000	,-5.500000	,12.500000	,-7.000000	,30.000000	,21.500000	,1.500000	,-10.000000	,1.500000	,35.500000	,18.000000	,2.000000	,3.500000	,-29.000000	,-23.500000	,-223.500000	,-297.000000	,-110.000000	,7.000000	,7.000000	,14.000000	,-2.500000	,-14.500000	,-16.000000	,30.500000	,-2.000000	,11.500000	,19.000000	,-2.500000	,10.500000	,20.500000	,-29.000000	,62.500000	,278.500000	,244.500000	,-7.000000	,-21.000000	,-12.000000	,-1.500000	,8.000000	,9.500000	,2.500000	,-23.000000	,-14.000000	,8.500000	,-9.000000	,-19.500000	,1.000000	,1.000000	,-28.500000	,-12.000000	,-6.500000	,5.500000	,-2.000000	,-186.500000	,-324.500000	,-247.500000	,-43.000000	,28.500000	,-12.000000	,0.000000	,-11.000000	,-18.000000	,7.000000	,19.500000	,1.000000	,3.000000	,20.500000	,44.000000	,-14.500000	,-11.000000	,-3.000000	,38.000000	,18.500000	,-38.000000	,-13.000000	,11.000000	,1.500000	,-24.500000	,-15.500000	,-24.000000	,-8.000000	,-1.000000	,-31.000000	,139.000000	,236.500000	,298.500000	,249.000000	,109.500000	,61.000000	,-12.500000	,-5.000000	,7.000000	,-0.500000	,0.500000	,5.500000	,-24.000000	,0.500000	,4.000000	,17.000000	,20.000000	,-12.000000	,-86.500000	,-110.000000	,31.500000	,-8.000000	,2.000000	,-3.000000	,-13.500000	,9.000000	,5.500000	,21.000000	,13.000000	,-16.000000	,-7.500000	,5.500000	,-2.500000	,17.500000	,0.000000	,3.000000	,2.000000	,7.000000	,4.500000	,-1.500000	,-11.000000	,0.500000	,5.000000	,2.000000	,8.500000	,2.000000	,184.500000	,
-185.500000	,-7.500000	,-2.000000	,-6.500000	,-16.000000	,4.000000	,8.500000	,0.000000	,2.000000	,17.500000	,21.000000	,3.500000	,-0.500000	,-8.000000	,-1.500000	,4.500000	,-5.500000	,-8.500000	,4.000000	,0.000000	,17.000000	,-1.000000	,-13.000000	,1.500000	,-0.500000	,3.500000	,31.500000	,80.500000	,85.500000	,63.000000	,9.000000	,13.000000	,10.500000	,13.000000	,-1.000000	,13.000000	,11.000000	,4.000000	,-17.500000	,38.000000	,37.500000	,3.500000	,-17.000000	,-15.500000	,-18.000000	,3.500000	,24.000000	,10.500000	,6.500000	,28.500000	,44.500000	,43.000000	,32.000000	,17.000000	,42.000000	,2.000000	,3.000000	,-17.500000	,-21.500000	,29.500000	,28.000000	,-6.000000	,-12.000000	,39.000000	,88.000000	,1.000000	,11.500000	,-15.000000	,-21.000000	,25.000000	,-11.000000	,7.500000	,29.000000	,6.500000	,4.500000	,-7.000000	,-24.000000	,-3.500000	,4.500000	,2.500000	,21.000000	,-3.000000	,-7.000000	,16.000000	,25.500000	,-9.500000	,-20.500000	,-38.000000	,-87.500000	,-50.500000	,-8.500000	,17.000000	,30.000000	,52.500000	,38.500000	,10.000000	,5.500000	,-10.000000	,-8.500000	,-32.000000	,-15.000000	,3.000000	,-14.000000	,-7.500000	,-10.000000	,-3.500000	,-9.000000	,82.000000	,220.000000	,52.500000	,3.500000	,17.500000	,-18.000000	,-2.500000	,8.000000	,6.000000	,-5.500000	,6.500000	,24.000000	,13.500000	,6.000000	,-16.500000	,-29.500000	,-2.500000	,-174.000000	,-288.500000	,-139.000000	,-1.000000	,-15.500000	,-14.000000	,10.500000	,-7.000000	,-2.000000	,4.500000	,-14.500000	,-15.500000	,14.500000	,-11.500000	,16.000000	,23.500000	,5.500000	,-9.500000	,220.500000	,296.500000	,138.000000	,7.000000	,-3.500000	,-2.500000	,-2.500000	,16.500000	,-1.000000	,4.000000	,0.000000	,6.000000	,1.500000	,-6.500000	,10.500000	,-11.000000	,-17.500000	,-10.500000	,0.500000	,37.500000	,28.000000	,-52.500000	,-216.000000	,-309.500000	,-170.500000	,19.500000	,16.000000	,7.500000	,15.500000	,5.500000	,13.500000	,16.000000	,-6.000000	,-54.000000	,3.000000	,14.000000	,-3.000000	,-15.500000	,-40.000000	,10.000000	,8.500000	,-20.500000	,-30.500000	,-4.500000	,-17.500000	,-4.000000	,14.500000	,-12.500000	,1.000000	,-17.000000	,-18.000000	,9.000000	,22.500000	,180.500000	,276.000000	,265.500000	,170.000000	,44.500000	,16.000000	,9.500000	,-11.000000	,24.500000	,-2.000000	,-19.000000	,-11.500000	,-18.000000	,-1.500000	,-8.000000	,-3.500000	,-169.500000	,-81.000000	,10.000000	,-2.000000	,17.000000	,16.000000	,3.500000	,0.000000	,-16.500000	,25.000000	,30.000000	,-8.000000	,10.000000	,13.000000	,17.500000	,15.500000	,0.500000	,1.000000	,2.000000	,1.000000	,15.500000	,14.500000	,-3.000000	,-7.000000	,-5.000000	,4.000000	,6.500000	,-11.500000	,186.500000	,
-178.500000	,7.000000	,18.500000	,10.000000	,-2.500000	,0.500000	,-3.500000	,-19.500000	,-8.000000	,5.000000	,3.500000	,3.500000	,2.500000	,-10.000000	,-6.500000	,-3.000000	,3.000000	,-10.000000	,-6.500000	,-8.500000	,1.000000	,-22.000000	,-21.500000	,12.500000	,1.500000	,16.500000	,28.500000	,57.500000	,111.000000	,110.000000	,50.500000	,1.000000	,-13.500000	,-31.500000	,-11.000000	,-13.500000	,-2.500000	,-24.000000	,-27.500000	,-0.500000	,22.500000	,10.500000	,-14.500000	,-10.500000	,-1.000000	,-12.000000	,15.500000	,16.500000	,-9.500000	,-3.500000	,3.000000	,24.500000	,2.500000	,16.000000	,25.000000	,14.000000	,24.000000	,-12.000000	,-39.500000	,-10.500000	,-3.000000	,-34.500000	,-14.000000	,37.000000	,42.000000	,-33.500000	,21.000000	,-6.000000	,-22.000000	,13.000000	,-23.000000	,-35.000000	,26.000000	,6.000000	,-3.000000	,-0.500000	,-17.000000	,9.500000	,-1.000000	,-19.000000	,-16.000000	,-11.000000	,-4.500000	,26.000000	,36.000000	,35.000000	,-5.500000	,-134.500000	,-125.000000	,15.500000	,-4.500000	,-10.000000	,-1.500000	,25.500000	,12.000000	,25.500000	,17.500000	,24.500000	,11.500000	,6.000000	,-1.000000	,13.000000	,31.500000	,33.000000	,9.000000	,5.500000	,-26.000000	,128.000000	,231.500000	,19.000000	,-16.000000	,-1.000000	,-35.000000	,-33.000000	,2.500000	,7.000000	,-17.000000	,-23.000000	,-32.000000	,-21.500000	,2.000000	,-26.000000	,-22.000000	,40.500000	,-62.500000	,-220.500000	,-78.000000	,25.000000	,3.000000	,-23.500000	,0.500000	,-14.500000	,-31.500000	,2.500000	,4.500000	,-3.500000	,3.000000	,6.000000	,16.500000	,16.500000	,9.000000	,15.000000	,182.500000	,296.500000	,159.000000	,-22.500000	,17.500000	,27.000000	,5.000000	,-12.500000	,4.000000	,20.500000	,0.000000	,-16.500000	,-36.500000	,7.000000	,34.000000	,3.500000	,8.000000	,16.500000	,6.000000	,21.000000	,20.000000	,39.500000	,-56.000000	,-297.500000	,-317.500000	,-118.500000	,23.500000	,-9.000000	,-8.000000	,-10.500000	,-5.500000	,12.500000	,-1.500000	,-44.000000	,-14.500000	,7.500000	,14.500000	,10.500000	,-29.500000	,17.500000	,12.000000	,10.500000	,-8.500000	,-1.500000	,-9.000000	,19.000000	,23.000000	,-10.500000	,22.000000	,-36.000000	,-40.000000	,-0.500000	,17.500000	,54.000000	,111.000000	,243.000000	,297.500000	,245.000000	,88.000000	,-14.000000	,-15.500000	,-4.500000	,-7.000000	,5.500000	,25.500000	,1.000000	,-20.500000	,-32.000000	,-44.500000	,-92.000000	,-11.000000	,4.500000	,10.000000	,2.500000	,-24.000000	,-7.500000	,-2.500000	,-8.000000	,20.000000	,-5.000000	,-42.500000	,-13.000000	,-4.500000	,3.500000	,-3.500000	,-5.500000	,-1.500000	,0.000000	,0.500000	,-5.500000	,13.000000	,7.500000	,1.000000	,-2.500000	,6.000000	,8.000000	,-3.500000	,191.000000	,
-184.000000	,6.000000	,4.500000	,3.500000	,-2.000000	,-1.000000	,-1.500000	,-12.500000	,-14.000000	,-16.000000	,2.500000	,12.500000	,4.000000	,2.000000	,-0.500000	,8.000000	,2.000000	,-1.500000	,-8.500000	,2.000000	,21.000000	,-3.000000	,-13.000000	,2.000000	,4.500000	,-2.000000	,2.000000	,3.000000	,56.000000	,96.000000	,77.000000	,5.500000	,-10.500000	,-17.500000	,2.000000	,16.500000	,10.500000	,-24.000000	,-17.000000	,3.000000	,1.000000	,9.000000	,15.500000	,27.000000	,-1.000000	,-20.000000	,5.000000	,10.000000	,-7.000000	,-9.500000	,2.500000	,2.000000	,-7.500000	,-1.000000	,-15.500000	,-13.000000	,14.500000	,-7.000000	,-27.500000	,-11.500000	,-6.500000	,44.500000	,23.500000	,9.500000	,19.000000	,0.500000	,52.500000	,15.000000	,-9.000000	,1.500000	,-20.000000	,-34.500000	,1.500000	,-10.500000	,4.500000	,15.000000	,4.000000	,37.000000	,27.500000	,5.500000	,-18.500000	,-28.500000	,-33.500000	,-4.500000	,28.000000	,26.000000	,-13.000000	,-228.500000	,-159.000000	,4.000000	,-13.500000	,-27.500000	,-16.000000	,-5.000000	,-1.500000	,4.000000	,2.500000	,14.000000	,18.000000	,24.000000	,3.000000	,-37.000000	,2.000000	,1.500000	,1.500000	,-10.500000	,-34.500000	,166.500000	,215.500000	,7.500000	,-13.000000	,18.000000	,-3.500000	,-13.500000	,1.000000	,6.000000	,-11.500000	,16.000000	,5.000000	,10.000000	,41.500000	,-3.000000	,-17.500000	,9.000000	,-125.000000	,-221.500000	,-34.000000	,70.000000	,20.000000	,-36.500000	,-17.000000	,17.000000	,0.500000	,3.000000	,6.000000	,6.500000	,-29.000000	,4.000000	,29.500000	,3.500000	,5.500000	,21.500000	,50.500000	,260.000000	,218.500000	,25.000000	,0.000000	,15.000000	,8.500000	,-26.500000	,-6.000000	,-0.500000	,10.500000	,-8.500000	,-46.000000	,-10.500000	,2.000000	,22.000000	,22.500000	,12.500000	,-3.500000	,10.500000	,1.000000	,12.000000	,30.500000	,-157.000000	,-330.500000	,-265.000000	,-67.500000	,2.000000	,-16.000000	,-7.000000	,-5.000000	,33.000000	,2.000000	,-19.000000	,-6.000000	,-26.500000	,16.500000	,-2.500000	,-3.000000	,-20.000000	,-10.000000	,23.500000	,25.000000	,5.000000	,-34.000000	,10.500000	,19.000000	,20.500000	,63.000000	,21.000000	,-23.000000	,3.000000	,-3.000000	,-0.500000	,41.500000	,105.500000	,221.500000	,333.000000	,233.000000	,21.000000	,-23.000000	,-7.000000	,-22.000000	,-25.500000	,1.500000	,35.500000	,-6.500000	,-53.000000	,-80.500000	,-39.000000	,-0.500000	,-12.500000	,6.500000	,18.000000	,4.000000	,-4.500000	,-24.000000	,-3.500000	,23.000000	,7.500000	,-10.500000	,-18.000000	,-7.000000	,6.500000	,3.500000	,1.500000	,2.000000	,-0.500000	,0.000000	,-3.500000	,-13.000000	,-12.000000	,3.500000	,-1.000000	,12.500000	,-5.500000	,-23.500000	,184.000000	,
-196.000000	,-11.500000	,-15.500000	,-8.500000	,-1.500000	,7.500000	,13.000000	,17.500000	,-4.500000	,-27.500000	,-5.500000	,6.000000	,0.500000	,5.500000	,11.000000	,0.000000	,-8.500000	,-10.000000	,9.500000	,15.500000	,28.500000	,13.500000	,0.000000	,-4.500000	,1.000000	,-9.000000	,-20.000000	,0.000000	,0.500000	,66.500000	,117.000000	,86.000000	,22.000000	,19.000000	,18.000000	,21.500000	,29.000000	,2.000000	,3.000000	,15.500000	,6.000000	,8.000000	,6.000000	,35.000000	,6.500000	,-2.500000	,1.500000	,7.500000	,-10.500000	,-13.500000	,24.000000	,-14.500000	,18.500000	,32.000000	,14.000000	,-18.000000	,7.500000	,-1.500000	,7.500000	,25.000000	,-11.000000	,59.500000	,40.500000	,23.500000	,-22.500000	,-21.500000	,12.000000	,12.000000	,-6.000000	,28.000000	,9.000000	,-30.500000	,-8.500000	,-12.000000	,23.500000	,-4.500000	,-26.500000	,-13.000000	,9.500000	,25.000000	,10.500000	,-21.000000	,-7.500000	,-13.000000	,-6.000000	,9.500000	,-24.000000	,-130.000000	,-76.000000	,6.500000	,1.000000	,3.500000	,-11.500000	,-16.000000	,7.000000	,12.500000	,1.000000	,-15.500000	,-5.500000	,21.500000	,5.000000	,-50.000000	,-21.000000	,4.500000	,36.500000	,34.500000	,21.000000	,190.000000	,175.500000	,-2.000000	,-11.500000	,18.000000	,3.000000	,-11.000000	,-6.000000	,-6.000000	,-7.500000	,22.500000	,10.000000	,-25.500000	,16.500000	,22.000000	,10.500000	,13.500000	,-181.500000	,-324.500000	,-195.000000	,18.000000	,25.500000	,-2.000000	,10.000000	,7.000000	,-16.000000	,-27.000000	,16.500000	,8.500000	,-44.000000	,-32.000000	,-0.500000	,-24.000000	,-11.500000	,-27.000000	,5.000000	,232.000000	,252.500000	,22.000000	,-37.500000	,19.500000	,21.500000	,-37.500000	,-4.000000	,6.500000	,19.000000	,2.000000	,-13.500000	,-18.000000	,-9.000000	,-10.000000	,4.000000	,9.000000	,17.000000	,9.000000	,-38.000000	,-4.000000	,39.500000	,4.000000	,-207.000000	,-330.500000	,-217.500000	,-58.000000	,-28.500000	,7.500000	,-3.000000	,14.500000	,31.000000	,21.500000	,7.500000	,-27.000000	,-7.000000	,-5.000000	,-1.500000	,-10.500000	,-32.000000	,-29.500000	,-18.000000	,5.000000	,-32.000000	,8.500000	,0.000000	,-11.500000	,26.000000	,33.500000	,5.500000	,3.000000	,-17.000000	,-22.500000	,10.500000	,-28.000000	,36.000000	,259.500000	,324.000000	,236.000000	,158.000000	,36.000000	,-23.000000	,-23.000000	,-10.000000	,29.500000	,-14.500000	,-46.000000	,-16.500000	,19.500000	,10.500000	,-4.500000	,15.000000	,16.000000	,27.000000	,9.500000	,-24.500000	,-10.000000	,21.000000	,15.500000	,-5.500000	,-28.000000	,-1.000000	,5.000000	,-1.000000	,-3.000000	,-3.000000	,0.000000	,-7.500000	,8.500000	,-3.000000	,-9.500000	,-4.000000	,0.500000	,8.500000	,-15.000000	,-24.500000	,185.000000	,
-187.000000	,4.500000	,-3.500000	,5.500000	,10.500000	,10.500000	,-2.500000	,11.500000	,2.500000	,-9.500000	,-8.500000	,-0.500000	,-1.000000	,-12.500000	,-9.000000	,9.500000	,9.000000	,-11.500000	,-23.000000	,3.000000	,1.500000	,2.000000	,-7.500000	,-1.000000	,6.000000	,-7.000000	,-9.000000	,0.000000	,1.000000	,31.500000	,90.000000	,75.500000	,15.500000	,-0.500000	,-29.500000	,-33.000000	,9.500000	,17.500000	,-2.000000	,-15.500000	,-11.000000	,-18.500000	,-12.500000	,9.500000	,-33.000000	,-26.000000	,6.000000	,14.000000	,-30.500000	,-12.500000	,-21.000000	,-18.500000	,-8.500000	,28.000000	,15.000000	,2.000000	,3.000000	,-6.500000	,-13.000000	,7.000000	,-31.000000	,-60.000000	,-9.500000	,-13.000000	,-38.500000	,-12.000000	,0.000000	,-5.000000	,-16.500000	,1.000000	,18.000000	,11.500000	,0.500000	,-10.500000	,2.500000	,-2.500000	,-27.500000	,-25.500000	,-16.500000	,-9.500000	,-4.000000	,-0.500000	,9.500000	,14.500000	,-11.500000	,-25.500000	,-71.000000	,-40.000000	,-18.000000	,-9.500000	,5.500000	,19.000000	,-1.500000	,-26.000000	,-3.000000	,9.500000	,13.500000	,9.000000	,-19.500000	,-10.500000	,-11.500000	,-9.000000	,-5.000000	,-4.000000	,9.000000	,-3.500000	,38.000000	,214.000000	,151.500000	,-13.000000	,2.500000	,19.500000	,10.500000	,-11.500000	,-12.000000	,0.500000	,-5.500000	,4.000000	,18.000000	,-9.500000	,-12.000000	,20.000000	,15.000000	,-3.500000	,-134.000000	,-305.500000	,-224.000000	,10.000000	,30.500000	,4.000000	,-5.500000	,10.000000	,2.000000	,-5.000000	,27.500000	,31.000000	,-17.000000	,-25.000000	,-4.500000	,0.500000	,27.500000	,-0.500000	,-13.000000	,163.000000	,288.500000	,145.000000	,-15.000000	,26.000000	,22.000000	,0.000000	,11.000000	,16.500000	,35.500000	,25.000000	,19.000000	,-12.500000	,-14.000000	,0.500000	,-3.000000	,15.000000	,27.000000	,32.500000	,-9.000000	,-9.000000	,-8.500000	,1.500000	,-44.500000	,-246.000000	,-285.500000	,-179.500000	,-15.000000	,16.500000	,-10.000000	,-13.500000	,-13.500000	,35.500000	,29.000000	,1.000000	,11.000000	,19.500000	,26.500000	,33.000000	,21.000000	,-22.500000	,-24.000000	,-13.000000	,-29.000000	,-13.000000	,-17.500000	,-35.000000	,-8.500000	,11.500000	,15.000000	,13.500000	,-0.500000	,-21.000000	,-20.000000	,-15.500000	,-27.000000	,72.000000	,232.500000	,273.500000	,273.500000	,151.000000	,49.500000	,5.000000	,4.500000	,-54.000000	,-118.500000	,-12.500000	,-28.500000	,12.000000	,8.000000	,0.000000	,-6.000000	,-11.000000	,24.000000	,19.000000	,-7.000000	,4.000000	,4.500000	,5.500000	,-1.500000	,-12.000000	,1.500000	,4.000000	,-2.500000	,-21.500000	,-19.000000	,-23.500000	,-8.000000	,19.500000	,9.500000	,0.500000	,-4.000000	,4.500000	,29.000000	,8.000000	,2.000000	,180.500000	,
-178.000000	,16.000000	,5.500000	,2.000000	,-1.000000	,2.500000	,4.000000	,11.500000	,2.000000	,-9.500000	,-6.500000	,-8.500000	,1.000000	,-3.500000	,-17.500000	,10.000000	,8.500000	,0.500000	,-22.000000	,-20.000000	,-6.000000	,-17.000000	,-16.000000	,1.000000	,15.000000	,0.500000	,0.000000	,-13.000000	,-26.000000	,0.000000	,48.000000	,78.000000	,66.000000	,55.500000	,17.500000	,-32.000000	,-7.500000	,20.500000	,-7.000000	,-35.500000	,-16.500000	,-24.500000	,-15.500000	,-8.500000	,-30.500000	,-18.000000	,16.000000	,4.500000	,-26.500000	,5.500000	,8.000000	,-14.500000	,-5.500000	,15.500000	,4.500000	,-7.000000	,7.500000	,-12.500000	,-16.500000	,55.500000	,31.000000	,-33.500000	,19.000000	,-8.500000	,-1.000000	,-5.500000	,19.000000	,19.000000	,-23.500000	,-20.500000	,5.000000	,18.500000	,20.000000	,-2.000000	,25.000000	,34.500000	,16.500000	,33.500000	,3.000000	,-23.500000	,-12.000000	,-19.000000	,-5.000000	,23.000000	,17.500000	,-120.500000	,-161.000000	,-21.000000	,-7.500000	,-32.500000	,-24.000000	,-2.000000	,4.000000	,-44.000000	,-30.500000	,-22.000000	,-21.000000	,9.500000	,-0.500000	,-3.000000	,-1.000000	,2.500000	,-10.500000	,-14.500000	,-19.000000	,-36.500000	,57.500000	,219.000000	,121.000000	,-8.500000	,5.500000	,13.000000	,8.500000	,29.000000	,2.500000	,-7.500000	,-0.500000	,4.000000	,11.500000	,3.500000	,0.000000	,10.000000	,20.500000	,17.500000	,-2.500000	,-197.500000	,-171.000000	,14.500000	,7.500000	,-1.000000	,20.000000	,22.500000	,-6.500000	,-27.000000	,2.000000	,27.500000	,2.500000	,0.000000	,-21.000000	,4.000000	,34.000000	,27.500000	,15.500000	,143.000000	,304.500000	,252.000000	,57.000000	,16.500000	,17.500000	,3.000000	,-1.000000	,-2.000000	,3.500000	,3.000000	,-7.500000	,-13.500000	,-24.000000	,-8.500000	,-30.000000	,-39.000000	,18.000000	,29.000000	,7.000000	,7.500000	,-5.000000	,-5.500000	,47.000000	,-68.500000	,-239.500000	,-256.500000	,-70.000000	,30.500000	,-13.000000	,-17.000000	,-13.000000	,13.000000	,11.000000	,-23.500000	,-13.500000	,-9.500000	,-23.500000	,7.000000	,62.500000	,22.500000	,-1.500000	,-5.500000	,3.000000	,-15.500000	,-3.000000	,-17.500000	,-30.000000	,-1.500000	,8.000000	,18.000000	,15.000000	,-0.500000	,-15.000000	,1.000000	,-3.000000	,7.500000	,30.500000	,137.500000	,260.500000	,281.000000	,154.000000	,42.000000	,44.000000	,-98.000000	,-61.500000	,10.500000	,-7.500000	,-6.500000	,-6.500000	,-10.000000	,-23.000000	,-12.000000	,9.000000	,21.000000	,-6.500000	,-7.000000	,15.500000	,29.000000	,15.500000	,-1.000000	,-4.000000	,9.500000	,18.000000	,6.500000	,-0.500000	,-19.000000	,-3.000000	,0.000000	,3.500000	,-2.000000	,-2.000000	,7.500000	,20.000000	,11.500000	,15.000000	,192.500000	,
-201.500000	,-19.000000	,4.000000	,2.000000	,-6.000000	,5.000000	,6.000000	,3.500000	,1.000000	,2.000000	,6.500000	,-3.000000	,16.000000	,8.000000	,-5.000000	,-1.000000	,16.500000	,17.500000	,-6.000000	,-3.000000	,13.000000	,2.000000	,-3.000000	,8.000000	,0.500000	,-2.000000	,13.000000	,-1.000000	,-15.000000	,0.500000	,25.500000	,57.500000	,94.500000	,120.000000	,75.500000	,-26.000000	,-21.000000	,5.500000	,20.500000	,14.500000	,-1.000000	,-1.500000	,-6.500000	,8.500000	,14.000000	,-19.500000	,-2.000000	,-6.000000	,-1.000000	,-9.500000	,0.000000	,-12.000000	,-3.500000	,14.000000	,4.500000	,-21.500000	,21.000000	,21.000000	,44.500000	,99.500000	,4.500000	,-4.000000	,35.500000	,20.000000	,-11.500000	,-11.000000	,-8.000000	,6.000000	,7.000000	,8.000000	,6.000000	,1.500000	,16.500000	,-5.500000	,-2.500000	,-3.000000	,1.500000	,41.000000	,43.000000	,-8.500000	,-4.000000	,-24.500000	,4.000000	,7.000000	,0.500000	,-178.000000	,-163.000000	,30.000000	,20.500000	,3.500000	,9.500000	,14.000000	,-22.500000	,-6.500000	,15.500000	,-4.000000	,-8.500000	,21.000000	,8.000000	,-2.500000	,-13.000000	,-18.000000	,2.000000	,22.000000	,25.000000	,-15.000000	,91.000000	,243.000000	,73.000000	,-24.500000	,-9.000000	,5.500000	,-0.500000	,28.500000	,21.000000	,-7.000000	,-7.500000	,-8.000000	,-11.500000	,-12.000000	,7.000000	,7.500000	,20.000000	,28.000000	,-19.000000	,-205.000000	,-121.500000	,26.000000	,9.500000	,-3.500000	,16.000000	,14.500000	,1.000000	,-10.000000	,-9.500000	,32.500000	,26.500000	,5.500000	,-12.000000	,1.000000	,-2.000000	,-10.000000	,-5.500000	,16.000000	,211.500000	,306.000000	,181.500000	,-6.000000	,2.500000	,-15.000000	,-2.000000	,-29.500000	,-47.500000	,-25.500000	,15.500000	,1.500000	,-13.000000	,-3.500000	,-35.500000	,-43.500000	,-9.000000	,-9.500000	,-14.000000	,24.000000	,-3.500000	,-25.000000	,3.500000	,-0.500000	,-184.000000	,-309.500000	,-225.000000	,-25.500000	,14.000000	,14.000000	,-23.000000	,21.000000	,23.500000	,-14.500000	,-13.500000	,26.500000	,-14.500000	,-24.500000	,28.500000	,38.500000	,18.500000	,15.500000	,4.000000	,-4.000000	,-5.500000	,-6.500000	,-23.000000	,-7.000000	,17.000000	,7.000000	,5.500000	,29.500000	,18.500000	,41.500000	,25.000000	,18.500000	,32.500000	,44.500000	,142.500000	,295.000000	,301.500000	,239.000000	,85.000000	,-145.000000	,0.000000	,6.500000	,-0.500000	,-7.500000	,-11.000000	,4.000000	,-8.000000	,-6.500000	,-2.500000	,12.500000	,-4.000000	,-6.500000	,7.500000	,-8.500000	,-19.500000	,0.500000	,0.000000	,9.000000	,14.500000	,24.000000	,8.000000	,-20.500000	,-4.000000	,0.000000	,2.500000	,-14.000000	,-21.500000	,1.500000	,3.500000	,8.000000	,12.000000	,198.500000	,
-192.000000	,-11.000000	,5.500000	,3.500000	,-7.000000	,3.500000	,0.500000	,10.500000	,-6.000000	,-2.500000	,10.500000	,-9.500000	,2.500000	,-1.000000	,12.000000	,8.500000	,-13.500000	,-17.000000	,10.500000	,8.500000	,1.000000	,0.000000	,-14.500000	,-16.500000	,-15.000000	,0.000000	,24.500000	,8.000000	,-1.000000	,-7.500000	,-12.000000	,-5.500000	,28.500000	,89.500000	,102.000000	,34.500000	,-10.500000	,4.000000	,18.000000	,7.000000	,-4.000000	,3.000000	,-29.000000	,-24.500000	,-0.500000	,6.000000	,3.500000	,20.500000	,-17.000000	,3.500000	,5.000000	,-22.000000	,-10.000000	,16.000000	,2.000000	,-6.000000	,11.000000	,11.000000	,39.500000	,46.000000	,-24.500000	,-26.000000	,4.500000	,21.000000	,3.500000	,-0.500000	,4.500000	,15.000000	,-11.000000	,-20.000000	,-12.000000	,-15.500000	,-31.500000	,-5.500000	,12.500000	,-21.000000	,-12.000000	,22.500000	,24.500000	,20.000000	,7.500000	,-11.500000	,7.000000	,26.000000	,1.500000	,-105.000000	,-71.500000	,0.500000	,-0.500000	,4.500000	,23.500000	,41.500000	,21.000000	,-3.000000	,7.500000	,-5.000000	,20.000000	,32.500000	,-13.500000	,-16.500000	,-14.000000	,-16.000000	,-16.500000	,-3.000000	,10.500000	,-13.500000	,133.000000	,222.000000	,21.000000	,-18.000000	,-10.500000	,4.000000	,-25.000000	,-12.000000	,20.000000	,7.500000	,-1.000000	,31.000000	,0.000000	,-19.000000	,-9.000000	,-28.000000	,-19.000000	,4.000000	,-56.000000	,-263.500000	,-222.500000	,-28.500000	,-17.000000	,-12.500000	,16.500000	,11.000000	,20.000000	,5.000000	,-6.000000	,19.500000	,13.000000	,26.000000	,40.000000	,17.500000	,-1.500000	,-7.000000	,-17.500000	,-19.500000	,82.500000	,274.000000	,224.000000	,33.000000	,-9.500000	,-24.500000	,23.000000	,18.500000	,11.500000	,2.500000	,10.000000	,-6.000000	,-33.500000	,36.500000	,1.000000	,-6.500000	,-10.000000	,-28.500000	,-19.500000	,5.500000	,-19.500000	,-47.500000	,-24.000000	,-7.000000	,-62.500000	,-255.500000	,-322.500000	,-202.500000	,-18.000000	,-7.000000	,-44.500000	,1.500000	,40.000000	,4.500000	,16.500000	,27.500000	,-14.000000	,-36.000000	,-4.000000	,-9.000000	,3.500000	,22.000000	,5.000000	,10.000000	,24.500000	,28.000000	,7.500000	,-13.000000	,5.000000	,8.000000	,8.000000	,2.500000	,-4.000000	,-8.500000	,-12.000000	,1.500000	,16.500000	,-31.500000	,3.500000	,126.000000	,216.500000	,290.000000	,36.500000	,-88.000000	,-5.000000	,0.000000	,8.000000	,2.500000	,17.000000	,9.500000	,-10.000000	,1.500000	,-2.500000	,16.000000	,2.000000	,-21.500000	,10.000000	,1.000000	,-8.500000	,4.000000	,-2.000000	,-16.000000	,-29.500000	,-7.500000	,-7.000000	,-14.500000	,-22.000000	,-2.500000	,11.500000	,-7.000000	,-15.000000	,-3.000000	,0.000000	,-8.000000	,-16.500000	,188.000000	,
-182.000000	,-5.500000	,-2.000000	,0.500000	,-1.500000	,9.000000	,9.500000	,9.000000	,-2.500000	,-2.000000	,-8.000000	,-28.000000	,4.500000	,3.000000	,-7.000000	,0.000000	,6.000000	,-20.500000	,3.500000	,0.500000	,-5.500000	,1.000000	,-1.500000	,-23.500000	,-17.500000	,2.500000	,2.000000	,-1.500000	,8.500000	,4.000000	,-7.000000	,-11.500000	,-0.500000	,52.000000	,97.500000	,85.000000	,26.000000	,-16.500000	,-0.500000	,7.000000	,19.500000	,19.000000	,-16.000000	,-18.000000	,9.500000	,28.000000	,8.500000	,22.000000	,19.500000	,22.500000	,7.000000	,2.500000	,5.000000	,35.000000	,16.500000	,1.000000	,-0.500000	,-59.500000	,5.000000	,12.000000	,-18.000000	,-32.000000	,0.000000	,3.000000	,14.500000	,-22.000000	,-9.000000	,5.500000	,-32.000000	,-28.000000	,-1.500000	,-4.500000	,-37.500000	,-11.500000	,12.500000	,-11.000000	,-5.500000	,-4.500000	,-17.500000	,-6.000000	,-24.000000	,-26.500000	,-4.000000	,-30.500000	,-92.500000	,-65.500000	,-2.500000	,-6.500000	,-31.500000	,-33.000000	,5.000000	,13.000000	,4.000000	,1.000000	,-21.500000	,-31.500000	,1.500000	,11.500000	,18.500000	,32.500000	,8.000000	,4.500000	,13.000000	,3.000000	,10.000000	,-6.000000	,181.000000	,179.500000	,3.500000	,2.000000	,-10.000000	,23.000000	,-34.500000	,-31.500000	,-4.000000	,-17.000000	,-54.000000	,-24.500000	,-30.500000	,-18.000000	,11.500000	,-28.500000	,-20.000000	,-3.500000	,-77.500000	,-263.000000	,-257.500000	,-41.000000	,-8.500000	,-11.500000	,6.500000	,-20.500000	,11.000000	,-5.500000	,-22.000000	,2.000000	,-23.500000	,-11.500000	,2.000000	,2.500000	,16.500000	,15.500000	,4.000000	,-41.500000	,-10.000000	,225.000000	,250.000000	,99.000000	,3.000000	,-10.500000	,28.000000	,36.000000	,-5.500000	,-25.500000	,23.500000	,-11.000000	,-39.000000	,-6.500000	,-6.500000	,46.000000	,30.000000	,8.500000	,13.500000	,17.000000	,13.500000	,-5.500000	,20.000000	,-20.500000	,10.500000	,-86.000000	,-260.500000	,-318.000000	,-121.500000	,32.500000	,-30.500000	,-8.500000	,18.500000	,-18.500000	,-9.000000	,2.000000	,-4.500000	,-0.500000	,-2.000000	,-50.000000	,-8.000000	,31.000000	,13.000000	,8.500000	,10.500000	,26.500000	,0.500000	,-41.000000	,-45.000000	,-15.500000	,3.000000	,2.000000	,-9.000000	,-21.000000	,-26.500000	,-8.000000	,11.500000	,-17.500000	,-18.000000	,-24.500000	,25.000000	,196.500000	,69.000000	,-17.500000	,0.500000	,7.000000	,20.000000	,0.500000	,-11.000000	,0.500000	,-5.000000	,8.000000	,-1.500000	,12.500000	,-8.000000	,-40.000000	,7.000000	,8.500000	,-7.500000	,-2.500000	,-1.000000	,10.000000	,-0.500000	,4.500000	,2.500000	,-10.000000	,-8.500000	,1.000000	,25.500000	,11.000000	,1.000000	,0.000000	,5.500000	,1.000000	,-8.500000	,185.000000	,
-185.000000	,1.500000	,7.500000	,5.500000	,-2.000000	,-4.500000	,5.000000	,16.000000	,4.500000	,17.500000	,16.500000	,-1.000000	,0.500000	,6.000000	,0.000000	,28.000000	,14.000000	,-14.500000	,9.500000	,6.000000	,1.000000	,24.000000	,26.000000	,-0.500000	,-5.000000	,1.000000	,-5.500000	,-14.000000	,-11.000000	,18.000000	,-4.000000	,-5.000000	,0.000000	,3.500000	,61.500000	,100.000000	,61.000000	,-6.500000	,-16.000000	,25.000000	,54.000000	,13.000000	,8.000000	,6.500000	,-5.000000	,-6.500000	,11.500000	,-3.000000	,-2.000000	,15.500000	,-2.500000	,-16.000000	,-21.500000	,-10.000000	,-21.500000	,43.000000	,79.500000	,-29.500000	,21.000000	,30.000000	,11.000000	,10.000000	,6.000000	,28.000000	,14.000000	,-31.000000	,-15.500000	,11.500000	,4.500000	,-11.500000	,8.500000	,15.500000	,-18.000000	,-33.500000	,-33.500000	,-28.500000	,-9.500000	,-3.000000	,-9.000000	,-20.500000	,-8.500000	,-27.500000	,-6.500000	,-93.500000	,-188.500000	,-47.000000	,19.000000	,5.000000	,1.500000	,2.000000	,-9.500000	,-7.500000	,23.500000	,27.500000	,1.000000	,3.500000	,0.000000	,0.000000	,19.500000	,12.000000	,1.500000	,2.500000	,26.000000	,15.000000	,-24.000000	,-13.500000	,209.500000	,173.000000	,-24.000000	,-12.000000	,8.000000	,22.500000	,9.500000	,-2.500000	,7.500000	,9.000000	,-22.500000	,-2.500000	,-14.500000	,-4.500000	,24.000000	,-6.500000	,-15.500000	,-17.000000	,17.500000	,-148.000000	,-205.500000	,-8.000000	,18.000000	,5.500000	,10.000000	,-13.500000	,-8.000000	,4.000000	,10.000000	,14.500000	,-23.500000	,-13.500000	,-12.000000	,-13.000000	,-14.000000	,17.000000	,24.000000	,2.500000	,23.500000	,203.000000	,274.500000	,127.000000	,-1.000000	,11.000000	,1.000000	,-22.500000	,-25.500000	,-11.500000	,65.500000	,7.500000	,-12.000000	,-17.000000	,-31.000000	,28.000000	,17.500000	,3.500000	,9.500000	,19.500000	,16.000000	,-5.000000	,-1.500000	,-6.500000	,-8.000000	,35.000000	,-115.000000	,-298.000000	,-243.500000	,-37.000000	,25.000000	,20.500000	,-16.500000	,-24.500000	,8.000000	,27.500000	,16.500000	,58.500000	,50.500000	,-6.500000	,-14.500000	,15.500000	,23.000000	,-9.500000	,-2.000000	,6.000000	,18.000000	,-17.000000	,-45.000000	,-40.000000	,-22.500000	,15.500000	,26.000000	,-4.000000	,-10.500000	,8.000000	,37.500000	,15.000000	,12.000000	,-26.500000	,-23.000000	,37.000000	,16.500000	,-1.000000	,-10.000000	,-3.500000	,13.500000	,-6.000000	,4.000000	,8.000000	,1.500000	,10.000000	,3.500000	,26.500000	,6.500000	,-17.500000	,-3.500000	,-0.500000	,2.000000	,10.500000	,18.000000	,17.000000	,25.500000	,17.000000	,16.000000	,-7.500000	,-22.000000	,5.000000	,7.000000	,-1.000000	,-2.000000	,-3.500000	,-9.500000	,0.500000	,-2.000000	,178.500000	,
-189.500000	,-18.000000	,-18.000000	,-6.000000	,-19.500000	,-10.000000	,-0.500000	,2.500000	,0.500000	,12.500000	,-5.000000	,1.500000	,-6.500000	,3.500000	,0.000000	,-14.000000	,-6.000000	,-4.000000	,-4.500000	,-17.500000	,-9.000000	,0.500000	,6.000000	,-5.500000	,1.500000	,-5.000000	,10.000000	,-3.000000	,-19.500000	,3.500000	,0.000000	,0.000000	,0.500000	,8.000000	,31.000000	,88.500000	,115.500000	,61.000000	,-6.000000	,-15.000000	,8.000000	,-4.500000	,-7.000000	,-3.500000	,-24.000000	,-17.000000	,14.000000	,-0.500000	,-20.500000	,-9.000000	,-1.500000	,-5.500000	,-12.500000	,5.000000	,-21.000000	,83.000000	,36.000000	,-24.000000	,24.500000	,27.500000	,-6.000000	,-11.500000	,-10.000000	,14.500000	,22.000000	,7.000000	,20.500000	,12.500000	,5.500000	,-15.500000	,-5.500000	,15.000000	,2.500000	,11.500000	,-5.500000	,4.000000	,-28.000000	,-8.500000	,18.000000	,-4.000000	,-16.500000	,24.000000	,38.500000	,-43.500000	,-40.000000	,-8.000000	,2.000000	,-3.000000	,2.000000	,11.500000	,8.500000	,-2.500000	,34.000000	,29.000000	,-11.000000	,25.000000	,10.000000	,-4.000000	,7.500000	,-5.000000	,-19.000000	,-26.000000	,0.500000	,26.500000	,-0.500000	,28.000000	,227.000000	,121.500000	,-44.000000	,-41.000000	,-5.000000	,0.000000	,-1.500000	,-3.000000	,6.500000	,37.000000	,17.000000	,24.500000	,-6.500000	,3.500000	,35.500000	,-6.500000	,-7.500000	,-18.500000	,1.000000	,-171.000000	,-196.000000	,-0.500000	,-11.000000	,-7.000000	,7.000000	,-13.500000	,-19.000000	,-0.500000	,15.000000	,5.000000	,1.500000	,6.500000	,-9.500000	,6.000000	,-17.000000	,-3.000000	,20.000000	,-25.500000	,-13.000000	,137.000000	,293.000000	,192.500000	,-9.000000	,2.500000	,-1.000000	,9.500000	,-1.500000	,-5.000000	,44.000000	,8.000000	,14.000000	,-7.500000	,-45.500000	,-25.500000	,-6.500000	,4.500000	,-9.000000	,-17.000000	,-10.000000	,-19.000000	,-10.000000	,-15.500000	,-19.000000	,5.000000	,-14.500000	,-222.000000	,-334.000000	,-206.500000	,-25.000000	,24.500000	,-5.000000	,-9.000000	,3.500000	,-19.000000	,-15.500000	,27.000000	,43.500000	,23.000000	,-2.500000	,9.000000	,2.500000	,-7.500000	,0.500000	,10.000000	,37.500000	,28.500000	,-8.500000	,-18.000000	,-38.500000	,-12.000000	,3.500000	,-7.000000	,-6.500000	,-35.500000	,4.000000	,6.500000	,1.000000	,-30.500000	,-27.500000	,11.000000	,2.000000	,-4.000000	,-2.000000	,-11.000000	,11.500000	,3.500000	,-11.000000	,0.000000	,3.000000	,-8.500000	,-22.000000	,15.500000	,18.000000	,-2.500000	,-5.000000	,2.500000	,8.500000	,6.500000	,-16.000000	,-9.000000	,0.000000	,17.000000	,11.500000	,-19.000000	,-30.000000	,-18.000000	,1.000000	,0.500000	,8.000000	,8.500000	,-9.500000	,-6.000000	,-3.500000	,188.000000	,
-192.500000	,-25.500000	,-1.000000	,7.000000	,-7.000000	,-3.500000	,0.000000	,4.500000	,10.000000	,0.000000	,-9.500000	,8.000000	,-0.500000	,2.500000	,-0.500000	,-13.500000	,-4.000000	,2.500000	,11.000000	,-5.500000	,-17.000000	,-19.500000	,-4.000000	,-14.500000	,-10.000000	,1.500000	,27.500000	,10.500000	,5.000000	,0.000000	,-0.500000	,-3.000000	,-11.000000	,-12.000000	,-5.000000	,28.000000	,97.500000	,101.500000	,51.000000	,-4.500000	,4.500000	,-1.000000	,-18.000000	,9.500000	,3.000000	,-6.000000	,40.500000	,46.500000	,-0.500000	,21.000000	,11.000000	,2.000000	,-3.000000	,22.000000	,33.500000	,69.000000	,-7.000000	,-31.000000	,-22.500000	,5.500000	,-4.500000	,-27.500000	,-7.000000	,-0.500000	,-1.500000	,-3.000000	,-5.500000	,4.500000	,-4.000000	,-22.500000	,8.000000	,9.000000	,21.000000	,19.000000	,20.500000	,28.500000	,4.500000	,-4.500000	,10.000000	,13.000000	,-11.500000	,7.000000	,-78.500000	,-112.500000	,18.500000	,6.000000	,-14.000000	,-18.500000	,-18.000000	,3.000000	,-19.500000	,-1.000000	,29.500000	,-7.000000	,-9.500000	,1.500000	,-3.500000	,6.000000	,-5.000000	,-33.500000	,-36.000000	,-24.000000	,-17.500000	,25.000000	,25.500000	,89.000000	,245.500000	,102.000000	,-24.500000	,-30.000000	,-1.000000	,12.500000	,14.000000	,-2.500000	,-23.500000	,4.000000	,-3.000000	,20.000000	,-13.000000	,-13.000000	,46.000000	,34.500000	,-1.500000	,-11.000000	,-21.000000	,-229.000000	,-263.500000	,-73.500000	,0.500000	,-15.500000	,1.500000	,-10.500000	,-25.500000	,-8.000000	,-10.000000	,-11.500000	,-1.000000	,5.500000	,25.500000	,22.500000	,8.000000	,-12.500000	,-1.500000	,-40.500000	,-44.500000	,58.000000	,271.500000	,313.500000	,136.500000	,7.000000	,9.500000	,-11.000000	,-35.500000	,-16.500000	,26.500000	,16.000000	,13.500000	,0.000000	,-32.000000	,-22.500000	,-14.000000	,3.500000	,-18.500000	,-18.500000	,5.000000	,-4.000000	,-6.500000	,-25.500000	,-19.500000	,-4.000000	,-2.000000	,-54.000000	,-263.000000	,-312.000000	,-113.000000	,15.500000	,2.500000	,-25.000000	,-23.000000	,-50.500000	,-57.500000	,-12.500000	,7.000000	,-3.000000	,-47.500000	,-6.500000	,-25.000000	,3.000000	,0.000000	,-1.500000	,17.000000	,20.500000	,21.500000	,11.500000	,-29.500000	,18.500000	,16.000000	,10.500000	,2.500000	,-49.000000	,-6.000000	,9.500000	,8.000000	,12.000000	,-10.000000	,-5.000000	,-1.000000	,10.000000	,12.000000	,6.000000	,2.500000	,-0.500000	,-8.500000	,-4.000000	,10.000000	,5.000000	,-2.000000	,3.000000	,6.000000	,1.500000	,-4.500000	,-1.000000	,-1.000000	,-3.000000	,-9.000000	,-14.500000	,-1.000000	,5.500000	,26.000000	,11.500000	,-13.000000	,-22.500000	,-3.000000	,-1.500000	,3.000000	,16.500000	,10.000000	,2.000000	,-1.500000	,195.000000	,
-172.500000	,-10.500000	,17.000000	,13.500000	,-2.000000	,0.000000	,0.500000	,-9.500000	,-0.500000	,10.500000	,1.500000	,7.500000	,-5.500000	,25.500000	,23.000000	,5.500000	,-1.000000	,9.000000	,4.500000	,19.000000	,2.500000	,-5.500000	,-9.000000	,-11.000000	,-24.000000	,2.500000	,6.000000	,2.000000	,-5.500000	,-2.000000	,-3.000000	,6.000000	,-2.500000	,-1.000000	,-6.000000	,-25.000000	,3.000000	,70.500000	,110.500000	,57.500000	,9.000000	,22.000000	,-5.000000	,-1.000000	,4.000000	,-8.000000	,16.000000	,35.500000	,13.000000	,32.000000	,15.500000	,-8.000000	,13.000000	,64.500000	,61.500000	,41.000000	,7.000000	,-17.500000	,-12.000000	,5.500000	,-5.500000	,10.500000	,5.000000	,-3.000000	,-13.500000	,-6.000000	,-15.000000	,10.500000	,14.000000	,-13.500000	,7.000000	,-3.500000	,-11.500000	,-30.000000	,-20.500000	,15.000000	,22.500000	,-2.500000	,37.500000	,2.500000	,-6.500000	,-24.000000	,-234.000000	,-201.000000	,36.500000	,9.500000	,-15.500000	,-23.000000	,13.000000	,-1.500000	,-40.500000	,-31.500000	,10.500000	,-5.000000	,-1.500000	,1.500000	,-13.500000	,-17.500000	,1.000000	,0.500000	,-7.500000	,-10.500000	,-28.000000	,-11.000000	,-7.000000	,149.500000	,254.500000	,82.000000	,14.500000	,-14.000000	,3.000000	,4.000000	,21.000000	,18.500000	,-3.000000	,-12.500000	,-1.000000	,36.000000	,-7.000000	,-52.500000	,8.500000	,12.000000	,-21.000000	,-5.000000	,-1.500000	,-197.500000	,-288.000000	,-99.000000	,44.500000	,23.500000	,19.000000	,14.500000	,-16.000000	,-4.500000	,16.000000	,13.500000	,-5.500000	,-12.500000	,-9.500000	,14.000000	,-5.500000	,5.500000	,30.500000	,15.500000	,-1.000000	,-10.500000	,128.500000	,286.000000	,182.500000	,-9.000000	,16.000000	,-7.500000	,-17.000000	,-1.500000	,28.500000	,16.500000	,12.500000	,13.500000	,-25.500000	,-31.500000	,-21.000000	,2.000000	,1.500000	,20.500000	,22.000000	,18.000000	,3.500000	,-8.000000	,14.000000	,22.000000	,-2.500000	,5.000000	,-137.000000	,-302.500000	,-247.500000	,-66.500000	,5.000000	,-4.500000	,3.500000	,-13.000000	,-45.000000	,-9.000000	,13.500000	,-17.500000	,-24.000000	,-12.500000	,-23.000000	,-19.500000	,-9.500000	,-6.000000	,-5.000000	,6.000000	,34.000000	,12.500000	,-5.500000	,21.000000	,2.000000	,28.000000	,27.000000	,-23.500000	,3.500000	,4.000000	,-15.000000	,3.000000	,-3.500000	,1.000000	,4.000000	,-2.000000	,5.500000	,6.000000	,11.500000	,7.500000	,-0.500000	,-2.000000	,20.000000	,20.000000	,9.500000	,3.000000	,13.000000	,7.000000	,3.000000	,9.500000	,18.000000	,9.000000	,-0.500000	,-5.000000	,3.500000	,15.000000	,17.500000	,27.000000	,12.500000	,-4.000000	,1.500000	,-7.500000	,-26.000000	,1.500000	,15.000000	,4.500000	,-3.500000	,186.000000	,
-187.000000	,-15.500000	,1.500000	,-2.500000	,-9.500000	,0.500000	,11.500000	,0.500000	,-14.000000	,-26.500000	,-27.500000	,1.000000	,-5.500000	,15.000000	,7.500000	,7.500000	,1.000000	,-5.500000	,5.000000	,23.000000	,18.000000	,0.000000	,6.000000	,6.500000	,-11.000000	,-4.500000	,-11.500000	,-15.000000	,-1.500000	,-2.000000	,-2.000000	,14.500000	,6.000000	,15.000000	,6.500000	,-15.000000	,-7.500000	,31.500000	,91.000000	,75.000000	,57.500000	,49.000000	,33.000000	,-3.000000	,-27.500000	,-29.000000	,5.000000	,-16.000000	,-38.000000	,8.500000	,16.500000	,0.500000	,50.500000	,70.000000	,9.500000	,-18.000000	,-13.500000	,-11.500000	,-5.000000	,3.500000	,20.500000	,34.500000	,15.500000	,-14.500000	,-10.500000	,6.000000	,-8.500000	,23.500000	,0.000000	,-0.500000	,6.500000	,3.000000	,-14.500000	,-7.500000	,-14.000000	,-1.000000	,9.500000	,1.500000	,20.000000	,-2.000000	,-2.500000	,-32.500000	,-199.500000	,-146.500000	,41.000000	,25.000000	,3.500000	,-20.500000	,13.500000	,20.000000	,-4.500000	,7.000000	,13.000000	,0.500000	,6.000000	,-5.000000	,10.000000	,-2.500000	,34.500000	,14.500000	,9.500000	,5.500000	,9.500000	,-1.500000	,-12.000000	,160.000000	,202.000000	,48.500000	,18.000000	,4.000000	,-11.000000	,-13.500000	,1.500000	,26.000000	,21.000000	,-1.500000	,6.000000	,47.000000	,1.000000	,-31.500000	,-15.000000	,-12.000000	,5.500000	,-7.000000	,-6.500000	,-109.000000	,-229.000000	,-86.500000	,9.500000	,-4.000000	,14.500000	,8.500000	,-9.000000	,-15.000000	,15.500000	,8.000000	,-18.500000	,-27.000000	,-21.000000	,-22.000000	,-13.000000	,-17.000000	,1.500000	,0.000000	,25.000000	,12.500000	,1.500000	,248.000000	,250.500000	,80.000000	,23.500000	,27.500000	,-19.000000	,-20.000000	,4.000000	,28.000000	,59.000000	,39.000000	,2.500000	,-18.000000	,-10.500000	,-16.000000	,0.500000	,10.500000	,28.500000	,3.000000	,11.500000	,3.500000	,32.500000	,35.000000	,-7.000000	,9.500000	,-60.500000	,-219.000000	,-316.500000	,-212.500000	,-14.000000	,10.000000	,29.500000	,-2.000000	,-54.500000	,-20.000000	,27.000000	,15.000000	,10.000000	,-5.500000	,-13.500000	,-9.000000	,-16.500000	,5.500000	,-18.000000	,-11.500000	,28.000000	,17.000000	,1.500000	,-13.000000	,-33.500000	,20.000000	,30.500000	,0.000000	,20.000000	,4.500000	,-9.500000	,2.500000	,9.000000	,-0.500000	,5.000000	,0.000000	,-5.000000	,0.000000	,1.000000	,4.500000	,2.000000	,-6.500000	,-13.000000	,-2.000000	,-13.000000	,-19.500000	,0.000000	,0.500000	,-6.000000	,4.000000	,6.000000	,12.000000	,0.500000	,-16.500000	,-16.500000	,-8.000000	,-8.000000	,0.000000	,12.500000	,3.000000	,11.000000	,-9.000000	,-7.500000	,-11.500000	,-25.000000	,-16.500000	,6.000000	,189.500000	,
-188.500000	,-17.500000	,-7.000000	,2.500000	,-7.500000	,-7.000000	,14.000000	,3.000000	,14.500000	,-10.500000	,-6.500000	,5.000000	,-1.000000	,0.000000	,2.000000	,-1.000000	,1.500000	,-3.000000	,4.000000	,-1.500000	,21.000000	,16.000000	,3.000000	,-10.000000	,6.500000	,2.000000	,-6.000000	,-9.000000	,6.000000	,-1.000000	,-2.000000	,-2.500000	,-13.500000	,-2.500000	,21.000000	,7.500000	,3.500000	,-3.000000	,41.000000	,55.000000	,84.000000	,61.500000	,27.000000	,-15.000000	,-14.500000	,-23.500000	,-10.000000	,-21.000000	,-25.500000	,-4.500000	,-14.000000	,-61.500000	,-28.500000	,23.500000	,14.000000	,11.000000	,0.500000	,-2.500000	,1.500000	,-11.500000	,-1.000000	,17.000000	,27.000000	,8.000000	,8.500000	,1.000000	,5.000000	,6.500000	,3.500000	,-2.500000	,4.000000	,5.500000	,14.000000	,2.000000	,-30.000000	,-0.500000	,4.500000	,2.000000	,13.000000	,13.500000	,-19.000000	,-30.500000	,-78.000000	,-31.500000	,9.000000	,40.000000	,25.500000	,2.000000	,-7.500000	,11.500000	,10.000000	,13.500000	,3.000000	,-1.500000	,4.000000	,35.500000	,38.000000	,2.500000	,-2.500000	,0.500000	,-15.500000	,-16.500000	,-13.000000	,-8.000000	,5.500000	,177.000000	,174.000000	,-0.500000	,12.000000	,2.000000	,-7.500000	,-6.000000	,-16.500000	,13.500000	,-7.500000	,-23.500000	,-13.500000	,32.500000	,-0.500000	,17.500000	,-10.000000	,-12.500000	,12.000000	,-28.000000	,-2.500000	,-117.500000	,-240.000000	,-123.500000	,-13.500000	,-32.500000	,17.500000	,35.000000	,-12.500000	,-18.000000	,15.000000	,13.000000	,15.500000	,18.000000	,7.500000	,-3.000000	,-28.500000	,-10.500000	,-20.000000	,-9.000000	,44.000000	,24.000000	,17.000000	,224.000000	,261.000000	,82.500000	,-9.500000	,13.000000	,-30.500000	,-36.000000	,-8.000000	,-0.500000	,36.000000	,44.000000	,30.500000	,32.500000	,-4.500000	,-1.500000	,-11.500000	,-22.500000	,-3.500000	,-13.000000	,-10.000000	,-42.500000	,-15.000000	,7.500000	,-4.500000	,19.500000	,6.500000	,-69.000000	,-256.000000	,-323.000000	,-149.500000	,11.500000	,21.500000	,3.000000	,-10.000000	,14.000000	,6.500000	,11.500000	,27.000000	,12.000000	,47.000000	,18.500000	,-2.000000	,4.000000	,-21.500000	,1.500000	,-6.000000	,-8.000000	,23.000000	,-5.000000	,-15.000000	,3.000000	,-5.000000	,-27.000000	,0.500000	,-4.500000	,-11.500000	,-4.500000	,3.000000	,0.000000	,5.000000	,-10.000000	,-26.000000	,-14.000000	,0.000000	,-11.500000	,-23.000000	,-13.000000	,-4.500000	,10.000000	,-2.000000	,-10.000000	,-7.000000	,-9.500000	,0.000000	,-9.500000	,-1.000000	,6.500000	,3.500000	,-19.500000	,-20.000000	,2.500000	,-4.500000	,-15.500000	,-22.000000	,-8.000000	,9.000000	,-15.000000	,11.500000	,10.000000	,-13.000000	,-14.000000	,14.500000	,198.000000	,
-185.500000	,-17.500000	,-5.500000	,-3.500000	,-7.000000	,-12.500000	,0.000000	,2.000000	,20.000000	,-6.500000	,-1.500000	,-4.000000	,-0.500000	,2.000000	,10.000000	,4.500000	,-15.000000	,-10.000000	,3.500000	,0.000000	,5.500000	,9.000000	,0.000000	,-11.500000	,7.000000	,25.000000	,4.500000	,-10.500000	,-18.500000	,-7.000000	,2.500000	,7.000000	,-5.500000	,0.500000	,4.500000	,13.500000	,-1.500000	,6.000000	,8.500000	,10.500000	,43.500000	,67.500000	,46.000000	,-4.000000	,-25.000000	,-24.500000	,2.500000	,4.500000	,-11.500000	,-8.500000	,27.500000	,43.000000	,-60.500000	,-13.500000	,19.500000	,33.000000	,37.000000	,12.500000	,-28.000000	,-34.000000	,-24.000000	,-17.000000	,9.500000	,24.500000	,2.000000	,-7.000000	,0.500000	,-9.000000	,-2.500000	,-17.000000	,-7.000000	,-2.500000	,3.000000	,25.000000	,-17.500000	,-10.000000	,6.500000	,-33.000000	,11.000000	,56.500000	,-45.500000	,-138.500000	,-38.000000	,-5.000000	,-28.000000	,-15.000000	,5.500000	,1.500000	,-17.000000	,-27.500000	,-17.000000	,13.500000	,-4.500000	,-22.500000	,-26.000000	,23.000000	,7.500000	,-12.000000	,-5.500000	,-10.500000	,-11.500000	,-8.000000	,-24.500000	,-13.000000	,52.500000	,215.000000	,141.500000	,-17.000000	,23.500000	,-14.500000	,-5.000000	,-7.000000	,-2.000000	,-10.000000	,-34.500000	,-49.500000	,5.500000	,1.000000	,-14.000000	,11.000000	,-8.000000	,-33.000000	,2.500000	,-2.000000	,2.500000	,-148.000000	,-281.000000	,-158.500000	,-4.000000	,-38.000000	,8.000000	,33.000000	,-20.500000	,-4.000000	,33.000000	,9.000000	,19.500000	,14.000000	,32.500000	,6.500000	,4.500000	,9.500000	,-30.500000	,-21.000000	,14.500000	,-1.500000	,-10.000000	,134.000000	,275.500000	,171.500000	,26.000000	,25.500000	,9.000000	,-18.000000	,-36.500000	,-22.500000	,-2.000000	,-3.500000	,6.000000	,20.500000	,-14.000000	,6.500000	,2.500000	,3.500000	,13.500000	,-5.000000	,-0.500000	,-25.500000	,-14.000000	,-21.500000	,-23.000000	,3.000000	,23.000000	,32.000000	,-91.500000	,-306.500000	,-286.000000	,-94.500000	,21.500000	,-7.000000	,4.500000	,4.500000	,-4.500000	,18.000000	,18.000000	,14.000000	,42.000000	,18.500000	,0.500000	,0.000000	,1.000000	,0.500000	,-5.500000	,15.000000	,36.500000	,-7.500000	,-7.500000	,-8.000000	,-31.500000	,-23.500000	,6.000000	,6.500000	,-2.000000	,-11.500000	,-6.000000	,-11.500000	,8.000000	,3.500000	,-16.000000	,-16.500000	,-1.500000	,2.500000	,1.500000	,-5.500000	,-7.000000	,22.000000	,10.000000	,4.500000	,-13.000000	,-12.500000	,6.500000	,0.500000	,-1.000000	,15.500000	,27.500000	,2.000000	,-4.500000	,9.000000	,-11.000000	,-10.500000	,-5.000000	,20.000000	,8.500000	,-8.000000	,20.500000	,30.000000	,9.000000	,-14.500000	,-16.000000	,187.000000	,
-175.000000	,-1.000000	,-11.000000	,9.500000	,2.000000	,-1.000000	,6.000000	,6.500000	,-15.000000	,-21.000000	,-18.000000	,-11.000000	,-19.000000	,3.000000	,9.500000	,12.500000	,-12.000000	,-19.000000	,-1.500000	,-9.000000	,-5.000000	,15.500000	,11.500000	,-1.500000	,-1.500000	,9.500000	,12.500000	,6.500000	,-9.500000	,-11.000000	,-7.500000	,21.500000	,-5.500000	,-30.500000	,-12.000000	,14.500000	,5.500000	,13.500000	,12.000000	,-12.000000	,28.000000	,93.000000	,102.500000	,71.000000	,34.500000	,-2.000000	,1.500000	,-6.000000	,1.000000	,-5.000000	,60.500000	,80.500000	,-1.500000	,-11.500000	,-19.000000	,-7.000000	,12.000000	,11.000000	,-6.000000	,-21.500000	,0.500000	,-8.000000	,-1.000000	,20.500000	,-18.000000	,-23.500000	,-24.500000	,-24.500000	,20.500000	,16.000000	,21.000000	,-7.500000	,-3.000000	,15.500000	,-6.500000	,11.000000	,26.000000	,-22.500000	,-11.000000	,39.500000	,-134.500000	,-236.000000	,-36.500000	,-17.000000	,-36.500000	,-28.000000	,1.500000	,2.500000	,1.000000	,-27.500000	,-24.500000	,15.000000	,39.000000	,-3.500000	,-28.500000	,22.500000	,11.500000	,14.500000	,8.500000	,-0.500000	,8.000000	,35.000000	,-18.000000	,-42.500000	,38.000000	,221.500000	,105.500000	,1.000000	,27.000000	,-7.000000	,11.000000	,-11.000000	,-3.000000	,1.500000	,-11.000000	,-36.000000	,-21.500000	,-25.500000	,-0.500000	,17.000000	,-6.000000	,15.000000	,11.000000	,-14.500000	,-5.500000	,-57.000000	,-266.000000	,-182.500000	,5.500000	,-43.500000	,-37.000000	,-6.000000	,-51.500000	,-23.500000	,-4.500000	,-16.000000	,-11.500000	,-7.500000	,14.000000	,-40.500000	,5.000000	,0.000000	,-19.500000	,-8.000000	,20.000000	,-12.500000	,-15.000000	,93.500000	,269.000000	,232.500000	,2.500000	,-14.000000	,-9.500000	,-24.000000	,-19.000000	,-3.000000	,8.500000	,-25.000000	,-10.000000	,-5.500000	,-5.500000	,-1.500000	,8.500000	,29.500000	,27.000000	,17.500000	,15.500000	,18.000000	,11.500000	,-1.500000	,-13.500000	,-7.000000	,-24.000000	,7.500000	,9.500000	,-220.500000	,-337.500000	,-237.000000	,-67.000000	,-7.000000	,-16.500000	,-18.500000	,-18.500000	,-13.500000	,-40.500000	,-33.000000	,-7.000000	,3.000000	,3.000000	,-14.000000	,-11.500000	,10.000000	,-8.500000	,-3.500000	,-20.500000	,-20.500000	,39.500000	,45.000000	,3.500000	,-0.500000	,-10.500000	,-0.500000	,2.500000	,-1.000000	,-5.500000	,-13.500000	,6.000000	,20.000000	,0.000000	,-0.500000	,6.500000	,-1.000000	,2.500000	,-5.000000	,-5.500000	,-1.000000	,-1.500000	,18.000000	,4.000000	,-11.000000	,-0.500000	,1.000000	,0.000000	,13.500000	,12.500000	,-16.500000	,3.500000	,9.500000	,4.000000	,12.000000	,8.000000	,11.500000	,8.000000	,-5.000000	,-13.000000	,-9.000000	,-18.000000	,-16.500000	,-12.000000	,188.500000	,
-178.500000	,5.000000	,-12.000000	,13.000000	,-2.000000	,-8.000000	,6.000000	,9.000000	,9.000000	,-9.500000	,-2.000000	,0.000000	,-9.000000	,-1.000000	,11.500000	,17.500000	,-7.500000	,-14.500000	,-20.000000	,-13.500000	,-3.000000	,-19.000000	,-6.000000	,-6.500000	,-1.500000	,-2.500000	,15.000000	,16.500000	,3.500000	,-15.500000	,-7.500000	,15.000000	,0.000000	,-22.500000	,-5.500000	,10.000000	,5.500000	,5.500000	,13.500000	,-8.500000	,2.500000	,31.000000	,71.000000	,106.000000	,74.500000	,1.500000	,-4.000000	,-0.500000	,42.500000	,35.000000	,45.500000	,2.500000	,-4.000000	,-7.500000	,-15.000000	,-35.500000	,3.000000	,-2.500000	,-8.000000	,9.000000	,2.000000	,-20.000000	,9.000000	,11.500000	,-5.500000	,23.500000	,15.000000	,-5.000000	,3.500000	,-10.500000	,6.000000	,-13.500000	,-24.000000	,-5.000000	,-6.500000	,17.000000	,46.000000	,-4.500000	,-11.000000	,27.000000	,-116.000000	,-110.500000	,3.500000	,12.500000	,-20.000000	,-1.500000	,4.000000	,5.000000	,-3.000000	,-9.500000	,-17.500000	,-2.000000	,33.500000	,-6.500000	,-15.500000	,35.000000	,31.500000	,20.000000	,36.500000	,3.000000	,-11.500000	,14.500000	,-0.500000	,-30.500000	,82.000000	,206.000000	,35.500000	,-15.500000	,9.000000	,2.500000	,6.500000	,-3.000000	,24.000000	,21.500000	,-3.500000	,12.000000	,-19.500000	,-25.500000	,12.500000	,27.000000	,-4.500000	,13.000000	,16.000000	,9.500000	,20.500000	,-17.500000	,-229.500000	,-155.000000	,17.500000	,2.500000	,15.500000	,20.500000	,-26.500000	,-18.500000	,-19.000000	,2.000000	,-15.000000	,19.000000	,27.500000	,-17.500000	,11.500000	,11.500000	,-14.500000	,8.000000	,21.500000	,-5.500000	,-13.500000	,-31.000000	,185.500000	,247.000000	,76.500000	,-22.000000	,-26.000000	,-42.500000	,-52.500000	,-39.000000	,0.500000	,11.500000	,0.500000	,7.500000	,3.000000	,0.000000	,-27.500000	,-28.500000	,-5.000000	,5.000000	,-5.000000	,-4.500000	,-6.000000	,26.000000	,22.500000	,2.000000	,-19.500000	,-11.000000	,-0.500000	,-46.000000	,-228.500000	,-303.000000	,-186.500000	,-3.500000	,11.000000	,-9.500000	,-12.500000	,-10.500000	,-20.500000	,-7.500000	,4.000000	,1.500000	,1.000000	,-0.500000	,-8.000000	,-8.500000	,-27.500000	,-24.500000	,-24.000000	,-14.500000	,29.500000	,28.000000	,0.500000	,-21.500000	,-32.000000	,-12.000000	,2.500000	,5.000000	,14.000000	,-2.000000	,-0.500000	,-2.000000	,-15.000000	,6.500000	,5.000000	,-7.500000	,7.500000	,-1.000000	,-10.000000	,-9.000000	,-6.000000	,19.000000	,13.000000	,-0.500000	,-1.000000	,0.000000	,0.000000	,15.500000	,9.500000	,-7.000000	,14.000000	,21.000000	,-6.500000	,-18.000000	,-1.500000	,-6.000000	,6.500000	,3.000000	,7.500000	,2.500000	,4.000000	,3.500000	,8.500000	,193.500000	,
-176.000000	,2.000000	,-6.000000	,8.000000	,-2.500000	,-4.500000	,1.000000	,3.000000	,16.500000	,4.500000	,4.500000	,-22.000000	,-17.000000	,-21.500000	,-18.000000	,18.500000	,7.500000	,9.500000	,-0.500000	,-7.000000	,3.000000	,-12.500000	,-7.000000	,-21.000000	,-13.000000	,-5.000000	,-0.500000	,7.500000	,13.500000	,-7.000000	,-5.500000	,24.500000	,19.000000	,-7.000000	,-2.500000	,-7.000000	,-0.500000	,10.000000	,0.500000	,-2.500000	,12.000000	,5.000000	,11.000000	,72.500000	,93.500000	,78.500000	,43.500000	,-6.500000	,33.500000	,37.000000	,16.500000	,-18.500000	,-11.000000	,1.000000	,3.000000	,2.500000	,18.000000	,-10.500000	,28.000000	,30.500000	,-15.500000	,-22.000000	,13.500000	,29.000000	,0.500000	,28.000000	,7.000000	,10.000000	,-1.500000	,-3.000000	,10.000000	,14.500000	,11.500000	,21.000000	,-15.500000	,-11.000000	,16.000000	,4.000000	,-3.500000	,-26.000000	,-77.500000	,-5.000000	,20.500000	,9.000000	,-1.000000	,2.000000	,1.500000	,15.500000	,2.000000	,-0.500000	,-29.000000	,-23.500000	,21.000000	,-9.000000	,-24.000000	,13.000000	,8.000000	,-29.500000	,-5.500000	,12.000000	,15.500000	,32.500000	,31.000000	,12.500000	,163.500000	,215.500000	,20.000000	,-2.000000	,4.000000	,-0.500000	,2.500000	,14.500000	,18.500000	,18.500000	,22.500000	,54.500000	,13.500000	,-30.500000	,-13.500000	,0.500000	,-14.000000	,-13.500000	,9.500000	,-7.500000	,-5.500000	,-63.500000	,-244.000000	,-195.000000	,-0.500000	,10.500000	,19.000000	,10.500000	,-4.500000	,-11.000000	,-14.000000	,2.500000	,-28.000000	,14.000000	,26.000000	,-5.000000	,-3.000000	,-0.500000	,-22.000000	,-3.000000	,-5.500000	,8.500000	,8.000000	,-14.000000	,169.000000	,322.000000	,257.000000	,57.000000	,-5.500000	,-7.000000	,-13.500000	,-2.000000	,19.000000	,9.000000	,-5.500000	,-8.000000	,8.500000	,-12.500000	,-20.000000	,-28.500000	,-16.000000	,-5.500000	,-4.500000	,-1.500000	,-2.500000	,-5.500000	,14.500000	,27.500000	,3.500000	,26.000000	,35.500000	,30.500000	,-63.500000	,-268.000000	,-291.000000	,-125.500000	,-6.000000	,4.500000	,15.000000	,-1.000000	,16.500000	,20.000000	,-3.000000	,-6.000000	,18.000000	,0.500000	,-15.500000	,28.500000	,23.500000	,-8.000000	,-28.000000	,-40.500000	,-27.500000	,6.000000	,19.000000	,1.500000	,-4.500000	,-6.500000	,-10.500000	,-19.000000	,14.000000	,1.500000	,7.000000	,11.500000	,-7.500000	,10.500000	,10.000000	,8.500000	,5.500000	,1.000000	,3.500000	,0.500000	,-8.000000	,5.000000	,2.500000	,-3.000000	,0.000000	,0.000000	,0.000000	,21.000000	,-2.000000	,-23.500000	,3.500000	,9.000000	,-10.000000	,-25.500000	,-12.000000	,-11.500000	,10.500000	,1.500000	,30.000000	,21.500000	,7.000000	,7.000000	,6.500000	,193.000000	,
-179.500000	,3.000000	,-6.000000	,-8.500000	,6.500000	,12.500000	,3.500000	,8.000000	,0.500000	,3.500000	,6.000000	,-8.500000	,5.500000	,-4.500000	,-11.500000	,-3.500000	,9.500000	,20.000000	,7.500000	,16.500000	,15.500000	,8.000000	,-6.500000	,-24.500000	,-7.500000	,-13.500000	,-5.500000	,9.500000	,6.500000	,1.500000	,0.000000	,12.500000	,5.500000	,-1.000000	,0.000000	,-3.000000	,0.500000	,-3.000000	,-10.000000	,-6.000000	,15.500000	,13.500000	,21.000000	,40.500000	,71.500000	,107.500000	,66.000000	,50.000000	,58.500000	,-0.500000	,6.500000	,19.000000	,-0.500000	,0.000000	,-9.500000	,9.000000	,26.500000	,-16.500000	,4.500000	,33.000000	,3.000000	,-17.000000	,27.000000	,14.500000	,-15.000000	,-5.500000	,-19.000000	,9.000000	,3.500000	,-1.500000	,14.500000	,-3.500000	,-9.000000	,4.500000	,-2.500000	,5.000000	,-5.000000	,-18.000000	,-54.000000	,-174.000000	,-107.500000	,24.000000	,1.500000	,-4.000000	,5.500000	,18.500000	,20.500000	,8.000000	,-2.000000	,2.500000	,-10.500000	,-15.500000	,2.000000	,-1.500000	,-18.000000	,22.500000	,26.500000	,-15.000000	,-7.000000	,-13.000000	,-8.500000	,22.000000	,-5.500000	,-14.500000	,192.000000	,269.500000	,31.000000	,14.500000	,35.000000	,33.000000	,7.000000	,1.500000	,10.000000	,-3.500000	,-7.000000	,36.000000	,24.500000	,-2.000000	,-19.500000	,-11.000000	,-14.000000	,-21.500000	,5.500000	,1.000000	,13.000000	,-72.500000	,-267.500000	,-260.500000	,-59.000000	,-3.000000	,9.000000	,11.500000	,6.500000	,-6.500000	,2.500000	,-11.500000	,-43.500000	,-0.500000	,15.000000	,-31.000000	,-8.000000	,-5.000000	,-7.500000	,2.000000	,-24.500000	,0.500000	,-14.500000	,-3.000000	,63.000000	,253.500000	,323.500000	,168.500000	,39.000000	,40.500000	,14.000000	,11.000000	,26.500000	,28.500000	,-1.000000	,4.000000	,-8.500000	,0.000000	,34.000000	,8.500000	,-8.500000	,3.500000	,26.000000	,22.000000	,0.000000	,-20.500000	,-30.000000	,-4.500000	,-2.000000	,-13.000000	,11.000000	,11.500000	,-10.500000	,-157.500000	,-290.500000	,-253.500000	,-96.500000	,-5.500000	,1.000000	,-26.500000	,-18.500000	,8.500000	,11.500000	,-9.500000	,7.500000	,-5.000000	,-18.500000	,48.500000	,43.000000	,-0.500000	,21.000000	,4.500000	,-9.000000	,19.500000	,8.000000	,-6.000000	,-1.000000	,18.500000	,3.500000	,-15.000000	,-6.000000	,1.000000	,12.000000	,20.000000	,7.000000	,-7.000000	,-18.500000	,-1.000000	,8.000000	,9.000000	,14.000000	,0.500000	,-2.500000	,2.000000	,0.000000	,-5.500000	,-7.000000	,0.000000	,0.000000	,13.000000	,1.000000	,-8.000000	,1.000000	,17.500000	,7.000000	,-5.000000	,-11.000000	,-23.500000	,-12.000000	,-6.500000	,4.000000	,0.500000	,-8.000000	,6.500000	,4.500000	,193.000000	,
-192.500000	,2.000000	,2.000000	,-3.500000	,11.000000	,0.500000	,6.000000	,7.500000	,0.000000	,19.000000	,23.500000	,10.500000	,18.000000	,19.500000	,4.000000	,3.000000	,0.500000	,7.500000	,4.500000	,11.500000	,-7.500000	,-1.500000	,14.000000	,6.500000	,3.500000	,-6.000000	,-2.000000	,5.500000	,-8.500000	,-14.000000	,3.000000	,7.500000	,0.000000	,4.000000	,3.500000	,6.000000	,15.000000	,-5.500000	,-21.500000	,-0.500000	,-10.000000	,-17.500000	,15.500000	,-0.500000	,-3.500000	,76.500000	,112.500000	,194.000000	,103.500000	,31.500000	,-7.000000	,5.500000	,28.000000	,10.000000	,-2.000000	,31.000000	,1.500000	,-21.500000	,-28.500000	,-8.000000	,22.500000	,-11.500000	,-4.000000	,-15.500000	,0.000000	,-6.000000	,-29.500000	,-1.000000	,-20.000000	,-17.500000	,-2.000000	,-30.000000	,-11.000000	,-19.000000	,-24.000000	,1.000000	,11.000000	,8.000000	,-36.500000	,-120.500000	,-59.000000	,44.500000	,6.000000	,-13.500000	,4.500000	,10.500000	,6.000000	,-16.500000	,16.000000	,20.000000	,7.500000	,-11.500000	,-11.500000	,-41.000000	,-45.000000	,-1.000000	,21.000000	,-7.500000	,25.000000	,-14.000000	,-27.000000	,-11.500000	,0.000000	,-9.500000	,172.000000	,194.500000	,-24.000000	,-16.000000	,17.500000	,-3.500000	,-13.000000	,-2.500000	,1.500000	,-24.500000	,-30.500000	,-7.000000	,18.500000	,22.500000	,3.000000	,18.000000	,6.000000	,-17.000000	,0.500000	,23.500000	,19.000000	,18.500000	,-194.500000	,-252.000000	,-32.500000	,16.000000	,28.500000	,21.500000	,9.000000	,13.500000	,41.000000	,15.500000	,-15.000000	,13.000000	,36.000000	,19.500000	,16.500000	,-9.500000	,-13.500000	,17.000000	,45.500000	,37.000000	,0.500000	,-8.000000	,-17.000000	,131.500000	,270.500000	,149.000000	,18.000000	,-9.500000	,-35.000000	,-31.500000	,18.000000	,23.500000	,-14.000000	,0.500000	,-6.500000	,-13.500000	,6.500000	,1.500000	,3.000000	,-15.500000	,-15.500000	,0.500000	,14.000000	,-18.500000	,-12.000000	,-0.500000	,-17.500000	,-16.000000	,16.500000	,19.000000	,-5.000000	,-42.000000	,-205.500000	,-303.000000	,-211.500000	,-6.500000	,24.000000	,9.000000	,-4.500000	,11.000000	,17.500000	,-8.500000	,11.500000	,-4.500000	,-32.000000	,13.000000	,40.500000	,30.500000	,30.000000	,10.000000	,10.000000	,22.000000	,5.000000	,-9.500000	,0.000000	,22.000000	,19.500000	,3.000000	,-1.000000	,-6.500000	,0.500000	,0.000000	,4.500000	,-11.500000	,-10.000000	,-9.500000	,-9.500000	,-6.500000	,-9.500000	,-5.000000	,0.000000	,0.500000	,-1.500000	,-1.500000	,-13.000000	,-15.500000	,-5.000000	,26.000000	,13.000000	,7.500000	,4.500000	,11.000000	,7.000000	,19.500000	,7.000000	,-7.500000	,-12.500000	,-28.000000	,-7.500000	,2.000000	,-4.500000	,0.000000	,0.000000	,192.000000	,
-191.000000	,14.500000	,7.500000	,-5.500000	,-16.500000	,-14.500000	,1.000000	,6.500000	,-2.000000	,-4.500000	,-8.000000	,-1.000000	,-7.500000	,13.000000	,13.500000	,6.500000	,-7.500000	,-18.000000	,4.000000	,13.500000	,4.500000	,12.500000	,-2.000000	,-9.500000	,10.500000	,3.000000	,-1.000000	,10.500000	,0.000000	,-13.000000	,-4.500000	,1.500000	,-5.000000	,-8.500000	,-3.500000	,0.500000	,11.000000	,-7.500000	,-20.000000	,10.000000	,-7.500000	,-11.500000	,2.000000	,-3.000000	,-4.000000	,40.500000	,182.000000	,326.000000	,304.500000	,168.000000	,-39.000000	,-28.000000	,0.500000	,-8.500000	,-13.000000	,-17.500000	,-21.000000	,2.500000	,-22.000000	,-36.000000	,-9.500000	,-11.000000	,9.000000	,-11.000000	,28.500000	,30.000000	,3.000000	,32.500000	,20.500000	,6.000000	,-6.000000	,-27.500000	,-12.000000	,-9.500000	,-30.500000	,-6.500000	,9.500000	,-42.500000	,-57.500000	,-25.500000	,-14.000000	,24.500000	,14.500000	,-14.500000	,-21.000000	,5.500000	,2.000000	,-30.500000	,-10.000000	,6.500000	,9.000000	,12.500000	,10.500000	,0.500000	,-35.000000	,-13.500000	,-17.000000	,-28.500000	,17.500000	,16.500000	,7.500000	,-19.500000	,3.500000	,9.000000	,178.500000	,127.000000	,-56.000000	,-34.000000	,-10.000000	,-24.000000	,-2.000000	,-3.000000	,17.000000	,13.500000	,-2.000000	,-2.000000	,-12.000000	,-2.500000	,1.500000	,46.000000	,20.500000	,-18.500000	,-8.000000	,-2.500000	,-9.000000	,30.000000	,-157.500000	,-189.500000	,6.000000	,3.000000	,13.000000	,16.000000	,5.500000	,13.500000	,30.000000	,25.500000	,-15.500000	,-14.500000	,25.000000	,13.500000	,21.000000	,2.500000	,-20.000000	,-18.500000	,13.000000	,42.000000	,3.000000	,-13.000000	,-4.000000	,83.500000	,246.500000	,234.500000	,31.500000	,-29.500000	,-23.500000	,-45.000000	,10.500000	,12.000000	,7.500000	,16.000000	,-20.000000	,-17.000000	,-28.500000	,6.500000	,19.500000	,-12.500000	,-8.000000	,0.500000	,3.000000	,2.500000	,-0.500000	,17.500000	,3.000000	,-37.500000	,10.500000	,26.500000	,19.500000	,33.000000	,-78.000000	,-258.000000	,-277.500000	,-143.500000	,12.000000	,35.000000	,0.500000	,-10.000000	,-2.000000	,-16.000000	,30.500000	,-5.500000	,-38.000000	,5.000000	,23.500000	,6.000000	,-6.000000	,-16.000000	,13.500000	,25.000000	,20.000000	,6.000000	,-0.500000	,-1.000000	,12.000000	,11.500000	,0.500000	,-5.500000	,-4.000000	,-3.500000	,14.000000	,-0.500000	,-8.500000	,-15.000000	,-5.500000	,-1.000000	,-17.500000	,-3.000000	,2.500000	,-10.500000	,-17.000000	,3.500000	,-8.000000	,-9.500000	,-8.500000	,-11.500000	,-23.000000	,0.000000	,-3.000000	,7.000000	,-6.000000	,7.500000	,18.500000	,14.000000	,11.000000	,-18.000000	,-19.000000	,0.000000	,-9.000000	,0.000000	,0.000000	,190.500000	,
-185.500000	,-1.000000	,-7.500000	,5.500000	,-1.500000	,-11.000000	,-4.500000	,0.000000	,1.000000	,-11.000000	,-10.000000	,-13.500000	,-13.000000	,-4.500000	,-17.500000	,-8.500000	,-8.000000	,-25.500000	,0.000000	,17.500000	,6.500000	,10.000000	,-3.500000	,-17.000000	,2.500000	,1.500000	,-5.000000	,19.000000	,12.500000	,-1.000000	,0.000000	,1.500000	,-17.000000	,-12.500000	,-0.500000	,0.000000	,15.500000	,-4.000000	,-7.000000	,4.500000	,-2.000000	,0.500000	,-15.500000	,2.000000	,4.500000	,-8.500000	,148.500000	,268.000000	,391.000000	,393.000000	,233.000000	,56.500000	,-40.000000	,-19.500000	,-18.500000	,-15.500000	,-21.000000	,28.500000	,4.500000	,-14.500000	,-20.500000	,-25.000000	,-8.500000	,-6.000000	,-2.000000	,-7.000000	,8.500000	,15.500000	,-12.000000	,8.500000	,18.500000	,-5.500000	,5.500000	,7.000000	,10.500000	,5.500000	,7.000000	,-184.000000	,-195.000000	,-40.500000	,-47.500000	,-5.500000	,-5.500000	,-0.500000	,-15.000000	,12.000000	,15.000000	,-14.000000	,-14.000000	,-19.000000	,-22.000000	,12.500000	,21.000000	,36.000000	,-15.000000	,1.000000	,19.500000	,-28.500000	,-42.000000	,8.500000	,15.500000	,-1.500000	,-12.500000	,54.500000	,227.500000	,101.000000	,-49.500000	,-4.000000	,25.000000	,11.500000	,4.000000	,-0.500000	,-10.500000	,3.000000	,5.500000	,7.500000	,-11.500000	,-16.500000	,-12.000000	,-8.500000	,19.000000	,-4.000000	,-5.000000	,-13.000000	,-23.000000	,-8.000000	,-223.500000	,-219.000000	,-40.500000	,-4.500000	,-3.500000	,-9.000000	,-3.500000	,6.000000	,-23.500000	,5.500000	,-28.500000	,-52.500000	,-19.000000	,-19.500000	,-14.500000	,0.500000	,-37.500000	,-48.500000	,-28.000000	,8.000000	,3.000000	,-30.500000	,-8.500000	,42.000000	,227.000000	,288.500000	,56.500000	,4.000000	,-15.500000	,-16.000000	,19.500000	,34.500000	,14.000000	,1.000000	,8.500000	,13.000000	,-17.500000	,4.000000	,19.000000	,-3.000000	,-5.000000	,1.000000	,-12.000000	,-6.500000	,13.000000	,5.500000	,-8.500000	,-23.000000	,4.500000	,-0.500000	,5.000000	,20.500000	,14.500000	,-131.000000	,-290.500000	,-302.000000	,-109.000000	,0.500000	,-24.500000	,-7.000000	,-17.500000	,-24.500000	,14.500000	,5.500000	,-28.000000	,-16.000000	,-7.000000	,-9.000000	,4.000000	,-9.500000	,-11.500000	,-12.000000	,-1.500000	,0.000000	,-4.000000	,-7.500000	,-2.000000	,6.500000	,-10.500000	,-12.000000	,-6.000000	,5.000000	,3.500000	,11.000000	,9.000000	,-9.500000	,1.000000	,10.500000	,-5.500000	,-1.000000	,10.000000	,-13.000000	,-13.000000	,7.500000	,10.000000	,-1.500000	,-1.000000	,-7.500000	,-12.500000	,-5.000000	,-6.000000	,4.500000	,-8.000000	,-4.500000	,0.500000	,21.000000	,29.000000	,4.500000	,-9.500000	,0.000000	,-12.500000	,-20.000000	,-6.500000	,192.000000	,
-190.500000	,-2.500000	,9.000000	,13.500000	,7.000000	,-11.000000	,-17.500000	,8.500000	,17.500000	,9.000000	,-9.500000	,-33.500000	,-9.500000	,-9.500000	,-37.000000	,-9.500000	,11.000000	,-4.000000	,0.000000	,-2.000000	,-1.500000	,25.500000	,13.000000	,-2.500000	,4.500000	,0.000000	,-8.000000	,0.500000	,2.500000	,-12.000000	,-12.500000	,-0.500000	,-12.000000	,-3.500000	,-3.500000	,8.500000	,8.500000	,-14.000000	,1.000000	,-13.000000	,10.000000	,5.500000	,-11.500000	,14.000000	,12.000000	,10.500000	,-8.500000	,36.000000	,233.500000	,364.000000	,414.000000	,282.500000	,102.000000	,38.000000	,12.500000	,9.500000	,-3.500000	,29.000000	,25.500000	,32.000000	,22.000000	,-1.500000	,-17.000000	,-10.500000	,-30.000000	,-33.500000	,-5.000000	,2.500000	,-22.000000	,13.000000	,31.000000	,1.500000	,4.000000	,19.000000	,5.000000	,2.500000	,21.500000	,-195.500000	,-201.500000	,-5.500000	,2.000000	,14.000000	,13.000000	,31.500000	,5.000000	,19.500000	,35.000000	,10.500000	,8.500000	,-12.000000	,-14.000000	,-13.500000	,12.000000	,22.500000	,-29.000000	,-9.500000	,32.500000	,-5.000000	,-37.500000	,-23.000000	,1.500000	,15.500000	,-16.000000	,116.500000	,235.500000	,47.500000	,-37.500000	,-14.000000	,-28.000000	,-23.000000	,-16.500000	,-12.000000	,-10.500000	,-27.000000	,-11.500000	,24.000000	,29.500000	,21.000000	,0.500000	,-3.500000	,4.000000	,3.000000	,2.500000	,-9.500000	,5.000000	,-14.500000	,-226.500000	,-259.500000	,-109.500000	,15.000000	,7.500000	,-23.500000	,-21.000000	,6.000000	,-13.000000	,-16.500000	,-18.000000	,-15.500000	,6.500000	,21.500000	,15.500000	,43.500000	,18.000000	,-13.000000	,-20.500000	,-2.000000	,4.000000	,-10.000000	,2.000000	,-43.000000	,165.000000	,312.500000	,166.000000	,-18.500000	,-12.000000	,-23.500000	,-17.500000	,14.000000	,27.500000	,-2.500000	,22.500000	,24.000000	,1.500000	,-3.500000	,-9.500000	,14.500000	,23.500000	,15.000000	,-12.500000	,-5.500000	,-4.000000	,6.000000	,-12.500000	,-1.000000	,23.000000	,-0.500000	,-3.000000	,-13.000000	,-41.000000	,-18.000000	,-174.000000	,-321.000000	,-228.000000	,-24.000000	,-10.000000	,6.500000	,-10.000000	,-4.500000	,49.000000	,36.500000	,-9.000000	,-14.500000	,-7.000000	,-5.500000	,9.500000	,5.500000	,-3.000000	,-9.500000	,-14.500000	,-15.000000	,-11.000000	,-11.500000	,-19.000000	,-4.500000	,-5.000000	,4.000000	,8.000000	,-4.500000	,-5.000000	,15.500000	,18.000000	,-5.000000	,-0.500000	,3.500000	,-1.500000	,3.000000	,24.000000	,2.000000	,-4.500000	,0.000000	,0.000000	,-9.500000	,23.500000	,8.500000	,10.000000	,5.000000	,-5.000000	,-2.500000	,3.000000	,-1.000000	,-3.500000	,-15.500000	,10.500000	,2.500000	,-9.500000	,12.500000	,4.000000	,-8.000000	,-1.000000	,193.500000	,
-184.000000	,2.500000	,-2.000000	,-15.000000	,14.000000	,4.500000	,-18.500000	,-18.000000	,-9.000000	,30.500000	,20.500000	,-3.000000	,17.000000	,30.500000	,-0.500000	,1.500000	,8.000000	,0.500000	,7.500000	,-8.000000	,-16.000000	,5.000000	,6.000000	,-7.500000	,-12.000000	,0.500000	,-13.000000	,-16.500000	,2.000000	,-5.000000	,-0.500000	,6.500000	,-7.500000	,5.000000	,-1.000000	,8.500000	,-5.000000	,5.500000	,12.000000	,-1.000000	,19.500000	,6.500000	,-8.500000	,-5.500000	,-3.000000	,20.000000	,0.500000	,3.000000	,8.500000	,112.500000	,329.500000	,385.500000	,286.500000	,127.000000	,40.500000	,8.000000	,-4.000000	,-9.500000	,-17.000000	,3.500000	,28.500000	,10.000000	,-18.000000	,15.000000	,3.500000	,-30.000000	,18.000000	,11.500000	,-18.000000	,-16.000000	,-6.000000	,-1.000000	,-2.500000	,5.000000	,-6.000000	,5.000000	,28.000000	,-68.500000	,-20.500000	,8.500000	,10.000000	,9.000000	,9.500000	,4.000000	,-11.000000	,22.500000	,38.500000	,12.500000	,34.000000	,-7.500000	,-15.000000	,-14.500000	,6.500000	,7.500000	,-9.000000	,-7.000000	,32.500000	,36.500000	,10.500000	,-7.500000	,-4.000000	,15.000000	,-12.500000	,145.500000	,216.000000	,21.000000	,-0.500000	,-17.500000	,15.500000	,12.500000	,14.500000	,-1.000000	,9.500000	,-11.000000	,-24.000000	,-22.000000	,-20.500000	,26.000000	,38.500000	,7.500000	,-1.000000	,17.000000	,20.500000	,-16.500000	,1.000000	,-16.000000	,-140.500000	,-251.000000	,-110.000000	,17.500000	,27.500000	,-0.500000	,15.000000	,27.000000	,12.500000	,5.000000	,1.500000	,-11.000000	,12.000000	,26.500000	,6.000000	,23.000000	,3.000000	,3.000000	,8.000000	,-9.500000	,-2.500000	,25.000000	,8.000000	,-20.500000	,150.500000	,310.500000	,200.500000	,-16.500000	,8.500000	,-28.500000	,-14.000000	,5.000000	,1.000000	,-17.500000	,-17.500000	,-18.500000	,1.500000	,10.000000	,4.000000	,15.500000	,30.500000	,16.000000	,-21.000000	,-5.000000	,2.000000	,-21.000000	,-45.000000	,-4.000000	,12.500000	,28.000000	,28.000000	,-20.000000	,-58.500000	,10.000000	,-52.000000	,-260.000000	,-284.000000	,-113.500000	,1.000000	,5.500000	,-13.000000	,3.000000	,52.000000	,12.500000	,5.000000	,19.000000	,9.500000	,-3.000000	,6.500000	,4.000000	,-11.500000	,-6.500000	,-12.000000	,-1.000000	,5.500000	,6.500000	,2.000000	,15.500000	,12.500000	,-1.500000	,5.500000	,5.000000	,-10.000000	,-5.500000	,15.000000	,-5.500000	,-6.500000	,-2.500000	,-7.500000	,12.500000	,19.500000	,7.000000	,-6.000000	,5.000000	,6.000000	,-1.000000	,7.500000	,-9.000000	,-7.500000	,8.000000	,9.000000	,1.000000	,5.500000	,7.500000	,9.500000	,-3.500000	,6.000000	,1.500000	,-11.000000	,11.000000	,14.500000	,1.000000	,0.000000	,192.000000	,
-185.500000	,6.500000	,-1.000000	,-25.500000	,6.000000	,18.500000	,11.000000	,-11.500000	,-19.000000	,24.500000	,14.000000	,1.500000	,4.000000	,30.000000	,10.500000	,-8.000000	,-14.000000	,-5.500000	,-1.500000	,-19.500000	,-31.500000	,-15.000000	,1.000000	,-1.500000	,-0.500000	,13.000000	,-1.500000	,-14.000000	,11.000000	,6.500000	,11.500000	,-9.000000	,-19.000000	,12.000000	,10.000000	,17.000000	,1.500000	,1.000000	,-2.000000	,-3.000000	,6.000000	,5.500000	,-2.000000	,-15.000000	,2.500000	,2.500000	,-13.500000	,1.500000	,13.000000	,19.000000	,109.500000	,274.000000	,367.000000	,345.000000	,225.500000	,8.500000	,-10.500000	,-6.000000	,-5.500000	,-4.500000	,-2.500000	,24.500000	,4.000000	,6.000000	,-10.500000	,-33.500000	,-5.500000	,-0.500000	,-21.500000	,15.500000	,-0.500000	,-8.500000	,-30.000000	,7.500000	,13.500000	,-31.500000	,-62.500000	,-32.500000	,10.000000	,-25.000000	,-20.000000	,-21.000000	,20.500000	,10.000000	,-28.000000	,-5.500000	,-3.500000	,-13.500000	,-6.500000	,8.500000	,-14.000000	,-1.500000	,13.500000	,18.000000	,23.500000	,-1.000000	,8.000000	,33.500000	,21.500000	,11.500000	,21.000000	,0.000000	,-11.000000	,207.000000	,216.500000	,6.000000	,19.000000	,5.500000	,15.500000	,21.000000	,4.000000	,-9.500000	,10.000000	,24.500000	,-17.500000	,-53.500000	,-30.500000	,-1.000000	,21.000000	,12.000000	,2.500000	,11.500000	,8.000000	,-14.000000	,-6.500000	,-3.000000	,-96.000000	,-250.000000	,-122.000000	,-10.000000	,13.500000	,-11.000000	,-4.500000	,24.000000	,30.500000	,-0.500000	,0.500000	,-10.500000	,10.500000	,-8.500000	,-15.500000	,5.000000	,-5.500000	,0.000000	,13.500000	,-21.500000	,-35.500000	,5.500000	,0.500000	,-24.500000	,21.000000	,281.500000	,287.500000	,81.000000	,-6.000000	,-12.500000	,-11.500000	,-4.500000	,1.000000	,0.500000	,-14.500000	,-14.000000	,16.000000	,-4.500000	,-28.500000	,-25.500000	,8.500000	,12.500000	,3.500000	,27.000000	,17.500000	,4.000000	,-27.500000	,-17.000000	,-9.000000	,-9.500000	,40.500000	,12.000000	,-29.500000	,-2.000000	,27.000000	,-120.500000	,-313.000000	,-260.000000	,-105.000000	,-19.500000	,-12.000000	,22.500000	,12.000000	,3.000000	,0.500000	,-6.000000	,-6.500000	,-18.000000	,7.500000	,-3.500000	,6.000000	,14.000000	,12.000000	,2.500000	,9.000000	,18.500000	,4.500000	,-5.500000	,-3.500000	,0.000000	,-1.500000	,-2.000000	,-9.500000	,-22.500000	,-3.500000	,-1.000000	,-3.500000	,-7.000000	,-17.000000	,-9.000000	,13.500000	,2.000000	,-15.500000	,0.000000	,7.000000	,-1.500000	,-2.000000	,-3.000000	,-10.500000	,2.000000	,-16.500000	,-2.000000	,-2.000000	,-3.500000	,-5.000000	,4.500000	,17.000000	,7.000000	,-8.000000	,-4.000000	,-6.000000	,-1.500000	,-1.500000	,189.000000	,
-192.000000	,12.500000	,2.500000	,-5.000000	,-7.000000	,15.000000	,32.000000	,8.000000	,-2.500000	,-9.500000	,-12.000000	,-4.500000	,-23.500000	,-0.500000	,7.000000	,5.500000	,0.000000	,8.000000	,22.500000	,8.500000	,-5.500000	,-6.500000	,8.000000	,4.000000	,-3.000000	,16.500000	,18.000000	,2.500000	,9.000000	,4.000000	,24.000000	,5.000000	,-10.000000	,-13.500000	,-13.000000	,13.500000	,3.000000	,-5.000000	,-2.000000	,-0.500000	,1.500000	,9.500000	,10.000000	,1.000000	,6.000000	,8.500000	,-12.500000	,-21.500000	,3.500000	,3.500000	,20.500000	,117.500000	,214.500000	,359.500000	,396.000000	,290.500000	,184.500000	,-27.500000	,-23.500000	,-5.500000	,-8.500000	,4.500000	,-1.500000	,1.000000	,14.500000	,23.000000	,14.500000	,13.000000	,24.000000	,3.500000	,9.000000	,18.000000	,-5.500000	,-15.500000	,-9.500000	,-106.000000	,-228.500000	,-55.500000	,14.500000	,21.000000	,0.000000	,-3.500000	,7.000000	,-3.000000	,-30.000000	,-11.000000	,-15.500000	,-13.500000	,11.000000	,-4.500000	,12.000000	,32.000000	,5.500000	,1.500000	,23.500000	,-15.000000	,-31.500000	,-31.500000	,-14.000000	,5.000000	,-3.000000	,-3.000000	,27.000000	,228.500000	,174.500000	,18.000000	,-8.000000	,-16.500000	,-16.000000	,1.000000	,10.500000	,-4.500000	,-16.000000	,28.500000	,6.500000	,-28.000000	,-21.000000	,-15.500000	,12.500000	,19.500000	,-1.000000	,-9.500000	,10.000000	,-5.500000	,-32.000000	,11.000000	,-114.500000	,-278.000000	,-221.500000	,-5.500000	,1.500000	,-43.500000	,-23.500000	,-27.000000	,-2.500000	,11.000000	,-0.500000	,-3.500000	,12.000000	,-10.500000	,-17.500000	,0.000000	,-21.500000	,-20.500000	,-11.500000	,6.000000	,-10.500000	,16.000000	,-13.500000	,-44.000000	,15.500000	,223.500000	,311.500000	,230.500000	,39.500000	,1.000000	,12.000000	,18.000000	,10.000000	,15.000000	,-9.000000	,-21.500000	,-4.000000	,1.500000	,-11.000000	,-7.500000	,-0.500000	,2.500000	,-6.500000	,34.500000	,36.500000	,-0.500000	,-26.000000	,9.500000	,13.000000	,-14.000000	,34.000000	,32.000000	,-18.000000	,-16.000000	,17.000000	,15.000000	,-198.500000	,-316.000000	,-196.000000	,15.000000	,6.500000	,17.500000	,5.500000	,3.000000	,-15.000000	,2.500000	,-3.000000	,-16.000000	,9.000000	,12.500000	,18.000000	,7.500000	,-1.500000	,-17.500000	,-21.000000	,-25.000000	,-15.000000	,-7.000000	,-4.000000	,-7.500000	,-12.000000	,14.500000	,7.000000	,-9.000000	,2.500000	,-1.500000	,11.000000	,6.000000	,-17.000000	,-32.500000	,1.500000	,10.500000	,-5.500000	,-10.500000	,-1.000000	,11.000000	,14.000000	,6.000000	,3.000000	,-9.500000	,-18.500000	,-20.000000	,-7.500000	,-10.500000	,-25.000000	,-10.500000	,-3.000000	,-5.000000	,-2.500000	,-12.500000	,-23.500000	,-19.500000	,-14.000000	,190.500000	,
-190.500000	,1.000000	,11.500000	,6.500000	,-1.000000	,-2.000000	,0.000000	,0.500000	,10.500000	,-8.500000	,-2.500000	,2.000000	,-7.500000	,4.000000	,4.000000	,-14.000000	,6.000000	,13.000000	,23.000000	,21.000000	,12.000000	,-7.500000	,-18.000000	,0.000000	,-7.000000	,-8.000000	,9.000000	,-3.500000	,-17.000000	,6.000000	,22.500000	,10.000000	,11.000000	,-5.500000	,-10.500000	,3.500000	,-6.500000	,3.000000	,4.500000	,2.500000	,7.000000	,5.500000	,-14.500000	,-3.000000	,1.500000	,8.000000	,-2.500000	,-14.000000	,-3.500000	,-2.500000	,-10.000000	,0.000000	,-20.500000	,177.000000	,314.500000	,399.500000	,348.000000	,134.500000	,49.000000	,-11.500000	,-17.500000	,-18.000000	,9.000000	,12.000000	,38.000000	,10.000000	,16.500000	,-10.000000	,6.000000	,-17.000000	,10.500000	,17.000000	,7.500000	,-25.500000	,-5.000000	,-140.000000	,-203.000000	,-32.000000	,-11.000000	,0.500000	,17.000000	,-1.500000	,-14.000000	,-6.000000	,2.000000	,29.500000	,4.000000	,-13.500000	,5.000000	,-9.000000	,8.500000	,5.500000	,-10.500000	,-30.500000	,-8.000000	,-7.000000	,-10.000000	,-19.000000	,-30.500000	,-8.500000	,23.500000	,14.000000	,27.500000	,204.500000	,110.500000	,-2.500000	,26.000000	,12.000000	,20.500000	,-11.500000	,9.500000	,2.500000	,-26.500000	,8.000000	,3.500000	,-25.500000	,-26.000000	,-30.500000	,-12.000000	,38.000000	,24.500000	,-10.500000	,16.000000	,-1.000000	,-41.000000	,4.000000	,-72.500000	,-227.000000	,-214.500000	,-3.500000	,12.000000	,13.500000	,17.500000	,0.000000	,-17.500000	,-16.000000	,-33.000000	,-12.000000	,9.500000	,-2.500000	,-4.000000	,3.500000	,17.500000	,-4.500000	,-24.000000	,2.500000	,-19.500000	,19.500000	,14.000000	,3.000000	,-8.500000	,58.500000	,250.000000	,263.500000	,41.500000	,7.000000	,18.500000	,4.500000	,-5.500000	,9.500000	,-23.500000	,-14.500000	,21.000000	,27.500000	,26.000000	,-9.000000	,-2.500000	,-27.500000	,-40.500000	,-14.000000	,6.000000	,-15.500000	,-9.000000	,23.500000	,19.500000	,-1.500000	,13.500000	,32.500000	,9.000000	,-25.000000	,6.500000	,45.500000	,-37.500000	,-143.500000	,-76.500000	,-3.000000	,-7.500000	,3.500000	,-0.500000	,-0.500000	,-15.500000	,22.000000	,13.500000	,0.000000	,-5.500000	,-6.000000	,-4.500000	,-2.000000	,6.500000	,-4.000000	,5.500000	,-2.500000	,3.000000	,8.000000	,-1.000000	,-5.000000	,-1.000000	,9.500000	,-2.000000	,-3.500000	,-15.000000	,0.500000	,13.000000	,27.000000	,8.500000	,-22.000000	,-14.000000	,16.500000	,6.500000	,0.000000	,9.000000	,3.000000	,-1.000000	,8.000000	,19.500000	,8.000000	,-2.500000	,-25.000000	,11.000000	,14.000000	,-3.500000	,-0.500000	,5.000000	,0.500000	,1.000000	,-11.500000	,-5.500000	,-9.000000	,-15.500000	,188.500000	,
-176.000000	,-1.000000	,-5.500000	,-1.500000	,0.000000	,0.000000	,-12.500000	,-4.000000	,25.000000	,10.500000	,5.500000	,-2.500000	,-12.500000	,4.500000	,-1.000000	,-16.000000	,-15.500000	,-9.000000	,-4.000000	,-15.500000	,-9.000000	,0.500000	,-24.500000	,-13.500000	,1.000000	,-5.500000	,11.500000	,-1.500000	,-12.000000	,-3.000000	,-4.000000	,2.500000	,24.000000	,-4.500000	,-11.000000	,-15.500000	,-32.500000	,-5.000000	,-6.000000	,-11.000000	,13.000000	,-2.000000	,-6.000000	,4.500000	,-1.000000	,15.500000	,12.000000	,2.500000	,4.000000	,-2.500000	,5.000000	,14.000000	,-9.000000	,-1.000000	,31.000000	,266.500000	,389.500000	,370.000000	,225.500000	,65.500000	,41.000000	,-7.000000	,-7.500000	,-11.000000	,2.000000	,-19.500000	,-25.500000	,-17.500000	,-13.500000	,-15.000000	,-17.000000	,1.000000	,41.000000	,3.500000	,-13.500000	,-95.000000	,-37.000000	,-15.500000	,12.000000	,12.500000	,-9.000000	,-27.000000	,3.000000	,-1.000000	,1.500000	,31.000000	,-16.500000	,-0.500000	,-36.500000	,-43.500000	,-24.000000	,-7.500000	,-7.500000	,-4.000000	,7.500000	,10.500000	,16.000000	,-4.500000	,-15.500000	,-5.500000	,18.500000	,-1.000000	,84.500000	,209.500000	,75.000000	,-5.000000	,-5.500000	,-19.000000	,-8.500000	,-4.500000	,13.000000	,43.500000	,1.000000	,22.000000	,11.000000	,6.000000	,-17.000000	,-41.500000	,-50.000000	,9.500000	,23.000000	,-17.000000	,27.500000	,3.500000	,2.000000	,-10.500000	,-9.500000	,-197.500000	,-197.000000	,2.500000	,-11.500000	,17.500000	,35.500000	,26.000000	,4.000000	,5.500000	,1.500000	,2.500000	,37.500000	,19.000000	,16.500000	,22.000000	,41.500000	,15.000000	,3.500000	,-23.000000	,-27.500000	,14.500000	,-22.000000	,-21.000000	,-28.500000	,-19.500000	,162.000000	,246.000000	,124.000000	,-7.500000	,-0.500000	,5.500000	,13.500000	,28.000000	,10.000000	,-3.500000	,6.000000	,15.000000	,15.500000	,24.000000	,27.000000	,-3.000000	,0.500000	,-12.000000	,-14.000000	,-27.000000	,-20.500000	,-8.500000	,3.500000	,-16.000000	,0.500000	,20.000000	,17.000000	,-19.500000	,-7.000000	,34.500000	,123.500000	,35.500000	,3.500000	,2.000000	,-2.500000	,4.000000	,10.500000	,-8.500000	,-19.500000	,1.500000	,11.500000	,-1.000000	,-6.000000	,1.500000	,-3.000000	,3.500000	,6.000000	,16.500000	,21.000000	,11.000000	,2.000000	,11.500000	,8.000000	,-4.500000	,12.500000	,8.500000	,-5.000000	,-6.000000	,-15.500000	,-11.000000	,0.000000	,15.000000	,9.500000	,-2.000000	,-16.000000	,-14.000000	,-7.000000	,4.000000	,3.500000	,0.000000	,-3.500000	,13.000000	,3.000000	,11.500000	,20.500000	,-2.000000	,7.500000	,9.500000	,-1.500000	,11.000000	,6.500000	,12.500000	,4.000000	,-5.000000	,21.500000	,2.500000	,-10.500000	,192.000000	,
-181.500000	,0.000000	,-2.000000	,0.500000	,6.500000	,2.000000	,-3.000000	,0.000000	,13.500000	,9.000000	,-11.500000	,-11.000000	,-9.500000	,19.000000	,9.500000	,-17.500000	,-25.000000	,-6.500000	,4.000000	,-8.500000	,-8.500000	,15.000000	,-10.500000	,0.000000	,-3.000000	,-9.500000	,23.500000	,10.000000	,-2.000000	,-2.500000	,-8.500000	,3.000000	,11.000000	,0.000000	,19.000000	,2.000000	,-18.500000	,4.000000	,0.000000	,-9.000000	,7.000000	,5.500000	,4.000000	,6.500000	,-9.500000	,-12.000000	,8.000000	,7.000000	,14.500000	,4.500000	,14.000000	,11.000000	,-2.500000	,5.500000	,19.500000	,85.000000	,185.500000	,363.500000	,381.500000	,329.000000	,271.000000	,90.000000	,-55.500000	,6.500000	,34.000000	,-14.000000	,-12.000000	,-3.000000	,-17.000000	,-13.000000	,-30.000000	,-10.500000	,22.500000	,-6.500000	,-103.000000	,-86.000000	,29.000000	,-18.500000	,-15.000000	,-6.500000	,-1.000000	,-26.500000	,13.500000	,-20.500000	,7.500000	,42.500000	,29.000000	,39.500000	,-16.000000	,-21.500000	,-33.000000	,-4.000000	,17.000000	,20.000000	,10.500000	,-5.000000	,5.500000	,12.500000	,-7.500000	,-35.000000	,12.000000	,1.000000	,132.000000	,220.000000	,27.000000	,-13.500000	,6.500000	,-2.500000	,-8.000000	,-30.500000	,-6.500000	,37.000000	,12.000000	,-10.500000	,9.500000	,22.500000	,6.000000	,3.500000	,-31.500000	,4.500000	,11.000000	,-14.000000	,11.000000	,-19.000000	,15.500000	,-7.500000	,-65.000000	,-214.000000	,-133.500000	,25.500000	,-16.500000	,-28.000000	,-25.000000	,-1.000000	,14.000000	,9.000000	,-5.500000	,12.000000	,26.500000	,-8.000000	,7.500000	,23.000000	,20.000000	,-5.000000	,29.500000	,3.500000	,0.500000	,-17.000000	,-28.500000	,-10.000000	,-27.000000	,1.500000	,150.500000	,274.500000	,210.000000	,-19.500000	,-11.500000	,3.500000	,8.500000	,-11.500000	,-11.000000	,-19.500000	,-18.500000	,-2.500000	,-22.000000	,24.500000	,24.500000	,29.500000	,36.000000	,28.000000	,-1.500000	,-33.000000	,-3.500000	,4.000000	,-2.000000	,-1.000000	,-8.500000	,-14.000000	,-37.500000	,-20.000000	,62.000000	,138.500000	,83.000000	,15.500000	,-6.000000	,-20.500000	,-4.000000	,-5.000000	,11.000000	,5.000000	,-9.500000	,-9.000000	,-10.500000	,3.500000	,0.000000	,11.000000	,2.500000	,-3.000000	,-5.000000	,-13.500000	,-9.000000	,-12.500000	,3.500000	,13.000000	,2.500000	,0.000000	,26.500000	,15.000000	,13.000000	,5.500000	,-12.000000	,-5.500000	,7.000000	,1.500000	,14.000000	,12.000000	,5.000000	,-5.500000	,-22.000000	,-17.000000	,7.000000	,-3.000000	,-13.000000	,9.500000	,1.500000	,10.000000	,17.000000	,2.500000	,2.500000	,-4.000000	,-7.000000	,-8.000000	,8.000000	,24.500000	,4.000000	,-11.500000	,13.500000	,-12.000000	,-35.500000	,187.000000	,
-186.000000	,-0.500000	,-5.000000	,2.500000	,8.000000	,6.000000	,4.000000	,0.000000	,11.500000	,8.500000	,4.500000	,3.500000	,-4.000000	,3.500000	,15.500000	,0.500000	,-1.500000	,-1.500000	,14.000000	,10.000000	,-1.000000	,23.000000	,10.500000	,5.000000	,-1.000000	,-6.000000	,-2.500000	,-12.500000	,-6.500000	,4.500000	,-1.500000	,-5.500000	,0.000000	,16.500000	,28.500000	,12.500000	,-10.000000	,-6.000000	,5.500000	,5.000000	,-2.000000	,0.000000	,4.500000	,7.000000	,-10.000000	,-21.000000	,-10.500000	,-5.000000	,0.500000	,-4.500000	,3.500000	,0.500000	,-12.000000	,4.000000	,4.500000	,-2.500000	,29.000000	,188.000000	,247.000000	,326.500000	,415.500000	,339.000000	,133.000000	,3.000000	,10.000000	,1.000000	,0.000000	,24.000000	,-1.000000	,-1.500000	,-12.000000	,-5.000000	,19.000000	,-38.500000	,-227.500000	,-137.500000	,9.500000	,-32.000000	,-33.000000	,27.500000	,18.000000	,-4.500000	,17.000000	,-17.500000	,9.500000	,8.500000	,16.500000	,37.000000	,19.500000	,18.000000	,21.000000	,5.000000	,13.000000	,19.000000	,0.000000	,2.500000	,-13.000000	,-14.500000	,-23.000000	,-27.500000	,-22.000000	,-3.000000	,179.500000	,203.000000	,-11.500000	,-8.000000	,32.000000	,1.500000	,-15.000000	,-33.000000	,-28.500000	,-16.500000	,-5.000000	,-37.000000	,-10.000000	,17.500000	,7.000000	,28.500000	,-14.000000	,-6.500000	,-2.500000	,18.500000	,-6.000000	,-34.000000	,3.000000	,17.000000	,-47.000000	,-268.500000	,-239.000000	,-34.500000	,2.500000	,14.000000	,0.000000	,-11.000000	,9.000000	,-14.500000	,-19.000000	,5.500000	,3.500000	,-19.500000	,-13.000000	,45.000000	,19.500000	,-4.500000	,23.000000	,-7.000000	,27.000000	,-7.500000	,12.500000	,4.500000	,-22.000000	,16.000000	,36.000000	,218.500000	,256.500000	,64.500000	,-32.000000	,-8.000000	,12.000000	,-7.500000	,-12.500000	,-10.500000	,7.000000	,-21.500000	,-19.000000	,4.500000	,-24.000000	,-10.000000	,18.000000	,32.500000	,26.500000	,8.500000	,7.500000	,4.000000	,7.000000	,-9.000000	,-22.000000	,29.500000	,113.500000	,78.500000	,121.000000	,44.500000	,4.000000	,9.000000	,-12.500000	,-14.500000	,-0.500000	,-7.500000	,-2.500000	,9.500000	,0.000000	,-3.500000	,-1.000000	,1.000000	,1.000000	,8.000000	,6.000000	,4.500000	,-9.500000	,-16.000000	,-3.500000	,-18.000000	,-25.000000	,-2.000000	,-4.000000	,-2.000000	,-3.000000	,7.000000	,14.000000	,12.000000	,-1.500000	,-11.000000	,1.000000	,6.000000	,-4.000000	,9.000000	,19.000000	,5.500000	,-28.000000	,-19.500000	,6.500000	,0.000000	,-6.500000	,11.500000	,7.500000	,1.500000	,0.500000	,-1.000000	,8.500000	,6.000000	,0.000000	,-7.500000	,2.000000	,23.500000	,9.000000	,-11.000000	,7.000000	,8.500000	,-19.500000	,180.500000	,
-189.500000	,-3.000000	,-3.000000	,2.500000	,-2.000000	,0.000000	,-0.500000	,-5.500000	,14.000000	,10.000000	,1.500000	,-0.500000	,-19.000000	,-2.000000	,24.500000	,7.500000	,11.500000	,-4.500000	,7.500000	,4.000000	,6.000000	,1.000000	,-2.000000	,12.500000	,7.000000	,4.500000	,3.500000	,-14.000000	,-4.000000	,-0.500000	,-4.000000	,-29.000000	,-19.000000	,-4.000000	,-5.000000	,12.000000	,3.000000	,-7.500000	,8.000000	,2.000000	,-8.500000	,-6.000000	,11.000000	,24.000000	,12.000000	,-2.500000	,-8.500000	,-12.500000	,9.500000	,-2.000000	,-3.000000	,3.000000	,-4.500000	,1.500000	,-14.500000	,-8.000000	,0.500000	,4.500000	,1.000000	,87.000000	,272.000000	,406.000000	,335.000000	,151.500000	,67.500000	,6.000000	,-7.000000	,11.500000	,7.000000	,11.000000	,-2.000000	,16.500000	,11.000000	,-63.500000	,-151.000000	,-90.000000	,12.500000	,28.500000	,7.000000	,3.500000	,1.500000	,24.000000	,26.500000	,-20.500000	,-35.500000	,-36.500000	,-5.000000	,-2.000000	,5.000000	,13.000000	,3.000000	,-17.000000	,-11.500000	,11.000000	,1.000000	,1.000000	,-7.500000	,-6.000000	,-20.000000	,-15.000000	,-18.000000	,-2.000000	,203.000000	,203.500000	,4.000000	,-11.500000	,18.500000	,38.500000	,-15.500000	,-22.000000	,3.000000	,27.500000	,39.500000	,-7.500000	,-1.500000	,-3.000000	,5.500000	,-2.000000	,-2.500000	,-5.500000	,-27.500000	,13.500000	,14.000000	,2.000000	,19.500000	,19.000000	,-43.500000	,-263.000000	,-290.500000	,-49.500000	,14.000000	,41.500000	,4.000000	,-17.500000	,18.000000	,3.500000	,-8.500000	,7.500000	,-13.000000	,-38.000000	,-34.000000	,-5.000000	,7.500000	,18.000000	,-6.500000	,-6.000000	,6.000000	,-9.500000	,23.000000	,8.000000	,-0.500000	,0.000000	,10.500000	,220.000000	,320.000000	,173.000000	,-28.000000	,-0.500000	,14.000000	,10.000000	,3.500000	,15.500000	,9.500000	,-18.000000	,25.500000	,1.500000	,-7.500000	,4.500000	,10.000000	,8.000000	,-5.500000	,12.500000	,4.500000	,-2.500000	,-6.000000	,45.000000	,61.500000	,230.000000	,243.500000	,59.000000	,18.000000	,-4.000000	,4.500000	,33.500000	,9.000000	,5.500000	,2.500000	,-18.000000	,-7.500000	,8.500000	,14.500000	,2.500000	,-6.500000	,-9.500000	,-21.500000	,-10.500000	,-0.500000	,20.000000	,1.000000	,4.500000	,17.000000	,-2.000000	,-11.500000	,-6.500000	,-6.500000	,2.500000	,5.000000	,-5.000000	,-1.000000	,2.500000	,1.000000	,-0.500000	,-2.000000	,1.000000	,-3.000000	,0.500000	,16.500000	,16.000000	,-25.000000	,-16.000000	,1.000000	,-7.500000	,0.000000	,9.000000	,2.500000	,-2.500000	,-8.000000	,-13.000000	,2.000000	,8.500000	,7.500000	,0.000000	,1.000000	,6.500000	,11.000000	,0.000000	,24.500000	,28.000000	,3.000000	,179.500000	,
-194.000000	,-20.000000	,-16.000000	,-13.000000	,-2.500000	,3.500000	,-5.000000	,-11.500000	,6.000000	,-1.500000	,-1.000000	,9.500000	,-3.000000	,-12.000000	,-19.500000	,5.000000	,16.000000	,3.000000	,-0.500000	,-1.500000	,-3.500000	,-2.000000	,-1.500000	,-7.500000	,-15.000000	,14.000000	,2.500000	,-23.000000	,2.500000	,1.500000	,2.000000	,-8.500000	,3.500000	,0.000000	,-8.000000	,15.000000	,11.000000	,-2.000000	,-1.500000	,-7.500000	,-10.500000	,-19.500000	,-20.000000	,-7.000000	,11.000000	,7.000000	,-5.500000	,-13.500000	,-2.500000	,-25.000000	,-4.500000	,-10.500000	,-1.500000	,4.500000	,-7.500000	,-4.500000	,2.500000	,10.500000	,1.000000	,7.500000	,32.000000	,236.500000	,386.000000	,370.000000	,333.000000	,201.500000	,19.000000	,-6.000000	,-30.500000	,-22.500000	,-43.000000	,9.000000	,-34.000000	,-71.000000	,-14.500000	,-45.500000	,-23.500000	,-3.500000	,-6.500000	,-21.500000	,-16.000000	,6.500000	,17.000000	,7.500000	,11.500000	,9.000000	,-4.000000	,-6.500000	,-7.000000	,-9.500000	,-9.500000	,-26.000000	,-19.000000	,-18.500000	,-17.500000	,2.000000	,25.500000	,5.000000	,7.000000	,24.500000	,0.000000	,24.000000	,213.000000	,183.000000	,3.000000	,-13.000000	,32.000000	,35.500000	,-11.500000	,10.500000	,25.500000	,35.500000	,39.500000	,-2.000000	,-6.500000	,3.500000	,-5.500000	,-15.000000	,15.000000	,28.000000	,6.500000	,12.000000	,1.500000	,3.000000	,-13.500000	,0.000000	,33.500000	,-151.000000	,-232.500000	,-29.000000	,-21.500000	,-7.000000	,-23.000000	,-6.000000	,13.500000	,-19.000000	,0.500000	,30.500000	,2.000000	,-26.500000	,-14.500000	,-50.000000	,-30.000000	,0.500000	,-13.500000	,19.000000	,15.500000	,6.500000	,-9.000000	,-24.500000	,1.000000	,-11.500000	,-10.500000	,102.000000	,260.500000	,184.500000	,-12.000000	,-33.500000	,-6.500000	,0.000000	,-34.000000	,15.500000	,-8.500000	,-37.000000	,-4.500000	,0.500000	,2.000000	,0.000000	,13.500000	,9.500000	,-17.500000	,12.500000	,14.500000	,-8.500000	,17.500000	,108.000000	,126.500000	,169.000000	,78.000000	,4.500000	,10.000000	,3.500000	,8.000000	,11.500000	,13.000000	,16.500000	,11.500000	,-19.500000	,-17.000000	,-1.500000	,1.500000	,-12.500000	,-20.500000	,-5.000000	,-2.000000	,-14.500000	,-7.000000	,12.500000	,-5.000000	,4.500000	,30.000000	,12.000000	,-8.000000	,-10.000000	,-12.500000	,-14.000000	,-1.500000	,-16.500000	,-18.500000	,3.000000	,13.000000	,4.000000	,4.000000	,8.000000	,-6.000000	,-14.000000	,24.000000	,14.500000	,-2.000000	,3.000000	,-2.500000	,-7.000000	,-0.500000	,-6.000000	,-14.000000	,4.000000	,-11.000000	,-12.000000	,0.500000	,-7.000000	,-9.500000	,-1.500000	,-6.500000	,-8.000000	,18.500000	,9.500000	,-6.000000	,-2.500000	,7.000000	,186.000000	,
-183.000000	,-1.500000	,-2.500000	,-6.000000	,-1.500000	,9.000000	,2.000000	,-10.000000	,2.000000	,1.000000	,-6.500000	,11.000000	,5.000000	,-4.000000	,-20.000000	,12.000000	,6.500000	,4.500000	,7.000000	,4.000000	,3.000000	,0.500000	,1.500000	,-12.000000	,-14.000000	,8.000000	,-1.500000	,-11.000000	,11.000000	,30.500000	,12.000000	,-6.000000	,-4.500000	,-11.000000	,-8.500000	,-14.500000	,0.000000	,-0.500000	,1.000000	,8.000000	,7.500000	,0.500000	,-11.000000	,-5.500000	,-0.500000	,14.000000	,5.000000	,7.000000	,7.500000	,-7.000000	,-7.000000	,-9.000000	,10.000000	,8.500000	,-12.000000	,-1.000000	,8.500000	,3.000000	,4.500000	,8.000000	,-5.000000	,73.000000	,189.000000	,261.500000	,375.500000	,397.000000	,313.000000	,235.500000	,120.500000	,-35.500000	,-19.500000	,8.000000	,-141.000000	,-178.500000	,20.500000	,-10.500000	,-31.000000	,-6.500000	,2.500000	,-28.000000	,-40.500000	,-27.000000	,2.500000	,32.000000	,12.500000	,24.000000	,7.000000	,1.500000	,19.500000	,-16.000000	,14.500000	,5.000000	,-3.500000	,-11.000000	,-11.500000	,-8.500000	,20.000000	,-1.500000	,-14.500000	,-2.500000	,-18.000000	,55.500000	,170.500000	,104.500000	,-17.000000	,-22.000000	,6.000000	,20.500000	,1.000000	,-8.500000	,-25.000000	,7.000000	,5.000000	,-6.000000	,-7.500000	,2.500000	,0.500000	,-29.000000	,-13.500000	,17.000000	,21.000000	,8.500000	,-6.000000	,-5.000000	,2.000000	,-5.000000	,16.000000	,-164.000000	,-207.000000	,-8.000000	,-15.000000	,-22.000000	,-6.500000	,-39.000000	,-1.500000	,-17.500000	,-1.500000	,30.000000	,4.500000	,17.000000	,44.000000	,-7.500000	,-7.500000	,2.000000	,-13.000000	,9.000000	,37.500000	,37.500000	,0.000000	,-13.500000	,-2.500000	,-21.000000	,-42.000000	,31.000000	,244.000000	,259.500000	,78.000000	,-1.000000	,13.000000	,-2.500000	,-21.000000	,18.500000	,4.500000	,-31.000000	,-30.500000	,-35.500000	,-9.500000	,-19.500000	,12.500000	,7.000000	,-18.500000	,-13.500000	,100.000000	,103.500000	,86.500000	,54.500000	,11.500000	,1.000000	,2.000000	,-3.500000	,-1.000000	,3.000000	,0.000000	,2.000000	,4.500000	,15.500000	,21.000000	,-8.000000	,-23.500000	,-3.000000	,14.500000	,7.500000	,7.500000	,16.500000	,6.000000	,-6.500000	,5.500000	,0.000000	,-14.500000	,-3.500000	,10.000000	,5.500000	,-0.500000	,6.000000	,0.500000	,-5.000000	,17.500000	,-5.500000	,-17.000000	,-3.500000	,-7.000000	,-10.000000	,-4.000000	,7.000000	,0.000000	,-2.000000	,20.000000	,6.500000	,-4.000000	,12.000000	,-2.000000	,0.500000	,-2.000000	,-14.500000	,-5.500000	,3.500000	,-5.000000	,-4.000000	,-3.000000	,-16.500000	,-15.500000	,-3.000000	,-5.000000	,-11.500000	,-10.000000	,2.500000	,-10.000000	,-3.000000	,9.500000	,178.000000	,
-171.000000	,20.500000	,-2.500000	,-20.500000	,-6.500000	,7.000000	,7.000000	,-1.500000	,1.500000	,4.000000	,0.000000	,-15.500000	,-1.000000	,9.500000	,-21.000000	,-20.000000	,0.500000	,-8.500000	,3.500000	,6.000000	,2.000000	,6.000000	,8.500000	,-5.000000	,3.500000	,19.000000	,9.500000	,-4.500000	,12.500000	,11.500000	,4.000000	,-8.500000	,-21.500000	,-7.000000	,-12.500000	,-9.000000	,-3.500000	,11.000000	,4.500000	,4.500000	,0.500000	,7.000000	,7.000000	,-0.500000	,-16.000000	,1.500000	,6.000000	,23.500000	,10.500000	,8.000000	,11.500000	,3.500000	,-5.500000	,-26.500000	,-8.000000	,-0.500000	,5.500000	,-4.500000	,-7.000000	,-2.000000	,-9.500000	,-1.500000	,6.500000	,9.500000	,176.000000	,310.500000	,356.000000	,413.500000	,336.000000	,112.000000	,49.500000	,35.500000	,-123.000000	,-87.000000	,41.500000	,33.500000	,6.500000	,-11.500000	,1.500000	,0.000000	,-5.000000	,-26.000000	,-15.000000	,-23.500000	,-28.000000	,-5.500000	,-0.500000	,5.000000	,24.500000	,15.500000	,3.500000	,34.500000	,34.500000	,12.500000	,1.500000	,0.000000	,5.500000	,-13.000000	,-26.500000	,-25.000000	,2.500000	,68.000000	,190.000000	,81.000000	,-1.000000	,-20.000000	,14.500000	,13.000000	,-7.500000	,-21.500000	,2.000000	,24.500000	,18.000000	,-14.000000	,7.500000	,9.000000	,34.000000	,-21.500000	,-30.000000	,-34.000000	,-5.500000	,-3.000000	,-5.500000	,3.000000	,4.500000	,-13.000000	,2.500000	,-197.000000	,-286.000000	,-82.500000	,32.000000	,3.500000	,-25.000000	,-15.000000	,18.500000	,12.000000	,-2.000000	,15.000000	,4.500000	,0.000000	,8.000000	,13.500000	,11.000000	,-0.500000	,-20.000000	,-30.500000	,9.000000	,46.000000	,32.500000	,6.500000	,6.500000	,-19.500000	,-2.000000	,50.500000	,223.500000	,336.000000	,209.500000	,7.500000	,6.000000	,13.000000	,8.500000	,15.000000	,31.000000	,34.000000	,-6.000000	,-29.000000	,-6.000000	,-2.500000	,-24.000000	,-26.000000	,8.500000	,141.000000	,238.500000	,184.500000	,37.000000	,0.000000	,-14.500000	,-16.000000	,2.500000	,-8.000000	,-27.000000	,-15.000000	,-7.500000	,-13.000000	,-0.500000	,6.500000	,28.000000	,16.000000	,-1.000000	,-4.500000	,1.500000	,17.500000	,0.000000	,0.000000	,-5.000000	,3.000000	,16.500000	,0.000000	,-23.000000	,-6.500000	,11.500000	,19.000000	,8.500000	,16.000000	,14.000000	,11.000000	,23.000000	,0.000000	,-4.500000	,-1.500000	,-5.500000	,-6.000000	,0.000000	,14.000000	,7.000000	,8.000000	,3.500000	,-8.000000	,-2.000000	,0.000000	,-4.500000	,10.000000	,8.500000	,-17.000000	,-9.000000	,-8.500000	,-3.500000	,4.000000	,8.500000	,-12.500000	,-3.000000	,5.000000	,6.500000	,-3.500000	,-3.500000	,5.000000	,-9.500000	,-4.500000	,6.000000	,183.500000	,
-205.500000	,-16.000000	,1.500000	,-13.000000	,-4.500000	,2.500000	,5.500000	,-6.000000	,15.000000	,10.000000	,21.000000	,-1.000000	,-3.000000	,5.000000	,-21.000000	,-32.500000	,-26.000000	,-33.500000	,-18.000000	,-6.500000	,-15.500000	,13.000000	,5.000000	,6.500000	,11.000000	,1.500000	,-1.500000	,-11.500000	,0.000000	,2.500000	,12.500000	,13.000000	,2.000000	,6.500000	,4.000000	,-9.000000	,-3.500000	,-1.500000	,-11.000000	,-6.000000	,-10.500000	,-13.000000	,11.500000	,-0.500000	,-21.500000	,-4.500000	,2.500000	,-6.000000	,-3.500000	,4.000000	,1.000000	,12.500000	,16.000000	,-9.500000	,-14.000000	,-12.500000	,-4.000000	,-4.000000	,-0.500000	,3.500000	,-1.000000	,0.500000	,16.000000	,13.500000	,-2.500000	,32.500000	,67.500000	,314.000000	,380.500000	,346.000000	,286.000000	,104.000000	,-86.000000	,20.000000	,23.000000	,35.000000	,36.000000	,22.000000	,20.500000	,21.000000	,20.000000	,3.500000	,-3.000000	,-12.000000	,-28.500000	,-43.500000	,-38.500000	,-2.000000	,30.500000	,-4.000000	,-5.000000	,29.000000	,45.500000	,12.500000	,13.000000	,23.000000	,-5.500000	,4.500000	,10.000000	,4.500000	,14.500000	,147.000000	,235.000000	,71.000000	,-1.500000	,-26.500000	,-14.000000	,5.000000	,16.500000	,-8.500000	,-8.000000	,15.000000	,19.500000	,-3.500000	,0.500000	,7.500000	,30.000000	,17.500000	,-5.500000	,-19.000000	,-9.000000	,-19.000000	,-14.500000	,8.500000	,26.000000	,-6.500000	,-20.500000	,-168.000000	,-274.500000	,-97.000000	,46.000000	,47.500000	,-2.500000	,10.500000	,19.500000	,19.500000	,-4.500000	,-11.500000	,-0.500000	,-5.000000	,-12.500000	,-3.500000	,0.000000	,7.000000	,12.500000	,-31.000000	,-21.500000	,-20.000000	,2.500000	,30.000000	,9.500000	,-4.000000	,-7.500000	,-11.500000	,90.000000	,282.500000	,233.000000	,-2.000000	,-38.000000	,-22.500000	,0.500000	,26.000000	,34.000000	,51.000000	,12.500000	,-6.500000	,-8.500000	,42.000000	,23.000000	,24.000000	,126.000000	,142.000000	,123.500000	,35.000000	,8.500000	,8.500000	,0.500000	,-10.500000	,5.500000	,6.000000	,-12.000000	,2.000000	,-3.500000	,-13.500000	,-8.000000	,-9.500000	,16.000000	,3.000000	,0.000000	,-8.000000	,-7.000000	,-9.000000	,-4.000000	,-8.000000	,-12.500000	,-5.000000	,-4.500000	,-0.500000	,-7.000000	,-8.000000	,-5.000000	,2.000000	,-3.000000	,-10.500000	,-3.500000	,3.000000	,10.000000	,7.000000	,11.500000	,8.000000	,-10.000000	,-14.500000	,-24.000000	,-5.000000	,-9.000000	,-3.000000	,-2.500000	,-4.500000	,1.000000	,-18.500000	,-14.000000	,24.000000	,12.000000	,-7.500000	,-10.500000	,-6.500000	,-4.000000	,16.500000	,5.500000	,2.000000	,-0.500000	,-7.000000	,6.500000	,6.000000	,13.000000	,4.000000	,-9.000000	,-16.500000	,18.000000	,204.500000	,
-193.500000	,4.000000	,17.500000	,-3.500000	,-9.500000	,5.000000	,-2.500000	,-13.000000	,-2.500000	,1.000000	,8.500000	,10.000000	,10.000000	,25.000000	,-0.500000	,7.500000	,5.500000	,-21.000000	,-30.500000	,-13.500000	,-17.500000	,3.500000	,6.000000	,2.500000	,0.000000	,8.500000	,-0.500000	,-8.000000	,4.000000	,12.500000	,18.500000	,10.000000	,7.000000	,-7.000000	,7.500000	,-9.000000	,-11.000000	,5.500000	,4.500000	,9.000000	,-3.500000	,-5.000000	,19.000000	,12.500000	,-2.000000	,-3.000000	,-6.500000	,-4.500000	,-5.500000	,0.500000	,-6.500000	,12.500000	,15.500000	,2.500000	,-2.500000	,-6.500000	,11.000000	,7.000000	,-3.000000	,-9.500000	,-5.500000	,-13.000000	,8.500000	,3.000000	,2.500000	,-8.000000	,-9.500000	,118.000000	,207.000000	,303.500000	,354.000000	,119.000000	,1.000000	,51.500000	,3.000000	,0.000000	,24.500000	,-18.000000	,-13.500000	,2.500000	,3.000000	,39.500000	,31.500000	,37.000000	,1.500000	,-23.500000	,-46.000000	,-13.000000	,16.500000	,-15.500000	,-26.000000	,-13.000000	,15.000000	,3.000000	,-1.000000	,21.500000	,5.500000	,13.500000	,-9.500000	,11.500000	,9.500000	,174.000000	,197.000000	,48.500000	,40.000000	,-5.500000	,-31.500000	,19.000000	,3.500000	,-15.500000	,-19.000000	,3.000000	,18.500000	,-2.000000	,-19.500000	,13.500000	,51.500000	,39.000000	,20.000000	,7.500000	,3.000000	,-7.000000	,9.000000	,11.500000	,13.000000	,-9.000000	,-13.000000	,-76.500000	,-220.500000	,-99.000000	,19.500000	,14.500000	,-31.000000	,-45.000000	,-2.000000	,9.500000	,-6.500000	,-13.000000	,10.500000	,19.500000	,-1.500000	,1.000000	,-12.000000	,-4.000000	,13.500000	,-13.000000	,-28.000000	,-36.000000	,-23.000000	,5.500000	,3.000000	,-1.500000	,-11.500000	,-34.000000	,-28.000000	,204.500000	,307.500000	,127.500000	,-42.500000	,-34.500000	,7.000000	,-7.500000	,-21.000000	,-1.500000	,-2.000000	,-25.500000	,16.500000	,214.500000	,252.000000	,89.000000	,44.000000	,14.000000	,-2.500000	,-3.500000	,0.000000	,7.000000	,0.500000	,2.500000	,11.500000	,19.000000	,-6.000000	,-10.000000	,-1.000000	,-8.000000	,-12.000000	,-4.500000	,1.500000	,2.500000	,17.500000	,7.500000	,12.000000	,8.000000	,8.000000	,-1.500000	,2.000000	,5.500000	,14.500000	,2.000000	,-6.500000	,-1.500000	,-3.000000	,4.500000	,3.500000	,-6.000000	,-6.000000	,1.000000	,3.000000	,1.000000	,13.000000	,7.000000	,9.000000	,-7.000000	,-33.500000	,-24.000000	,-1.500000	,-7.500000	,-20.500000	,1.500000	,7.000000	,-9.500000	,-10.000000	,17.500000	,23.000000	,1.500000	,3.500000	,2.500000	,4.000000	,16.000000	,5.000000	,8.500000	,4.000000	,-12.500000	,-25.000000	,-18.500000	,-13.000000	,3.500000	,13.500000	,-6.500000	,3.000000	,200.500000	,
-178.500000	,0.000000	,5.500000	,4.000000	,-5.000000	,3.000000	,-13.000000	,-4.500000	,3.500000	,0.500000	,-3.000000	,5.500000	,19.000000	,17.500000	,-0.500000	,14.500000	,39.000000	,15.000000	,-3.000000	,-17.500000	,-23.500000	,-18.000000	,-10.500000	,-5.000000	,0.500000	,12.000000	,-6.500000	,-17.500000	,-8.000000	,-2.000000	,-18.500000	,13.000000	,1.000000	,-2.000000	,5.000000	,1.000000	,5.500000	,15.500000	,5.500000	,8.000000	,1.000000	,2.500000	,12.000000	,0.500000	,-10.500000	,-8.500000	,9.000000	,-1.500000	,-6.000000	,-1.500000	,-16.500000	,-5.500000	,7.500000	,11.500000	,12.500000	,2.500000	,1.000000	,2.000000	,1.000000	,2.500000	,1.000000	,-17.000000	,-17.000000	,1.500000	,16.000000	,5.500000	,1.000000	,5.000000	,-3.000000	,63.500000	,201.500000	,110.000000	,52.000000	,77.000000	,30.500000	,31.000000	,25.000000	,-20.500000	,-20.000000	,-27.500000	,-22.000000	,11.000000	,23.000000	,36.000000	,30.000000	,8.000000	,-36.000000	,8.500000	,19.500000	,11.500000	,20.500000	,-8.500000	,-2.500000	,-1.500000	,-24.500000	,12.500000	,-7.500000	,-30.000000	,-14.000000	,-15.500000	,-13.500000	,174.000000	,185.000000	,12.000000	,20.500000	,6.500000	,-28.500000	,3.000000	,1.500000	,-5.000000	,-38.500000	,-26.500000	,15.500000	,-11.500000	,-29.000000	,-36.000000	,2.000000	,8.000000	,5.000000	,22.000000	,6.500000	,-6.500000	,2.000000	,-23.000000	,8.000000	,-5.500000	,-30.500000	,-159.000000	,-225.000000	,-54.500000	,3.500000	,-10.500000	,-38.000000	,-45.500000	,-9.500000	,4.000000	,13.000000	,-9.500000	,0.000000	,10.500000	,4.500000	,7.000000	,-2.000000	,14.500000	,14.500000	,27.500000	,2.000000	,-19.000000	,16.500000	,3.000000	,12.000000	,9.500000	,-9.000000	,-4.500000	,-26.500000	,139.000000	,299.000000	,182.500000	,-18.000000	,-8.000000	,-16.500000	,-33.000000	,-31.000000	,18.000000	,113.000000	,176.500000	,93.500000	,233.000000	,136.500000	,1.500000	,-3.000000	,11.500000	,-9.500000	,-16.500000	,4.500000	,-6.000000	,-6.500000	,-1.500000	,6.000000	,13.000000	,4.500000	,-3.500000	,4.500000	,8.000000	,-9.500000	,-1.000000	,7.500000	,5.500000	,-11.500000	,-6.500000	,4.000000	,12.000000	,14.500000	,-1.500000	,1.000000	,14.000000	,2.500000	,6.500000	,-6.000000	,-10.000000	,-3.500000	,-0.500000	,2.500000	,-6.000000	,-8.500000	,-28.000000	,-20.500000	,-17.500000	,-1.500000	,-2.000000	,30.500000	,19.500000	,-9.500000	,-9.000000	,20.000000	,4.500000	,-12.500000	,12.000000	,18.500000	,7.000000	,-1.500000	,18.500000	,19.000000	,-4.500000	,-8.000000	,-13.000000	,-4.500000	,-13.000000	,-3.000000	,2.000000	,18.500000	,6.500000	,-1.000000	,-11.000000	,-9.000000	,0.500000	,14.000000	,3.500000	,-4.500000	,193.500000	,
-187.000000	,0.000000	,6.500000	,5.500000	,0.500000	,-6.000000	,-3.500000	,5.000000	,12.000000	,0.500000	,-1.500000	,-4.500000	,15.500000	,10.000000	,-11.500000	,-24.500000	,9.500000	,25.000000	,22.500000	,8.000000	,-2.000000	,-1.500000	,-4.000000	,-8.500000	,3.500000	,5.000000	,-8.000000	,-17.000000	,-8.000000	,0.000000	,-8.000000	,10.000000	,9.500000	,4.500000	,12.000000	,4.000000	,-5.500000	,-5.500000	,-3.000000	,-2.000000	,-10.000000	,-0.500000	,-14.500000	,-13.500000	,-10.000000	,0.500000	,9.000000	,-4.500000	,-1.000000	,11.000000	,-0.500000	,4.000000	,1.000000	,2.000000	,-1.500000	,-2.000000	,-12.000000	,7.000000	,5.500000	,13.500000	,7.500000	,-11.000000	,-15.000000	,6.000000	,-0.500000	,-6.000000	,3.000000	,7.500000	,3.000000	,3.000000	,11.500000	,6.500000	,26.500000	,71.000000	,53.000000	,92.500000	,113.500000	,77.500000	,48.500000	,3.500000	,-7.000000	,-10.500000	,8.000000	,7.000000	,11.000000	,-9.500000	,-21.000000	,-14.000000	,2.500000	,-18.500000	,2.500000	,-18.000000	,1.500000	,18.500000	,0.500000	,8.500000	,23.000000	,10.000000	,-4.000000	,-34.500000	,-19.500000	,168.000000	,103.000000	,-42.000000	,14.000000	,-14.500000	,-30.500000	,-8.500000	,-2.500000	,9.000000	,-33.500000	,-23.500000	,24.000000	,20.500000	,-24.500000	,-30.000000	,-6.000000	,9.500000	,10.500000	,26.000000	,8.000000	,-1.500000	,11.500000	,5.500000	,14.000000	,9.000000	,16.500000	,-190.000000	,-293.000000	,-124.000000	,10.500000	,9.500000	,-7.500000	,-12.500000	,-9.500000	,-6.500000	,-8.500000	,-6.000000	,-9.500000	,5.000000	,11.500000	,-12.500000	,-14.000000	,12.000000	,25.500000	,23.500000	,6.000000	,9.500000	,20.500000	,17.500000	,14.000000	,1.000000	,16.000000	,22.000000	,0.500000	,47.500000	,287.500000	,265.500000	,38.000000	,-25.000000	,22.500000	,40.000000	,46.500000	,121.500000	,259.000000	,200.000000	,25.500000	,8.000000	,8.000000	,-1.500000	,-7.500000	,14.500000	,-1.000000	,-13.000000	,6.000000	,-3.000000	,-9.000000	,-21.000000	,-8.500000	,15.000000	,18.500000	,2.000000	,12.500000	,4.500000	,-7.500000	,-9.000000	,-10.500000	,4.500000	,-0.500000	,-2.000000	,0.500000	,-2.000000	,6.500000	,-0.500000	,-3.000000	,1.000000	,8.000000	,12.500000	,-5.500000	,-11.000000	,1.500000	,3.500000	,4.500000	,15.500000	,5.000000	,-12.500000	,-8.000000	,-14.000000	,-4.500000	,-3.500000	,16.000000	,25.000000	,-9.500000	,2.500000	,19.000000	,12.000000	,0.500000	,0.000000	,0.500000	,-0.500000	,-22.000000	,-20.000000	,8.000000	,-1.500000	,-2.500000	,3.000000	,-3.000000	,-5.500000	,0.500000	,-2.000000	,19.500000	,18.500000	,19.500000	,14.000000	,6.000000	,-4.500000	,5.000000	,-6.500000	,-13.000000	,182.000000	,
-190.000000	,-10.000000	,-4.500000	,6.000000	,15.500000	,-7.000000	,-17.000000	,7.500000	,1.000000	,1.000000	,-3.500000	,-8.000000	,12.500000	,22.000000	,10.500000	,-3.500000	,-5.500000	,12.500000	,24.000000	,8.000000	,-5.000000	,13.000000	,1.000000	,-10.500000	,8.500000	,16.000000	,17.500000	,3.000000	,9.000000	,-2.000000	,-2.000000	,-13.000000	,7.000000	,-1.000000	,-4.500000	,-11.500000	,1.000000	,1.500000	,1.500000	,0.000000	,0.500000	,4.000000	,-1.500000	,4.500000	,-12.500000	,-1.000000	,3.000000	,-7.500000	,14.500000	,2.000000	,-11.500000	,0.500000	,-3.000000	,-6.000000	,0.500000	,8.000000	,-2.000000	,0.000000	,2.500000	,0.000000	,9.500000	,7.500000	,-8.000000	,-8.000000	,-9.500000	,-21.500000	,-1.500000	,12.000000	,5.500000	,-0.500000	,7.500000	,6.000000	,12.500000	,0.500000	,34.000000	,63.500000	,77.500000	,80.500000	,92.500000	,68.000000	,31.500000	,11.000000	,11.500000	,2.500000	,9.000000	,10.000000	,-8.000000	,3.000000	,-6.000000	,-38.000000	,-5.000000	,-9.500000	,-12.500000	,-3.000000	,11.000000	,21.500000	,20.000000	,35.000000	,28.500000	,-13.000000	,32.500000	,196.500000	,97.500000	,-16.000000	,-3.000000	,3.000000	,-8.000000	,7.000000	,28.500000	,36.000000	,-6.000000	,-19.500000	,9.500000	,16.500000	,-6.500000	,-14.500000	,-10.500000	,4.000000	,-7.000000	,-2.000000	,17.500000	,27.000000	,-8.500000	,0.000000	,8.000000	,13.000000	,15.500000	,-135.500000	,-294.500000	,-197.000000	,24.500000	,19.500000	,-2.000000	,11.000000	,15.000000	,7.500000	,6.500000	,14.000000	,5.500000	,24.000000	,10.500000	,-34.000000	,-31.000000	,-8.000000	,-4.500000	,-4.500000	,-1.000000	,-1.000000	,-28.500000	,-2.000000	,22.500000	,6.500000	,-1.000000	,10.500000	,0.500000	,32.000000	,271.500000	,263.000000	,28.500000	,0.000000	,191.000000	,270.500000	,173.500000	,57.500000	,78.500000	,18.500000	,4.000000	,3.500000	,14.500000	,1.500000	,1.500000	,16.500000	,-12.500000	,-12.000000	,1.500000	,5.500000	,-8.500000	,-13.000000	,-0.500000	,0.000000	,4.500000	,-11.000000	,-6.000000	,7.500000	,-0.500000	,-16.500000	,-1.500000	,9.500000	,7.500000	,3.500000	,1.500000	,-1.000000	,13.500000	,5.500000	,6.500000	,4.500000	,-3.500000	,0.500000	,-15.500000	,0.000000	,-3.000000	,3.000000	,4.500000	,9.000000	,3.500000	,14.500000	,1.500000	,1.500000	,4.000000	,1.000000	,15.000000	,12.000000	,-0.500000	,-4.500000	,-6.000000	,-2.500000	,-7.000000	,-1.000000	,-10.500000	,7.000000	,-3.000000	,-15.000000	,10.500000	,14.500000	,12.000000	,21.000000	,7.500000	,6.000000	,3.000000	,0.000000	,2.000000	,-0.500000	,-13.000000	,5.000000	,4.500000	,-8.500000	,4.500000	,-10.000000	,3.000000	,189.500000	,
-188.500000	,-5.000000	,1.500000	,16.500000	,11.500000	,-15.500000	,-20.500000	,-2.500000	,-9.500000	,1.000000	,-14.500000	,-0.500000	,3.500000	,13.000000	,14.000000	,12.500000	,3.500000	,1.000000	,8.500000	,-3.500000	,-10.500000	,7.500000	,3.500000	,-3.500000	,2.000000	,-9.000000	,-9.000000	,-4.000000	,-12.000000	,1.500000	,-3.000000	,-12.000000	,1.500000	,3.000000	,-0.500000	,-16.500000	,7.500000	,-2.000000	,-1.500000	,5.000000	,15.500000	,22.500000	,27.000000	,10.000000	,-4.500000	,7.500000	,8.500000	,1.000000	,7.000000	,-6.500000	,-15.500000	,3.000000	,2.500000	,-1.000000	,10.000000	,-1.500000	,-17.000000	,-7.000000	,2.500000	,9.500000	,7.000000	,4.000000	,-10.500000	,10.500000	,4.000000	,-7.500000	,-8.000000	,-17.000000	,-1.000000	,6.000000	,5.500000	,5.500000	,6.000000	,-12.000000	,-7.500000	,13.000000	,8.000000	,28.000000	,62.500000	,71.500000	,56.500000	,74.500000	,80.500000	,50.000000	,-7.000000	,7.000000	,8.500000	,13.000000	,16.000000	,16.500000	,12.500000	,3.000000	,-16.000000	,-2.500000	,-15.500000	,-9.500000	,-10.500000	,18.500000	,40.000000	,7.500000	,115.500000	,234.000000	,78.500000	,-10.000000	,-9.000000	,7.000000	,7.000000	,20.000000	,27.000000	,31.000000	,0.500000	,-31.500000	,19.000000	,21.000000	,9.500000	,-15.000000	,-7.000000	,-9.500000	,-7.000000	,-17.500000	,-4.000000	,13.500000	,-7.500000	,-10.500000	,-15.000000	,-5.000000	,21.500000	,-12.000000	,-215.500000	,-163.500000	,41.000000	,7.500000	,-6.500000	,10.500000	,24.500000	,-2.000000	,3.000000	,26.500000	,8.000000	,-15.000000	,-14.500000	,-15.000000	,-20.000000	,35.500000	,20.000000	,-8.500000	,-1.500000	,-13.500000	,-41.000000	,-11.500000	,-6.000000	,13.000000	,6.000000	,5.000000	,4.000000	,-32.000000	,149.000000	,334.000000	,251.000000	,126.500000	,209.500000	,205.500000	,54.500000	,8.500000	,-8.000000	,-23.000000	,-8.500000	,-2.000000	,-1.500000	,-2.500000	,7.000000	,15.000000	,-5.000000	,2.000000	,9.500000	,19.500000	,8.500000	,7.000000	,8.000000	,3.500000	,-4.500000	,-10.000000	,-11.500000	,6.000000	,8.000000	,2.500000	,-3.000000	,-11.500000	,-8.000000	,1.000000	,1.000000	,-13.000000	,-24.000000	,-7.500000	,-18.000000	,1.500000	,11.000000	,6.000000	,-9.000000	,-0.500000	,-1.500000	,0.000000	,2.500000	,-9.000000	,-2.000000	,11.500000	,-1.000000	,-2.500000	,2.000000	,2.500000	,16.500000	,2.500000	,2.500000	,-2.000000	,1.500000	,-7.000000	,-16.500000	,4.000000	,-3.500000	,32.000000	,19.000000	,5.000000	,4.000000	,-2.000000	,-8.000000	,-8.000000	,-7.500000	,-14.000000	,-2.000000	,-0.500000	,4.500000	,-4.000000	,-7.000000	,6.000000	,2.000000	,4.500000	,12.500000	,2.500000	,15.500000	,196.000000	,
-183.500000	,-7.000000	,-7.000000	,7.500000	,26.000000	,4.500000	,1.000000	,1.500000	,3.500000	,5.500000	,-21.000000	,-13.500000	,1.000000	,0.000000	,-1.000000	,2.000000	,0.500000	,3.000000	,19.000000	,1.500000	,-7.500000	,2.500000	,-2.500000	,2.500000	,-3.500000	,-9.500000	,-8.500000	,6.500000	,-6.500000	,9.000000	,0.500000	,-16.000000	,1.000000	,22.500000	,15.000000	,-7.500000	,3.500000	,0.500000	,-11.000000	,-14.500000	,-5.000000	,7.500000	,11.000000	,-3.000000	,-6.500000	,-0.500000	,-5.000000	,-1.500000	,17.500000	,6.000000	,-3.500000	,3.500000	,6.500000	,2.000000	,6.000000	,-1.000000	,-7.000000	,-12.500000	,-7.000000	,3.500000	,6.500000	,12.000000	,-0.500000	,8.500000	,1.500000	,8.500000	,-9.000000	,-17.500000	,0.500000	,6.000000	,-0.500000	,19.000000	,16.500000	,-11.000000	,-16.000000	,7.500000	,12.000000	,2.500000	,23.500000	,48.500000	,44.000000	,70.000000	,87.000000	,90.500000	,48.500000	,14.500000	,5.500000	,7.500000	,-1.000000	,-2.500000	,-5.000000	,13.500000	,23.500000	,17.500000	,-9.000000	,-2.000000	,-10.500000	,-3.000000	,5.500000	,-20.000000	,126.000000	,195.500000	,43.500000	,20.000000	,15.000000	,12.500000	,-21.500000	,-9.500000	,9.000000	,24.500000	,-13.000000	,-12.500000	,19.500000	,5.000000	,1.000000	,4.500000	,18.500000	,-10.500000	,-14.000000	,-19.500000	,-7.000000	,43.000000	,27.500000	,8.500000	,1.000000	,-14.000000	,3.500000	,-10.500000	,-248.500000	,-234.500000	,-14.500000	,15.000000	,-8.500000	,8.500000	,10.000000	,-6.000000	,-8.500000	,-9.500000	,17.500000	,11.000000	,3.000000	,-24.500000	,-10.500000	,17.000000	,13.500000	,8.000000	,2.000000	,9.000000	,-3.000000	,-2.000000	,-6.500000	,10.500000	,-10.000000	,16.000000	,44.500000	,11.500000	,175.500000	,314.500000	,228.500000	,38.500000	,-10.500000	,2.500000	,0.500000	,24.000000	,5.500000	,-15.000000	,1.000000	,-0.500000	,-7.500000	,-15.000000	,12.500000	,22.000000	,10.500000	,0.000000	,11.500000	,12.500000	,4.500000	,-1.500000	,3.500000	,3.500000	,13.500000	,5.500000	,-2.500000	,9.500000	,-9.000000	,9.500000	,3.500000	,-11.500000	,-9.000000	,0.000000	,12.500000	,-1.500000	,-4.000000	,2.000000	,-16.500000	,-11.000000	,20.500000	,0.000000	,1.500000	,0.500000	,-8.500000	,14.000000	,24.500000	,4.500000	,11.500000	,6.000000	,-6.500000	,-4.000000	,-6.000000	,2.500000	,3.500000	,-4.500000	,-6.500000	,-5.000000	,6.000000	,6.000000	,-2.000000	,8.500000	,-0.500000	,-7.000000	,-0.500000	,-9.000000	,-7.500000	,4.000000	,-0.500000	,1.000000	,-4.000000	,-6.500000	,2.500000	,1.000000	,-7.500000	,3.500000	,-5.000000	,3.500000	,7.000000	,11.500000	,5.500000	,1.500000	,-4.000000	,178.000000	,
-192.500000	,-11.500000	,-4.500000	,4.500000	,14.500000	,6.000000	,7.000000	,-5.500000	,9.500000	,16.000000	,-4.500000	,-6.000000	,-0.500000	,-4.000000	,-10.500000	,-20.500000	,-9.000000	,-17.000000	,5.500000	,-7.500000	,-7.500000	,-3.000000	,-9.500000	,5.500000	,16.500000	,15.000000	,13.000000	,11.000000	,-2.500000	,0.500000	,-5.000000	,-7.500000	,-8.500000	,4.500000	,-2.000000	,-11.000000	,11.500000	,8.500000	,-7.000000	,-17.000000	,-13.500000	,-13.000000	,-7.500000	,-10.000000	,-14.500000	,-6.000000	,-4.000000	,-2.000000	,4.500000	,-3.000000	,-3.000000	,-2.000000	,0.000000	,1.500000	,15.000000	,12.500000	,15.000000	,3.500000	,-5.500000	,-6.000000	,-7.500000	,-7.500000	,-7.000000	,-4.000000	,-5.000000	,15.000000	,-6.000000	,-5.000000	,0.000000	,15.000000	,0.000000	,-17.000000	,5.500000	,0.000000	,-13.500000	,-5.000000	,3.500000	,-8.500000	,-9.500000	,-1.500000	,-0.500000	,-2.000000	,52.000000	,107.500000	,91.000000	,78.000000	,82.000000	,61.000000	,75.500000	,69.000000	,42.000000	,6.500000	,1.000000	,16.000000	,0.500000	,13.000000	,14.000000	,-1.000000	,16.000000	,-10.500000	,160.500000	,215.500000	,-4.500000	,-14.500000	,-16.500000	,-7.000000	,-4.000000	,-15.000000	,-5.000000	,26.500000	,-21.500000	,-21.000000	,6.000000	,-16.500000	,-42.500000	,-22.500000	,5.000000	,-8.500000	,-1.000000	,-13.500000	,-6.000000	,42.500000	,37.500000	,25.000000	,2.000000	,-13.000000	,9.000000	,-30.500000	,-260.500000	,-281.000000	,-60.500000	,-13.000000	,-10.000000	,-15.500000	,-4.500000	,-6.000000	,-13.000000	,-24.000000	,19.500000	,29.000000	,10.000000	,-24.000000	,-34.000000	,-32.500000	,-12.500000	,29.500000	,25.500000	,16.500000	,-1.000000	,4.500000	,-5.000000	,46.500000	,40.000000	,48.500000	,69.000000	,37.500000	,28.000000	,47.000000	,27.500000	,4.000000	,-1.000000	,-1.500000	,0.500000	,25.500000	,22.000000	,-0.500000	,-12.000000	,-1.500000	,-2.000000	,-11.000000	,-10.000000	,-10.500000	,-19.000000	,1.000000	,-4.500000	,-10.500000	,-0.500000	,-4.000000	,8.000000	,2.500000	,11.000000	,4.000000	,9.500000	,-12.000000	,-24.500000	,6.500000	,8.500000	,0.000000	,-3.000000	,0.500000	,26.500000	,12.500000	,15.500000	,14.500000	,-7.000000	,-4.500000	,-3.000000	,-3.000000	,8.000000	,0.000000	,-6.000000	,3.500000	,-10.000000	,4.000000	,5.500000	,-4.000000	,-9.500000	,-10.500000	,-22.000000	,-4.500000	,2.000000	,-6.000000	,-29.000000	,-15.000000	,7.500000	,10.500000	,-5.000000	,-11.500000	,1.000000	,-2.500000	,4.000000	,-4.500000	,-10.000000	,-7.500000	,3.000000	,6.000000	,3.000000	,-9.000000	,4.500000	,4.500000	,-4.000000	,10.000000	,2.000000	,-4.000000	,0.000000	,1.000000	,-2.000000	,2.000000	,4.000000	,187.000000	,
-181.500000	,0.500000	,0.000000	,-3.500000	,-9.500000	,-10.000000	,3.000000	,-7.500000	,6.000000	,17.500000	,4.000000	,-7.000000	,-11.000000	,2.000000	,-12.000000	,-0.500000	,-0.500000	,-11.000000	,4.000000	,0.500000	,9.500000	,4.500000	,-0.500000	,2.000000	,-6.500000	,-10.500000	,-3.500000	,4.500000	,8.500000	,10.500000	,6.500000	,6.500000	,0.500000	,-1.000000	,-1.500000	,-5.500000	,0.500000	,15.500000	,14.500000	,6.000000	,4.500000	,1.500000	,8.500000	,-1.000000	,-15.000000	,3.500000	,0.500000	,0.500000	,-3.000000	,-7.500000	,-1.500000	,-4.500000	,-18.500000	,-27.000000	,-4.500000	,5.000000	,16.500000	,-0.500000	,-10.500000	,-6.000000	,-15.500000	,-3.000000	,-0.500000	,-6.500000	,-11.500000	,9.000000	,-14.500000	,-7.000000	,0.000000	,13.000000	,8.000000	,-6.500000	,0.500000	,10.000000	,-7.500000	,-11.500000	,9.500000	,-5.500000	,-2.000000	,1.500000	,12.500000	,3.000000	,2.000000	,29.500000	,47.000000	,70.000000	,78.000000	,63.500000	,89.000000	,74.000000	,85.000000	,45.500000	,-4.500000	,17.000000	,10.500000	,12.500000	,-2.500000	,-23.000000	,26.500000	,23.000000	,203.500000	,154.500000	,-27.000000	,-1.000000	,-25.000000	,-14.000000	,3.500000	,-16.500000	,0.000000	,30.500000	,-10.500000	,7.500000	,40.000000	,-2.000000	,-17.500000	,-18.500000	,14.500000	,35.000000	,1.500000	,-22.500000	,-28.000000	,5.000000	,12.500000	,9.000000	,-3.000000	,-1.000000	,14.500000	,5.000000	,-173.000000	,-222.000000	,-46.500000	,-16.500000	,-9.500000	,-3.500000	,-16.000000	,9.000000	,-11.000000	,-30.000000	,-17.000000	,-17.000000	,13.500000	,-1.500000	,-3.500000	,-20.500000	,-0.500000	,22.000000	,23.500000	,39.500000	,34.000000	,47.500000	,51.000000	,52.500000	,17.000000	,38.500000	,10.500000	,-16.000000	,-14.500000	,1.000000	,4.000000	,0.500000	,2.500000	,-10.000000	,-9.000000	,16.000000	,14.500000	,11.000000	,0.500000	,15.000000	,13.500000	,4.000000	,5.000000	,3.000000	,-10.500000	,3.000000	,-1.500000	,-3.000000	,2.500000	,-2.000000	,-13.000000	,-9.500000	,-5.000000	,6.000000	,24.000000	,2.000000	,-6.500000	,12.000000	,7.500000	,2.500000	,-1.000000	,1.000000	,0.500000	,-1.500000	,4.000000	,14.000000	,-3.500000	,5.000000	,4.000000	,-7.500000	,-1.000000	,6.000000	,10.500000	,0.000000	,-10.500000	,0.000000	,4.500000	,-11.500000	,12.500000	,-1.000000	,-13.000000	,0.500000	,12.500000	,-5.000000	,-9.500000	,-5.000000	,-6.500000	,0.500000	,0.500000	,1.000000	,4.500000	,1.500000	,2.500000	,7.000000	,-0.500000	,-5.500000	,1.500000	,-5.000000	,4.000000	,0.500000	,14.000000	,-2.000000	,-17.000000	,-3.500000	,-5.000000	,-3.500000	,-8.500000	,-1.500000	,-2.000000	,11.500000	,-3.000000	,170.000000	,
-193.500000	,-8.000000	,-1.000000	,-5.000000	,-10.000000	,-16.000000	,13.500000	,3.000000	,0.500000	,2.000000	,5.000000	,2.000000	,3.000000	,21.000000	,4.500000	,19.000000	,7.000000	,-15.500000	,-5.000000	,-2.000000	,-1.000000	,9.500000	,0.500000	,-2.000000	,-10.000000	,-25.500000	,-16.000000	,-5.500000	,11.500000	,3.500000	,-7.500000	,-7.000000	,11.500000	,14.000000	,4.000000	,0.000000	,5.500000	,16.500000	,0.000000	,-8.000000	,2.000000	,-9.000000	,23.500000	,11.500000	,-9.000000	,-0.500000	,2.000000	,10.000000	,8.500000	,-3.500000	,-4.000000	,12.500000	,0.500000	,-17.500000	,-11.000000	,0.000000	,7.500000	,-3.000000	,-0.500000	,3.500000	,5.500000	,5.500000	,10.000000	,2.000000	,9.500000	,10.500000	,-14.000000	,-21.500000	,0.000000	,13.500000	,17.000000	,-4.500000	,-2.500000	,14.000000	,2.500000	,1.000000	,17.000000	,-1.500000	,-2.000000	,3.500000	,1.500000	,-2.000000	,-3.000000	,-5.000000	,-2.000000	,-0.500000	,-14.000000	,-9.500000	,1.500000	,18.500000	,86.000000	,95.500000	,58.500000	,62.500000	,69.000000	,80.500000	,49.000000	,2.000000	,5.500000	,35.000000	,226.500000	,115.500000	,-5.000000	,24.000000	,3.000000	,-7.000000	,8.500000	,8.500000	,-13.000000	,12.000000	,-16.000000	,2.500000	,14.000000	,-3.500000	,2.500000	,-19.000000	,-10.500000	,25.000000	,13.000000	,-7.500000	,-35.000000	,-31.500000	,2.500000	,-3.000000	,-11.500000	,-6.500000	,-9.500000	,8.000000	,-187.000000	,-201.000000	,-5.000000	,11.500000	,-2.500000	,-13.500000	,5.000000	,26.000000	,11.500000	,12.500000	,10.500000	,-32.500000	,15.500000	,16.000000	,27.500000	,12.000000	,48.000000	,54.000000	,56.500000	,71.500000	,67.000000	,56.500000	,28.500000	,9.500000	,-2.000000	,6.000000	,5.500000	,-7.500000	,-10.500000	,-5.000000	,-4.000000	,-7.000000	,4.500000	,-4.500000	,-5.500000	,0.000000	,11.000000	,3.500000	,-3.000000	,-4.000000	,13.000000	,6.000000	,19.500000	,11.000000	,1.500000	,7.000000	,2.500000	,4.000000	,6.500000	,-4.500000	,-16.500000	,-1.000000	,-9.500000	,-2.000000	,18.500000	,-1.000000	,8.000000	,2.000000	,-4.500000	,0.000000	,-1.500000	,-1.000000	,-2.500000	,-6.000000	,5.000000	,-3.500000	,-4.000000	,-12.000000	,7.500000	,-3.000000	,-12.500000	,0.000000	,21.000000	,10.500000	,0.000000	,1.500000	,-10.500000	,-19.500000	,1.000000	,-1.500000	,7.000000	,15.000000	,30.500000	,23.000000	,3.000000	,3.500000	,1.500000	,9.500000	,6.500000	,0.000000	,3.500000	,5.000000	,-1.500000	,14.500000	,5.000000	,-3.500000	,-16.500000	,2.500000	,12.000000	,13.000000	,11.000000	,0.500000	,-10.000000	,-6.000000	,-10.500000	,-9.500000	,-5.000000	,-1.500000	,-1.500000	,2.500000	,-1.000000	,179.500000	,
-196.000000	,-6.000000	,4.000000	,15.000000	,3.000000	,-6.500000	,-6.000000	,-0.500000	,-7.000000	,-9.500000	,9.000000	,-3.000000	,12.000000	,5.000000	,-3.000000	,4.500000	,11.500000	,-11.500000	,-29.000000	,-14.000000	,3.000000	,10.500000	,8.500000	,19.500000	,8.500000	,0.500000	,-13.500000	,-28.500000	,-19.500000	,-1.000000	,-5.000000	,-23.500000	,-11.500000	,0.000000	,-1.500000	,-5.000000	,-1.000000	,9.500000	,3.500000	,-2.500000	,-6.500000	,-19.000000	,16.000000	,11.000000	,-4.500000	,-4.500000	,-4.500000	,-9.000000	,4.500000	,-2.500000	,0.500000	,23.500000	,18.000000	,-4.000000	,-4.000000	,-8.000000	,4.000000	,15.000000	,15.000000	,1.500000	,-1.000000	,4.000000	,22.000000	,11.000000	,4.500000	,3.500000	,-15.500000	,-17.000000	,-2.500000	,-2.000000	,14.500000	,6.000000	,-0.500000	,9.000000	,2.500000	,3.500000	,-6.000000	,-2.500000	,-8.500000	,-6.500000	,-2.500000	,-8.000000	,-3.500000	,-7.500000	,-5.000000	,-22.500000	,-2.000000	,5.500000	,2.500000	,-0.500000	,33.000000	,51.000000	,51.000000	,45.500000	,75.500000	,94.500000	,99.500000	,78.000000	,48.500000	,158.000000	,343.000000	,235.000000	,128.000000	,91.500000	,36.000000	,-17.500000	,-15.000000	,-35.000000	,-46.500000	,-23.500000	,-23.000000	,1.000000	,-2.500000	,-26.000000	,-6.000000	,-21.500000	,-13.000000	,-0.500000	,-1.500000	,11.500000	,-11.500000	,-28.000000	,-19.000000	,-25.000000	,-3.500000	,-19.500000	,-21.500000	,-6.000000	,-229.500000	,-222.000000	,-6.000000	,2.500000	,-10.500000	,-31.000000	,7.500000	,65.000000	,66.000000	,65.500000	,45.000000	,49.000000	,64.000000	,67.500000	,58.500000	,29.000000	,55.000000	,44.500000	,24.500000	,21.000000	,4.500000	,-9.000000	,19.500000	,16.500000	,17.000000	,21.000000	,9.000000	,-11.500000	,0.000000	,6.000000	,2.500000	,3.000000	,7.000000	,-12.500000	,-8.500000	,-3.000000	,-9.000000	,-5.500000	,-12.000000	,-11.000000	,-16.000000	,-5.500000	,-14.000000	,-3.000000	,-11.500000	,-14.000000	,-8.500000	,3.500000	,23.000000	,6.000000	,0.000000	,9.500000	,0.000000	,-5.000000	,-7.000000	,-10.000000	,-9.500000	,-11.500000	,-24.500000	,1.500000	,0.000000	,3.500000	,1.000000	,3.500000	,6.000000	,5.000000	,-9.500000	,-8.500000	,11.000000	,5.500000	,-5.500000	,-1.000000	,-4.000000	,-9.000000	,-1.000000	,9.500000	,6.500000	,-4.500000	,-4.000000	,-13.000000	,0.000000	,12.500000	,12.500000	,-0.500000	,-15.500000	,5.500000	,7.000000	,-3.500000	,-1.000000	,-2.000000	,5.000000	,2.000000	,-3.000000	,2.000000	,6.500000	,-3.500000	,-13.500000	,0.000000	,-4.000000	,-11.000000	,18.500000	,15.500000	,11.500000	,6.000000	,-3.000000	,-0.500000	,-7.500000	,-8.000000	,-7.500000	,8.500000	,6.000000	,188.000000	,
-189.000000	,2.000000	,5.500000	,14.000000	,11.500000	,-12.500000	,-35.000000	,-1.000000	,0.000000	,-4.500000	,-8.000000	,-16.000000	,-17.000000	,-15.000000	,1.000000	,12.000000	,27.000000	,12.500000	,-1.000000	,-1.500000	,3.000000	,5.500000	,-1.500000	,18.500000	,20.000000	,17.500000	,3.500000	,-7.000000	,-6.000000	,20.000000	,15.000000	,-4.000000	,-3.000000	,3.500000	,-1.500000	,-3.000000	,-1.000000	,18.000000	,16.500000	,23.500000	,3.000000	,-24.000000	,-17.000000	,4.000000	,-1.500000	,0.500000	,-2.000000	,-11.000000	,4.500000	,2.000000	,1.000000	,-6.500000	,-15.000000	,-13.500000	,-6.000000	,-28.000000	,-1.000000	,4.000000	,6.500000	,-12.000000	,-26.500000	,-8.000000	,-17.000000	,5.000000	,7.000000	,11.500000	,-17.500000	,-26.000000	,-17.000000	,-0.500000	,-1.500000	,-2.000000	,-3.500000	,-5.500000	,9.000000	,4.000000	,-6.500000	,8.500000	,-4.500000	,1.000000	,0.000000	,3.000000	,-2.000000	,4.000000	,17.000000	,4.000000	,14.000000	,-3.500000	,-8.000000	,1.500000	,-4.000000	,7.500000	,5.500000	,4.000000	,7.500000	,26.000000	,48.000000	,66.000000	,58.500000	,173.500000	,314.000000	,329.500000	,322.000000	,336.500000	,322.000000	,270.500000	,233.000000	,174.000000	,110.000000	,49.500000	,69.000000	,241.500000	,247.000000	,154.000000	,99.500000	,26.000000	,3.000000	,-22.500000	,0.500000	,122.500000	,104.500000	,53.500000	,-15.500000	,-23.000000	,137.000000	,145.000000	,74.500000	,63.000000	,-56.000000	,-2.500000	,53.500000	,46.000000	,52.500000	,61.500000	,45.000000	,70.000000	,88.500000	,70.000000	,55.500000	,74.000000	,45.000000	,32.000000	,33.500000	,7.500000	,3.500000	,10.500000	,5.000000	,-2.500000	,-12.000000	,-7.000000	,-8.000000	,-2.500000	,1.000000	,14.000000	,-12.500000	,-10.000000	,-18.500000	,-0.500000	,4.000000	,3.000000	,-1.000000	,-6.000000	,2.000000	,2.000000	,-3.500000	,1.000000	,-6.500000	,-15.500000	,-21.500000	,-9.000000	,-3.000000	,1.000000	,-9.000000	,-5.000000	,-4.500000	,2.000000	,9.500000	,2.000000	,-4.000000	,-0.500000	,-1.000000	,1.500000	,5.500000	,-6.000000	,-1.500000	,2.500000	,-11.500000	,-1.000000	,-5.000000	,4.500000	,1.500000	,12.000000	,8.000000	,2.000000	,0.000000	,-5.500000	,-0.500000	,1.500000	,-5.000000	,3.500000	,1.000000	,-4.000000	,1.000000	,9.000000	,9.500000	,13.000000	,-2.000000	,-6.000000	,0.500000	,-0.500000	,3.000000	,2.500000	,-6.500000	,-3.500000	,-7.500000	,-6.500000	,-2.000000	,-3.000000	,3.500000	,-2.000000	,-1.500000	,7.500000	,21.500000	,-2.000000	,-6.500000	,6.000000	,0.000000	,-6.000000	,7.000000	,3.500000	,8.000000	,13.000000	,-0.500000	,-8.000000	,-9.000000	,-1.000000	,7.000000	,-0.500000	,6.500000	,194.500000	,
-188.000000	,-7.500000	,-10.000000	,0.000000	,10.500000	,-15.500000	,-13.500000	,10.000000	,6.000000	,4.500000	,6.500000	,-0.500000	,-19.500000	,-18.000000	,5.000000	,-0.500000	,16.000000	,22.000000	,7.000000	,-5.000000	,-8.000000	,-5.500000	,-17.000000	,-9.000000	,4.000000	,16.500000	,15.500000	,13.500000	,2.500000	,6.500000	,3.000000	,-17.000000	,-17.500000	,-3.000000	,3.000000	,1.000000	,-4.000000	,-8.500000	,-5.000000	,7.000000	,15.000000	,-2.500000	,-6.500000	,6.000000	,-13.000000	,-8.000000	,1.500000	,-4.500000	,-14.500000	,-8.000000	,-5.000000	,11.000000	,-4.000000	,4.500000	,10.000000	,-5.000000	,-4.000000	,-17.500000	,7.000000	,0.000000	,-5.000000	,0.000000	,-19.000000	,-11.500000	,25.500000	,23.500000	,-4.000000	,-27.500000	,-5.000000	,-3.000000	,-21.000000	,-4.000000	,0.000000	,-7.000000	,12.000000	,9.000000	,-2.500000	,1.500000	,-13.500000	,7.000000	,-12.000000	,-12.000000	,-13.000000	,4.500000	,2.500000	,-14.500000	,6.500000	,-7.000000	,-15.500000	,0.000000	,-16.000000	,-3.000000	,9.000000	,14.000000	,3.000000	,19.000000	,-7.000000	,-21.500000	,0.500000	,53.000000	,126.500000	,168.000000	,207.000000	,287.500000	,326.000000	,356.000000	,374.500000	,364.000000	,348.000000	,240.500000	,220.000000	,329.500000	,360.500000	,332.500000	,326.000000	,303.000000	,305.500000	,231.500000	,201.500000	,316.500000	,338.500000	,360.500000	,280.000000	,233.000000	,325.000000	,344.000000	,307.500000	,215.000000	,88.000000	,92.500000	,96.000000	,66.500000	,64.000000	,59.000000	,14.000000	,18.500000	,57.000000	,27.500000	,7.000000	,4.000000	,-11.000000	,-16.500000	,-8.500000	,-4.500000	,-12.000000	,-2.500000	,2.500000	,9.000000	,-7.500000	,-23.000000	,-15.500000	,-11.500000	,-16.000000	,3.000000	,3.500000	,-6.500000	,-13.000000	,-11.500000	,3.500000	,13.000000	,10.000000	,-9.500000	,-9.500000	,-3.000000	,8.500000	,3.500000	,19.500000	,7.000000	,2.500000	,2.500000	,8.000000	,-2.500000	,-2.000000	,4.500000	,4.000000	,-4.500000	,-20.000000	,0.500000	,3.500000	,-0.500000	,5.000000	,-1.500000	,11.000000	,1.000000	,17.000000	,11.500000	,2.500000	,-1.000000	,-4.000000	,-3.000000	,-4.000000	,-2.000000	,2.500000	,-19.500000	,7.500000	,-12.500000	,-32.500000	,-15.000000	,-14.500000	,-6.500000	,11.000000	,13.000000	,0.500000	,2.000000	,3.000000	,9.000000	,0.000000	,-4.000000	,-2.000000	,-6.000000	,8.000000	,2.500000	,1.500000	,-1.500000	,-1.500000	,-3.500000	,-3.000000	,2.000000	,7.000000	,-2.000000	,-3.000000	,6.500000	,6.000000	,-0.500000	,-4.500000	,6.000000	,4.500000	,-12.500000	,-22.000000	,-6.000000	,1.500000	,-3.000000	,8.000000	,-1.000000	,2.500000	,-6.000000	,4.000000	,3.000000	,9.000000	,198.000000	,
-187.000000	,-6.500000	,-18.000000	,-8.000000	,26.500000	,8.500000	,4.000000	,3.000000	,4.000000	,0.500000	,7.500000	,27.500000	,2.500000	,-10.500000	,-9.000000	,-18.500000	,-21.500000	,-4.500000	,-0.500000	,-1.000000	,2.500000	,-10.000000	,-27.000000	,-5.000000	,11.000000	,4.500000	,-6.000000	,-10.500000	,-4.500000	,2.000000	,-2.000000	,-5.500000	,-5.000000	,-3.500000	,0.000000	,5.000000	,-5.000000	,-10.000000	,0.500000	,6.000000	,19.000000	,7.000000	,0.000000	,14.500000	,1.500000	,-4.000000	,8.000000	,0.000000	,-13.000000	,-12.500000	,7.500000	,13.500000	,-5.500000	,20.000000	,5.500000	,11.000000	,11.000000	,-7.500000	,9.500000	,9.000000	,10.500000	,18.500000	,-1.000000	,-11.000000	,9.500000	,30.000000	,28.500000	,-2.500000	,16.000000	,15.000000	,-3.000000	,-4.500000	,-12.000000	,-12.000000	,-7.500000	,0.500000	,3.500000	,-0.500000	,-10.500000	,9.500000	,0.500000	,7.000000	,1.000000	,0.500000	,-7.500000	,-18.000000	,6.500000	,-27.000000	,-2.500000	,7.000000	,-11.500000	,-14.500000	,6.000000	,0.500000	,0.000000	,11.500000	,-14.500000	,-11.000000	,-2.000000	,4.000000	,20.000000	,7.000000	,-8.000000	,0.000000	,27.500000	,72.000000	,146.500000	,204.000000	,263.500000	,155.500000	,65.500000	,101.000000	,159.000000	,223.000000	,251.500000	,273.000000	,339.000000	,230.500000	,158.500000	,220.000000	,263.000000	,329.500000	,246.000000	,157.500000	,186.000000	,249.500000	,216.500000	,66.000000	,3.000000	,36.000000	,41.500000	,7.000000	,0.000000	,-8.000000	,-20.000000	,1.500000	,16.500000	,10.000000	,5.000000	,21.000000	,12.500000	,-3.000000	,3.500000	,-2.500000	,-11.000000	,0.000000	,8.500000	,4.500000	,5.000000	,-14.500000	,-9.500000	,8.000000	,10.500000	,7.000000	,9.500000	,-0.500000	,4.500000	,-4.000000	,6.000000	,4.500000	,10.500000	,3.000000	,-5.500000	,-4.000000	,6.000000	,3.500000	,14.000000	,1.000000	,-1.000000	,3.500000	,7.000000	,-3.500000	,-9.000000	,-5.000000	,6.000000	,4.500000	,-17.500000	,7.000000	,9.500000	,7.500000	,-1.500000	,3.000000	,-5.500000	,-27.500000	,0.000000	,-7.500000	,-13.000000	,-4.000000	,-3.000000	,-3.000000	,-11.000000	,13.500000	,-4.000000	,-8.500000	,20.000000	,9.500000	,-6.500000	,2.000000	,-2.500000	,-7.000000	,11.500000	,6.000000	,1.000000	,6.500000	,10.500000	,5.000000	,-9.000000	,-15.500000	,3.000000	,3.500000	,-1.000000	,-4.000000	,-1.000000	,-7.500000	,4.500000	,2.000000	,-6.000000	,-11.500000	,-5.500000	,-3.500000	,-2.000000	,8.000000	,4.000000	,3.500000	,0.000000	,-2.000000	,5.500000	,-4.500000	,-9.500000	,3.500000	,0.000000	,9.500000	,14.000000	,6.000000	,-0.500000	,-3.500000	,-11.000000	,-18.000000	,-1.500000	,189.000000	,
-177.500000	,12.500000	,-1.500000	,14.500000	,9.000000	,-6.500000	,0.500000	,2.000000	,-1.500000	,0.000000	,4.000000	,17.000000	,8.500000	,5.000000	,10.500000	,-3.000000	,-8.000000	,0.500000	,9.500000	,10.500000	,22.000000	,13.000000	,-6.000000	,-3.500000	,6.500000	,1.000000	,-3.000000	,-3.500000	,-5.000000	,12.500000	,18.500000	,8.000000	,-10.000000	,-9.500000	,-23.000000	,1.500000	,3.500000	,3.500000	,2.000000	,-10.500000	,-12.500000	,-19.000000	,2.000000	,16.000000	,9.000000	,2.500000	,17.000000	,17.500000	,12.500000	,5.500000	,8.000000	,0.500000	,-3.000000	,1.500000	,-8.500000	,-1.000000	,20.500000	,0.000000	,-9.500000	,1.500000	,-2.500000	,21.500000	,3.500000	,-12.500000	,0.000000	,17.000000	,7.500000	,2.500000	,8.500000	,1.500000	,11.500000	,-3.000000	,-2.500000	,1.000000	,-7.000000	,-4.000000	,4.000000	,-3.500000	,4.500000	,23.000000	,18.500000	,18.000000	,5.500000	,21.500000	,8.000000	,-1.000000	,-1.500000	,-17.000000	,-6.500000	,18.500000	,-1.000000	,-14.500000	,2.500000	,1.500000	,3.500000	,-6.000000	,-11.000000	,-9.500000	,4.000000	,-12.000000	,-14.000000	,-4.000000	,0.000000	,8.500000	,0.000000	,-10.000000	,6.000000	,24.500000	,2.500000	,5.000000	,2.500000	,-0.500000	,5.000000	,18.500000	,4.000000	,-3.500000	,36.500000	,3.500000	,-11.500000	,0.500000	,-10.000000	,-3.500000	,8.500000	,-10.500000	,-12.000000	,1.500000	,-9.000000	,-5.500000	,-11.500000	,-2.500000	,-9.000000	,-15.500000	,4.000000	,-11.000000	,-19.500000	,-9.500000	,-7.500000	,11.000000	,12.000000	,-2.500000	,11.500000	,3.500000	,15.000000	,5.500000	,-0.500000	,-2.500000	,-12.500000	,7.000000	,25.000000	,8.000000	,9.000000	,22.500000	,7.500000	,19.500000	,1.500000	,-14.500000	,-8.000000	,-0.500000	,-1.000000	,-4.000000	,3.000000	,11.500000	,2.000000	,0.000000	,4.500000	,4.500000	,7.500000	,-4.000000	,1.500000	,13.000000	,16.000000	,6.000000	,3.500000	,0.000000	,13.500000	,-4.000000	,-13.500000	,0.000000	,4.000000	,-0.500000	,-2.000000	,17.500000	,-13.000000	,-31.000000	,-1.500000	,3.000000	,-10.000000	,-9.000000	,5.000000	,7.000000	,-10.000000	,-2.000000	,7.000000	,-3.000000	,15.500000	,12.500000	,4.000000	,15.000000	,5.500000	,-4.500000	,3.500000	,5.000000	,-7.500000	,-8.000000	,-9.500000	,-4.000000	,-5.000000	,-2.500000	,-6.500000	,0.500000	,5.500000	,8.000000	,-6.500000	,-5.500000	,1.000000	,0.500000	,-10.000000	,-1.000000	,1.500000	,-1.500000	,3.500000	,-10.000000	,-26.000000	,5.500000	,-5.000000	,-11.000000	,20.000000	,9.500000	,-3.000000	,13.000000	,0.500000	,-4.000000	,7.500000	,7.000000	,7.000000	,12.500000	,0.000000	,-15.000000	,-4.000000	,182.000000	,
-189.000000	,7.500000	,-2.000000	,3.500000	,-5.000000	,-16.500000	,-6.000000	,-6.500000	,4.000000	,6.000000	,-1.000000	,-2.500000	,4.000000	,11.000000	,22.000000	,-0.500000	,2.000000	,-1.500000	,0.000000	,8.000000	,26.500000	,13.000000	,-3.500000	,-14.500000	,-9.000000	,7.500000	,7.000000	,6.000000	,-6.000000	,-9.500000	,4.500000	,-5.500000	,-11.000000	,-21.500000	,-18.500000	,-6.500000	,5.500000	,3.500000	,1.500000	,2.500000	,-5.000000	,-21.000000	,0.000000	,-16.000000	,-23.500000	,-5.000000	,0.500000	,-2.000000	,-6.000000	,-11.000000	,14.500000	,10.500000	,-1.500000	,-0.500000	,-0.500000	,-7.500000	,14.500000	,-3.000000	,-9.500000	,-1.000000	,1.500000	,7.500000	,0.000000	,-5.000000	,-1.000000	,-10.000000	,-4.500000	,4.500000	,-0.500000	,-5.500000	,25.000000	,15.500000	,11.500000	,-1.000000	,-6.500000	,9.500000	,5.000000	,-9.000000	,-22.000000	,-16.000000	,-0.500000	,-3.000000	,-2.000000	,11.000000	,10.000000	,19.500000	,9.500000	,-22.500000	,-7.000000	,15.500000	,6.500000	,-2.500000	,5.000000	,16.000000	,13.000000	,-7.500000	,-19.500000	,-4.500000	,19.000000	,8.000000	,-13.500000	,-19.000000	,-12.000000	,10.500000	,-3.000000	,-3.500000	,10.000000	,9.000000	,-0.500000	,0.000000	,6.500000	,0.000000	,-4.000000	,17.500000	,16.000000	,6.500000	,13.000000	,-2.000000	,3.000000	,11.000000	,-4.000000	,-11.000000	,17.000000	,-2.500000	,-16.000000	,2.000000	,1.000000	,2.500000	,-2.500000	,12.500000	,2.500000	,1.000000	,25.000000	,9.000000	,4.000000	,-3.500000	,-5.500000	,8.000000	,-4.000000	,-14.000000	,-3.500000	,0.000000	,7.000000	,3.500000	,5.000000	,8.500000	,5.000000	,-0.500000	,6.000000	,-2.000000	,-6.000000	,-20.000000	,-36.000000	,13.000000	,14.500000	,-4.000000	,-5.500000	,-2.000000	,2.500000	,5.500000	,-7.000000	,-3.500000	,-10.000000	,3.500000	,3.000000	,13.000000	,6.500000	,-7.500000	,8.000000	,2.500000	,0.000000	,1.500000	,10.000000	,8.500000	,14.000000	,-5.500000	,-18.000000	,-15.000000	,8.000000	,2.000000	,4.000000	,36.500000	,15.000000	,-5.000000	,3.500000	,2.000000	,7.000000	,-18.500000	,-21.500000	,17.000000	,9.000000	,-13.000000	,-7.000000	,5.500000	,-5.000000	,-16.500000	,-4.000000	,1.500000	,-4.500000	,-16.500000	,-1.000000	,-3.000000	,-20.500000	,4.000000	,2.500000	,11.500000	,6.500000	,-3.500000	,-15.500000	,-10.500000	,-13.000000	,0.000000	,-1.000000	,-8.000000	,-11.000000	,10.500000	,5.500000	,5.000000	,-2.000000	,-10.000000	,13.000000	,1.000000	,-14.000000	,5.500000	,-7.500000	,-19.000000	,-0.500000	,-13.000000	,-7.000000	,-5.000000	,-6.000000	,-9.500000	,-6.000000	,-8.500000	,-0.500000	,12.000000	,-5.500000	,1.000000	,6.500000	,191.000000	,
-186.000000	,-4.000000	,-6.500000	,8.500000	,-3.500000	,-22.500000	,0.000000	,-12.000000	,-3.000000	,2.000000	,-4.500000	,-9.000000	,0.000000	,-0.500000	,-9.500000	,-8.500000	,-5.000000	,-16.000000	,-11.000000	,-8.500000	,0.000000	,7.500000	,9.000000	,-1.500000	,3.500000	,5.000000	,3.000000	,0.500000	,-4.000000	,-12.500000	,5.000000	,11.500000	,7.500000	,9.500000	,-7.000000	,-12.500000	,-6.500000	,9.000000	,8.000000	,26.500000	,5.500000	,-16.500000	,4.000000	,0.500000	,-8.500000	,4.500000	,4.000000	,-8.500000	,-24.000000	,-20.500000	,4.500000	,7.500000	,-5.000000	,-1.000000	,1.500000	,2.000000	,11.500000	,2.000000	,-5.000000	,-3.500000	,0.000000	,5.500000	,-9.000000	,5.000000	,8.000000	,-0.500000	,0.000000	,8.000000	,1.500000	,-8.000000	,-3.000000	,6.000000	,6.000000	,-9.500000	,-4.500000	,6.000000	,4.500000	,8.000000	,-11.500000	,-15.000000	,1.500000	,-4.500000	,-7.000000	,3.000000	,16.500000	,16.500000	,15.500000	,-7.000000	,-2.000000	,9.000000	,6.500000	,1.000000	,-2.500000	,13.500000	,21.000000	,16.000000	,-5.000000	,-7.500000	,20.000000	,24.500000	,12.000000	,-3.500000	,0.500000	,0.000000	,-5.000000	,-8.500000	,-10.000000	,-14.500000	,-4.000000	,-8.000000	,13.000000	,12.000000	,1.500000	,-2.500000	,16.500000	,8.500000	,-6.500000	,0.000000	,2.000000	,13.000000	,-8.500000	,-12.500000	,17.000000	,0.000000	,-6.500000	,2.500000	,9.000000	,3.500000	,-14.000000	,-3.000000	,6.000000	,12.000000	,15.000000	,7.000000	,1.000000	,5.500000	,0.500000	,13.000000	,0.500000	,-6.500000	,-12.000000	,-14.500000	,-19.500000	,-10.000000	,10.000000	,6.000000	,3.500000	,-5.500000	,-3.000000	,-7.500000	,-1.000000	,-6.000000	,-16.000000	,4.000000	,16.000000	,3.000000	,-3.000000	,-2.000000	,6.500000	,17.000000	,12.000000	,4.000000	,-6.000000	,-10.500000	,-21.000000	,-0.500000	,-13.500000	,-14.500000	,-7.500000	,-9.500000	,-20.500000	,0.000000	,0.500000	,10.000000	,15.500000	,9.500000	,-5.000000	,-10.000000	,-6.000000	,-4.000000	,10.000000	,14.000000	,10.500000	,6.000000	,-18.000000	,-8.500000	,8.000000	,-15.500000	,-22.000000	,14.000000	,10.500000	,-4.000000	,1.000000	,16.000000	,5.500000	,-12.500000	,-29.000000	,-1.500000	,2.000000	,-11.500000	,9.000000	,6.000000	,-11.500000	,10.500000	,13.500000	,5.000000	,5.500000	,1.000000	,7.000000	,2.000000	,-1.000000	,-0.500000	,9.000000	,-1.500000	,5.000000	,6.500000	,0.000000	,7.500000	,0.500000	,-7.000000	,22.000000	,14.500000	,-4.500000	,15.000000	,6.500000	,-6.000000	,4.500000	,-2.500000	,1.000000	,3.000000	,4.500000	,6.000000	,-3.500000	,-5.500000	,8.000000	,1.000000	,-15.500000	,0.000000	,7.000000	,192.000000	,
-176.000000	,5.000000	,-10.500000	,3.000000	,11.500000	,2.500000	,-14.000000	,-34.500000	,-18.500000	,-8.000000	,1.000000	,-1.000000	,7.000000	,13.500000	,-0.500000	,6.500000	,6.500000	,-0.500000	,-4.000000	,-12.000000	,-20.000000	,-1.000000	,16.500000	,3.000000	,0.000000	,5.500000	,-7.500000	,-13.000000	,8.000000	,3.000000	,4.500000	,17.500000	,0.000000	,16.000000	,-4.500000	,-21.000000	,-3.000000	,4.000000	,-6.000000	,5.500000	,15.000000	,2.500000	,10.500000	,4.000000	,-12.000000	,-12.500000	,16.500000	,10.000000	,-22.500000	,-11.500000	,-7.500000	,14.000000	,7.500000	,-2.500000	,-2.000000	,0.500000	,-3.000000	,-2.000000	,-15.500000	,-20.500000	,3.500000	,-10.000000	,-13.000000	,-2.000000	,5.000000	,-9.500000	,-17.500000	,1.000000	,6.500000	,-4.500000	,-23.500000	,-7.000000	,13.000000	,-3.500000	,4.000000	,-1.500000	,10.000000	,27.500000	,2.500000	,-12.000000	,1.500000	,0.500000	,-3.000000	,11.500000	,-2.000000	,9.500000	,14.000000	,-2.500000	,-6.500000	,-1.000000	,-2.000000	,-8.000000	,-12.000000	,-5.000000	,11.500000	,13.000000	,1.500000	,-7.000000	,-10.000000	,1.500000	,2.500000	,2.000000	,10.000000	,2.500000	,-1.000000	,-2.000000	,-8.000000	,-3.500000	,0.000000	,-7.500000	,-9.000000	,4.000000	,-2.000000	,-5.000000	,6.500000	,4.000000	,-15.000000	,-6.000000	,7.000000	,9.500000	,-1.000000	,-1.000000	,13.000000	,1.500000	,-9.500000	,-5.500000	,-3.000000	,8.500000	,-6.000000	,-8.500000	,0.000000	,-7.500000	,-13.000000	,-13.000000	,-11.500000	,0.000000	,5.000000	,6.000000	,1.500000	,5.000000	,4.000000	,3.500000	,-11.000000	,-10.000000	,1.000000	,-1.500000	,2.500000	,5.500000	,10.000000	,-4.500000	,11.000000	,11.500000	,-11.000000	,-10.500000	,-18.000000	,0.000000	,3.000000	,1.500000	,-7.500000	,-10.500000	,10.000000	,-1.500000	,1.000000	,-22.000000	,-15.000000	,9.500000	,-2.000000	,-2.500000	,6.000000	,-2.500000	,-9.500000	,0.000000	,1.000000	,4.500000	,10.500000	,20.000000	,9.000000	,1.000000	,-2.000000	,-2.000000	,1.000000	,-2.000000	,2.500000	,13.500000	,1.500000	,1.000000	,29.500000	,11.500000	,0.000000	,-6.000000	,7.500000	,-1.000000	,-6.000000	,5.000000	,5.000000	,-4.500000	,-16.500000	,2.500000	,-1.500000	,-8.500000	,23.000000	,12.000000	,-11.500000	,-19.000000	,0.000000	,9.000000	,13.500000	,-1.500000	,11.500000	,5.000000	,4.500000	,-1.500000	,12.000000	,6.000000	,-3.000000	,-10.500000	,-9.500000	,4.000000	,-2.000000	,-1.000000	,-6.500000	,-5.000000	,-5.500000	,14.500000	,8.500000	,12.500000	,6.500000	,8.500000	,6.500000	,-8.500000	,5.000000	,15.500000	,6.000000	,1.000000	,17.500000	,0.000000	,-15.000000	,-4.500000	,1.500000	,192.000000	,
-190.000000	,9.500000	,-4.000000	,4.000000	,10.500000	,25.000000	,9.500000	,-3.000000	,-13.500000	,-19.500000	,-1.000000	,0.000000	,10.000000	,14.000000	,-4.000000	,-12.000000	,2.500000	,10.000000	,8.000000	,2.500000	,-10.000000	,-12.500000	,-16.500000	,-3.000000	,0.500000	,22.500000	,8.500000	,-8.000000	,1.000000	,4.000000	,18.500000	,1.500000	,-7.500000	,18.000000	,5.000000	,-15.500000	,-9.500000	,-9.000000	,-6.000000	,0.000000	,5.500000	,-1.500000	,-0.500000	,5.500000	,-3.500000	,-29.000000	,10.000000	,21.000000	,-5.500000	,-14.500000	,-4.500000	,6.500000	,7.000000	,-1.000000	,4.500000	,3.000000	,-5.500000	,7.500000	,-3.500000	,-5.000000	,14.000000	,1.000000	,-7.500000	,-13.500000	,1.500000	,0.000000	,-6.500000	,-3.500000	,8.000000	,11.500000	,-13.500000	,-10.000000	,3.000000	,0.000000	,9.500000	,4.000000	,-0.500000	,13.500000	,6.500000	,-7.000000	,-2.500000	,3.000000	,-5.500000	,6.500000	,-0.500000	,-7.500000	,-13.500000	,-34.500000	,-3.500000	,-0.500000	,9.500000	,10.500000	,-6.000000	,-12.000000	,-5.500000	,-5.000000	,4.000000	,-13.500000	,-8.500000	,-2.000000	,-7.500000	,1.000000	,-2.000000	,-5.000000	,-10.500000	,-8.000000	,-8.500000	,-4.000000	,-12.000000	,-24.000000	,-6.500000	,2.000000	,-3.500000	,-10.500000	,17.500000	,6.000000	,-16.500000	,-7.500000	,13.000000	,9.500000	,0.500000	,7.500000	,14.000000	,1.000000	,-12.500000	,-9.500000	,3.000000	,16.000000	,8.500000	,0.000000	,7.500000	,4.000000	,6.500000	,-2.500000	,-11.000000	,0.000000	,10.500000	,5.000000	,2.500000	,6.000000	,9.000000	,24.000000	,5.500000	,1.500000	,3.000000	,4.000000	,2.000000	,0.500000	,19.500000	,0.500000	,-18.000000	,-0.500000	,-3.000000	,-12.000000	,-4.500000	,1.500000	,1.000000	,6.500000	,-2.500000	,-2.000000	,-1.000000	,3.500000	,25.000000	,0.000000	,4.000000	,-2.500000	,2.500000	,6.500000	,19.000000	,7.500000	,-1.000000	,-2.000000	,0.000000	,0.000000	,1.000000	,-8.000000	,-14.000000	,4.000000	,-1.000000	,0.500000	,3.000000	,4.000000	,12.000000	,7.000000	,6.500000	,13.000000	,8.000000	,3.000000	,-0.500000	,-0.500000	,2.000000	,-3.500000	,-12.000000	,-10.500000	,24.500000	,19.000000	,9.000000	,12.000000	,-2.500000	,-8.500000	,3.000000	,15.500000	,-3.500000	,-19.500000	,0.000000	,12.000000	,1.500000	,-1.000000	,3.000000	,-1.000000	,2.500000	,2.500000	,-4.000000	,-5.500000	,3.500000	,-9.000000	,-13.500000	,0.000000	,-2.000000	,-3.000000	,-10.500000	,-3.500000	,-5.000000	,-8.000000	,0.000000	,-1.500000	,-9.000000	,-14.000000	,-2.500000	,-5.000000	,-5.500000	,-6.000000	,-7.500000	,-11.000000	,-0.500000	,10.000000	,0.000000	,0.500000	,4.000000	,186.500000	,
-252.000000	,-171.000000	,-181.000000	,-195.000000	,-185.500000	,-164.000000	,-170.000000	,-161.500000	,-181.000000	,-201.500000	,-195.000000	,-192.000000	,-192.000000	,-183.500000	,-187.000000	,-200.500000	,-194.500000	,-191.000000	,-177.000000	,-175.500000	,-180.000000	,-187.500000	,-198.500000	,-191.500000	,-189.000000	,-170.500000	,-177.000000	,-192.000000	,-197.000000	,-192.000000	,-173.000000	,-184.500000	,-196.500000	,-169.000000	,-181.000000	,-188.500000	,-190.000000	,-185.500000	,-186.500000	,-185.000000	,-193.500000	,-189.000000	,-186.500000	,-163.000000	,-169.000000	,-195.000000	,-176.500000	,-173.000000	,-183.000000	,-194.500000	,-191.500000	,-190.500000	,-191.500000	,-193.500000	,-179.000000	,-179.500000	,-183.000000	,-168.000000	,-182.000000	,-179.000000	,-184.000000	,-180.500000	,-184.500000	,-193.500000	,-177.000000	,-182.500000	,-187.000000	,-190.500000	,-188.000000	,-166.000000	,-183.000000	,-195.000000	,-191.000000	,-192.000000	,-192.000000	,-191.500000	,-192.000000	,-181.500000	,-178.000000	,-190.000000	,-194.000000	,-190.500000	,-193.500000	,-178.500000	,-185.500000	,-174.000000	,-187.000000	,-205.500000	,-191.500000	,-189.000000	,-171.000000	,-172.500000	,-190.500000	,-193.000000	,-192.000000	,-193.000000	,-177.500000	,-190.000000	,-183.500000	,-184.000000	,-191.000000	,-180.500000	,-178.000000	,-181.500000	,-182.000000	,-192.500000	,-192.000000	,-184.500000	,-186.000000	,-196.000000	,-186.000000	,-176.000000	,-181.000000	,-189.500000	,-181.000000	,-184.500000	,-196.500000	,-194.500000	,-188.000000	,-192.000000	,-196.000000	,-192.000000	,-181.500000	,-185.000000	,-188.000000	,-188.500000	,-192.500000	,-195.500000	,-192.000000	,-192.000000	,-175.500000	,-173.500000	,-179.500000	,-190.000000	,-196.500000	,-192.000000	,-187.000000	,-187.500000	,-186.500000	,-192.000000	,-195.500000	,-182.000000	,-187.500000	,-189.500000	,-187.000000	,-189.500000	,-191.000000	,-187.000000	,-161.500000	,-182.500000	,-187.000000	,-178.500000	,-171.000000	,-187.500000	,-190.000000	,-191.000000	,-192.000000	,-182.000000	,-187.500000	,-183.000000	,-189.000000	,-175.000000	,-173.500000	,-183.000000	,-183.000000	,-194.000000	,-195.000000	,-188.000000	,-190.000000	,-191.000000	,-192.000000	,-193.000000	,-192.000000	,-192.000000	,-182.000000	,-189.000000	,-199.000000	,-192.000000	,-193.000000	,-190.000000	,-191.500000	,-183.000000	,-189.000000	,-190.000000	,-190.500000	,-190.500000	,-187.000000	,-188.000000	,-192.000000	,-193.500000	,-180.500000	,-176.000000	,-189.500000	,-190.000000	,-183.500000	,-189.000000	,-182.000000	,-176.500000	,-185.500000	,-193.000000	,-193.500000	,-169.500000	,-183.500000	,-197.500000	,-191.000000	,-187.500000	,-190.500000	,-181.500000	,-187.000000	,-189.000000	,-186.500000	,-186.000000	,-191.500000	,-190.000000	,-173.500000	,-185.500000	,-190.000000	,-185.000000	,-186.500000	,-181.000000	,-185.500000	,-186.500000	,-192.000000	,-196.000000	,-191.500000	,-184.500000	,-189.000000	,-192.500000	,-188.500000	,-189.500000	,-191.500000	,-190.500000	,-186.500000	,-188.500000	,-185.000000	,-186.500000	,-192.000000	,-192.000000	,-184.500000	,0.000000	,
